1	1	0   *
2	1	1  *
3	2	0   *
4	0	0   *
5	2	1    *
6	1	0   *
7	1	0   *
8	2	1   *
9	0	0   *
10	2	1   *
11	2	1   *
12	2	1   *
13	0	1   *
14	1	0   *
15	2	0   *
16	0	0   *
17	0	0  *
18	0	1 *
19	0	0 *
20	2	1 *
21	0	0 *
22	2	0 *
23	1	1 *
24	2	1 *
25	1	0 *
26	1	0 *
27	0	1 *
28	0	1 *
29	2	1 *
30	0	0 *
31	0	0 *
32	0	1 *
33	0	0 *
34	0	1 *
35	1	1 *
36	0	1 *
37	0	0 *
38	2	1 *
39	0	0 *
40	2	0 *
41	1	1 *
42	2	1 *
43	0	0 *
44	1	0 *
45	0	1 *
46	0	0 *
47	1	1 *
48	2	1 *
49	0	0 *
50	1	0 *
51	0	1 *
52	0	0 *
53	2	1 *
54	2	0 *
55	0	1 *
56	1	0 *
57	1	0 *
58	0	0 *
59	1	1 *
60	1	0 *
61	0	1 *
62	0	1 *
63	2	0 *
64	2	0 *
65	1	1 *
66	0	0 *
67	0	1 *
68	2	1 *
69	0	0 *
70	1	1  *
71	1	0 *
72	2	0 *
73	2	0 *
74	1	0 *
75	0	0 *
76	2	0 *
77	2	1 *
78	1	1 *
79	2	0 *
80	0	1  *
81	2	0  *
82	1	0 *
83	0	1 *
84	0	1 *
85	1	0 *
86	0	1 *
87	1	1 *
88	2	1 *
89	1	0 *
90	0	1 *
91	0	1 *
92	1	1 *
93	0	0 *
94	0	0 *
95	0	0 *
96	0	0 *
97	2	0 *
98	0	1 *
99	0	0 *
100	2	1 *
101	0	0 *
102	0	1 *
103	2	0 *
104	0	0 *
105	0	0 *
106	0	1  *
107	1	1 *
108	0	0 *
109	2	1 *
110	2	1 *
111	2	1 *
112	1	1 *
113	1	1 *
114	1	1 *
115	0	1 *
116	1	1 *
117	1	0 *
118	2	0 *
119	1	0 *
120	0	1 *
121	0	1 *
122	2	0 *
123	1	1 *
124	2	0 *
125	0	1 *
126	0	0 *
127	2	1 *
128	2	0 *
129	1	1 *
130	1	0 *
131	0	1 *
132	2	0 *
133	0	1 *
134	0	1 *
135	1	0 *
136	0	1 *
137	1	1 *
138	2	0 *
139	1	1 *
140	0	0 *


























































































































































































































































































































































































































































