vp,count_loop,time_loop,count_trial_seq,time_trial_seq,stimfile,screenpos,hochtief,istargettrial,response,channel,stim_onset_os_timestamp,stim_onset_pupil_timestamp
vp,count_loop,time_loop,count_trial_seq,time_trial_seq,stimfile,screenpos,hochtief,istargettrial,response,channel,stim_onset_os_timestamp,stim_onset_pupil_timestamp
2,0,249601,0,252605,Pokemon_11.png,2,0,None,2,260310.0,241.4561480281991

2,0,249601,0,252605,Gogo4.png,3,0,None,2,261895.0,243.01319254073314

2,0,249601,0,252605,Gogo13.png,4,0,None,2,263449.0,244.57636321679456

2,0,249601,0,252605,Pokemon_9.png,1,0,None,2,265008.0,246.13010251848027

2,0,249601,0,252605,Gogo29.png,3,0,None,2,266567.0,247.7503752458142

2,0,249601,0,252605,Pokemon_16.png,4,0,None,2,268181.0,249.30916053801775

2,0,249601,0,252605,Tangela.png,3,0,None,2,269742.0,250.8703161146259

2,0,249601,0,252605,Gogo24.png,4,1,space,2,271308.0,252.43631707382156

2,0,249601,0,252605,Gogo20.png,1,0,None,2,272871.0,254.01158238953212

2,0,249601,0,252605,Gogo55.png,2,0,None,2,274448.0,255.57892913284013

2,0,249601,0,252605,Skiploon.png,2,0,None,2,276011.0,257.13792560773436

2,0,249601,0,252605,Gogo14.png,2,0,None,2,277586.0,258.7140151268104

2,0,249601,0,252605,Pokemon_13.png,2,0,None,2,279147.0,260.3289843389066

2,0,249601,0,252605,Gogo40.png,2,0,None,2,280766.0,261.89332849386847

2,0,249601,0,252605,Pokemon_3.png,4,0,None,2,282326.0,263.45296753634466

2,0,249601,0,252605,Gogo53.png,1,0,None,2,283894.0,265.01611550792586

2,0,249601,0,252605,Pokemon_5.png,1,0,None,2,285446.0,266.575179785199

2,0,249601,0,252605,Gogo48.png,1,0,None,2,287019.0,268.1370727905305

2,0,249601,0,252605,Dunsparce.png,3,0,None,2,288571.0,269.6929030805477

2,0,249601,0,252605,Tentacool.png,3,0,None,2,290127.0,271.25443094823277

2,0,249601,0,252605,Gogo24.png,2,1,space,2,291692.0,272.8146086775814

2,0,249601,0,252605,Gogo28.png,3,0,None,2,293253.0,274.37569023144897

2,0,249601,0,252605,Dratini.png,2,0,None,2,294804.0,275.92911789094796

2,0,249601,0,252605,Gogo52.png,4,0,None,2,296368.0,277.4903673956287

2,0,249601,1,298004,Pokemon_8.png,4,0,None,4,298034.0,279.1560356877162

2,0,249601,1,298004,Gogo60.png,1,0,None,4,299596.0,280.7747178581194

2,0,249601,1,298004,Gogo5.png,2,0,None,4,301210.0,282.3371850065887

2,0,249601,1,298004,Pokemon_12.png,3,0,None,4,302770.0,283.89747190399794

2,0,249601,1,298004,Gogo31.png,4,0,None,4,304335.0,285.46208104811376

2,0,249601,1,298004,Pokemon_21.png,2,0,None,4,305892.0,287.0144347551395

2,0,249601,1,298004,Gogo21.png,2,0,None,4,307450.0,288.57234576978954

2,0,249601,1,298004,Omanyte.png,2,0,None,4,309001.0,290.1339050505194

2,0,249601,1,298004,Muschas.png,4,0,None,4,310566.0,291.69153210381046

2,0,249601,1,298004,Gogo15.png,3,0,None,4,312130.0,293.25738346233265

2,0,249601,1,298004,Paras.png,2,0,None,4,313688.0,294.8061675913632

2,0,249601,1,298004,Gogo24.png,1,1,space,4,315244.0,296.37558541767066

2,0,249601,1,298004,Gogo43.png,3,0,None,4,316808.0,297.9357314229128

2,0,249601,1,298004,Pokemon_20.png,3,0,None,4,318369.0,299.49090390536

2,0,249601,1,298004,Gogo19.png,4,0,None,4,319938.0,301.07662851695204

2,0,249601,1,298004,Pokemon_17.png,3,0,None,4,321507.0,302.64993564994074

2,0,249601,1,298004,Gogo50.png,3,0,None,4,323085.0,304.2068809471093

2,0,249601,1,298004,Pokemon_22.png,3,0,None,4,324638.0,305.756102681451

2,0,249601,1,298004,Gogo36.png,2,0,None,4,326256.0,307.378582407604

2,0,249601,1,298004,Froakie.png,3,0,None,4,327813.0,308.94020078214817

2,0,249601,1,298004,Gogo17.png,3,0,None,4,329388.0,310.5417886642972

2,0,249601,1,298004,Viscora.png,2,0,None,4,330973.0,312.1004156473209

2,0,249601,1,298004,Gogo24.png,1,1,space,4,332536.0,313.65419693669537

2,0,249601,1,298004,Gogo26.png,4,0,None,4,334091.0,315.2181146830553

2,0,249601,2,335755,Gogo2.png,4,0,None,1,335787.0,316.9178194627748

2,0,249601,2,335755,Pokemon_4.png,3,0,None,1,337351.0,318.5045552008087

2,0,249601,2,335755,Pokemon_1.png,1,0,None,1,338939.0,320.06657323625404

2,0,249601,2,335755,Gogo38.png,2,0,None,1,340505.0,321.6231462422875

2,0,249601,2,335755,Gogo12.png,2,0,None,1,342061.0,323.18856217263965

2,0,249601,2,335755,Pokemon_14.png,2,0,None,1,343625.0,324.74301308835857

2,0,249601,2,335755,Gogo24.png,4,1,space,1,345182.0,326.3046432816773

2,0,249601,2,335755,Florges.png,3,0,None,1,346738.0,327.85557500470895

2,0,249601,2,335755,Gogo39.png,2,0,None,1,348292.0,329.4151944529149

2,0,249601,2,335755,Deliciousrock.png,4,0,None,1,349850.0,330.9673873624997

2,0,249601,2,335755,Gogo41.png,1,0,None,1,351407.0,332.5351319005131

2,0,249601,2,335755,Gogo47.png,4,0,None,1,352976.0,334.10409625951434

2,0,249601,2,335755,Pokemon_23.png,3,0,None,1,354538.0,335.6664626374841

2,0,249601,2,335755,Gogo7.png,1,0,None,1,356103.0,337.225369538588

2,0,249601,2,335755,Pokemon_2.png,3,0,None,1,357657.0,338.77888366166735

2,0,249601,2,335755,Gogo45.png,1,0,space,1,359217.0,340.34418886882486

2,0,249601,2,335755,Gogo9.png,1,0,None,1,360797.0,341.9691362286685

2,0,249601,2,335755,Pokemon_19.png,2,0,None,1,362403.0,343.5262171305949

2,0,249601,2,335755,Purmel.png,2,0,None,1,363959.0,345.08155072148656

2,0,249601,2,335755,Gogo56.png,1,0,None,1,365519.0,346.6464030833449

2,0,249601,2,335755,Galaxagos.png,2,0,None,1,367075.0,348.195437894552

2,0,249601,2,335755,Sabbaione.png,2,0,None,1,368627.0,349.74908793350914

2,0,249601,2,335755,Gogo54.png,3,0,None,1,370191.0,351.3182096686214

2,0,249601,2,335755,Gogo24.png,3,1,space,1,371760.0,352.88187082338845

2,0,249601,3,373410,Gogo32.png,2,0,None,5,373445.0,354.5725233622943

2,0,249601,3,373410,Pokemon_24.png,2,0,None,5,375003.0,356.1426988336025

2,0,249601,3,373410,Gogo44.png,1,0,None,5,376582.0,357.70896633702796

2,0,249601,3,373410,Pokemon_18.png,4,0,None,5,378142.0,359.2832217704272

2,0,249601,3,373410,Pokemon_7.png,3,0,None,5,379718.0,360.84018697286956

2,0,249601,3,373410,Gogo30.png,1,0,None,5,381280.0,362.4095509927138

2,0,249601,3,373410,Parasek.png,2,0,None,5,382844.0,363.96715378639055

2,0,249601,3,373410,Gogo33.png,2,0,None,5,384404.0,365.5618407539441

2,0,249601,3,373410,Gogo6.png,1,0,None,5,386053.0,367.18092414032435

2,0,249601,3,373410,Rihorn.png,1,0,None,5,387615.0,368.74305352097144

2,0,249601,3,373410,Gogo58.png,3,0,None,5,389181.0,370.29852302762447

2,0,249601,3,373410,Kabuto.png,2,0,None,5,390749.0,371.87634181859903

2,0,249601,3,373410,Gogo37.png,4,0,None,5,392317.0,373.4652298159199

2,0,249601,3,373410,Pokemon_15.png,4,0,None,5,393900.0,375.0279958547326

2,0,249601,3,373410,Gogo27.png,3,0,None,5,395468.0,376.62261688604485

2,0,249601,3,373410,Pokemon_6.png,4,0,None,5,397057.0,378.18021097115707

2,0,249601,3,373410,Gogo18.png,1,0,None,5,398618.0,379.76546563132433

2,0,249601,3,373410,Pokemon_10.png,1,0,None,5,400201.0,381.32919241138734

2,0,249601,3,373410,Puponcho.png,3,0,None,5,401763.0,382.8853573590168

2,0,249601,3,373410,Gogo34.png,4,0,None,5,403384.0,384.50709685729817

2,0,249601,3,373410,Wiesenior.png,1,0,None,5,404937.0,386.0614361168118

2,0,249601,3,373410,Gogo24.png,1,1,space,5,406502.0,387.62989475700306

2,0,249601,3,373410,Gogo16.png,2,0,None,5,408070.0,389.1924390384811

2,0,249601,3,373410,Gogo24.png,3,1,space,5,409633.0,390.76090483221924

2,0,249601,4,420703,Gogo60.png,4,0,None,4,426456.0,407.5833387761959

2,0,249601,4,420703,Pokemon_8.png,3,0,None,4,428016.0,409.1436253626016

2,0,249601,4,420703,Gogo5.png,4,0,None,4,429576.0,410.6948310942971

2,0,249601,4,420703,Pokemon_12.png,3,0,None,4,431130.0,412.25306992419064

2,0,249601,4,420703,Pokemon_21.png,2,0,None,4,432686.0,413.8768329193699

2,0,249601,4,420703,Gogo31.png,3,0,None,4,434316.0,415.443675499002

2,0,249601,4,420703,Omanyte.png,2,0,None,4,435877.0,417.0417193068424

2,0,249601,4,420703,Gogo21.png,3,0,None,4,437476.0,418.61060497770086

2,0,249601,4,420703,Gogo10.png,2,1,space,4,439043.0,420.17023313447135

2,0,249601,4,420703,Muschas.png,3,0,None,4,440603.0,421.73101642000256

2,0,249601,4,420703,Gogo15.png,3,0,None,4,442166.0,423.295326673775

2,0,249601,4,420703,Paras.png,4,0,None,4,443729.0,424.85027242254

2,0,249601,4,420703,Pokemon_20.png,2,0,None,4,445285.0,426.40770322212484

2,0,249601,4,420703,Gogo43.png,3,0,None,4,446841.0,427.99257470550947

2,0,249601,4,420703,Gogo19.png,3,0,None,4,448430.0,429.55735522171017

2,0,249601,4,420703,Pokemon_17.png,4,0,None,4,449989.0,431.1777859472204

2,0,249601,4,420703,Gogo50.png,2,0,None,4,451615.0,432.7516728217597

2,0,249601,4,420703,Pokemon_22.png,3,0,None,4,453185.0,434.3732309952611

2,0,249601,4,420703,Gogo36.png,1,0,None,4,454816.0,435.94287057896145

2,0,249601,4,420703,Gogo10.png,2,1,space,4,456378.0,437.5059936688631

2,0,249601,4,420703,Gogo17.png,1,0,None,4,457942.0,439.06409844907466

2,0,249601,4,420703,Froakie.png,3,0,None,4,459500.0,440.6281020370079

2,0,249601,4,420703,Gogo26.png,3,0,None,4,461065.0,442.1829426609329

2,0,249601,4,420703,Viscora.png,4,0,None,4,462615.0,443.73740477341926

2,0,249601,5,464215,Pokemon_4.png,4,0,None,1,464247.0,445.3707440783619

2,0,249601,5,464215,Gogo2.png,2,0,None,1,465810.0,446.9374644270865

2,0,249601,5,464215,Pokemon_1.png,2,0,None,1,467370.0,448.4980629666825

2,0,249601,5,464215,Gogo38.png,1,0,None,1,468939.0,450.06665379041806

2,0,249601,5,464215,Gogo12.png,3,0,None,1,470503.0,451.6319518441451

2,0,249601,5,464215,Pokemon_14.png,4,0,None,1,472066.0,453.18864365987247

2,0,249601,5,464215,Gogo39.png,2,0,None,1,473630.0,454.7568870742107

2,0,249601,5,464215,Gogo10.png,1,1,space,1,475192.0,456.38534522923874

2,0,249601,5,464215,Florges.png,4,0,None,1,476817.0,457.9447671796661

2,0,249601,5,464215,Gogo41.png,3,0,None,1,478385.0,459.50749869528227

2,0,249601,5,464215,Deliciousrock.png,2,0,None,1,479940.0,461.0685339071206

2,0,249601,5,464215,Gogo47.png,4,0,None,1,481507.0,462.63126075739274

2,0,249601,5,464215,Gogo7.png,4,0,None,1,483070.0,464.19683313084533

2,0,249601,5,464215,Pokemon_23.png,1,0,None,1,484630.0,465.75888226833194

2,0,249601,5,464215,Gogo45.png,1,0,None,1,486194.0,467.32147786812857

2,0,249601,5,464215,Pokemon_2.png,1,0,None,1,487758.0,468.8806199004175

2,0,249601,5,464215,Gogo9.png,3,0,None,1,489320.0,470.44320554763544

2,0,249601,5,464215,Pokemon_19.png,4,0,None,1,490876.0,472.03274979739217

2,0,249601,5,464215,Purmel.png,2,0,None,1,492466.0,473.6032969377702

2,0,249601,5,464215,Gogo10.png,4,1,space,1,494037.0,475.1594394919812

2,0,249601,5,464215,Gogo56.png,4,0,None,1,495602.0,476.7295655111084

2,0,249601,5,464215,Galaxagos.png,2,0,None,1,497164.0,478.29138511570636

2,0,249601,5,464215,Gogo54.png,1,0,None,1,498731.0,479.88362870918354

2,0,249601,5,464215,Sabbaione.png,2,0,None,1,500316.0,481.44318408722756

2,0,249601,6,501972,Gogo4.png,3,0,None,2,502009.0,483.1314119132003

2,0,249601,6,501972,Pokemon_11.png,3,0,None,2,503563.0,484.691008656926

2,0,249601,6,501972,Gogo13.png,3,0,None,2,505127.0,486.2546048085205

2,0,249601,6,501972,Pokemon_9.png,4,0,None,2,506689.0,487.8167205042555

2,0,249601,6,501972,Gogo29.png,4,0,None,2,508257.0,489.378813806572

2,0,249601,6,501972,Pokemon_16.png,1,0,None,2,509810.0,490.9840891433414

2,0,249601,6,501972,Gogo20.png,1,0,None,2,511422.0,492.5495511046611

2,0,249601,6,501972,Tangela.png,3,0,None,2,512982.0,494.109679070767

2,0,249601,6,501972,Gogo10.png,4,1,space,2,514548.0,495.6696910263854

2,0,249601,6,501972,Skiploon.png,2,0,None,2,516105.0,497.2277510197018

2,0,249601,6,501972,Gogo55.png,2,0,None,2,517665.0,498.79272156918887

2,0,249601,6,501972,Dunsparce.png,4,0,None,2,519228.0,500.3498761829105

2,0,249601,6,501972,Pokemon_13.png,3,0,None,2,520787.0,501.9145708575379

2,0,249601,6,501972,Gogo40.png,1,0,None,2,522353.0,503.5265891106683

2,0,249601,6,501972,Gogo53.png,2,0,None,2,523968.0,505.09084929025266

2,0,249601,6,501972,Pokemon_3.png,2,0,None,2,525524.0,506.6465872072731

2,0,249601,6,501972,Pokemon_5.png,1,0,None,2,527083.0,508.2051600727136

2,0,249601,6,501972,Gogo48.png,2,0,None,2,528645.0,509.76798955968115

2,0,249601,6,501972,Gogo14.png,3,0,None,2,530209.0,511.35103504388826

2,0,249601,6,501972,Tentacool.png,2,0,None,2,531784.0,512.9072037237929

2,0,249601,6,501972,Gogo28.png,2,0,None,2,533347.0,514.469224247383

2,0,249601,6,501972,Dratini.png,2,0,None,2,534903.0,516.0264426202048

2,0,249601,6,501972,Gogo52.png,3,0,None,2,536468.0,517.6013434203342

2,0,249601,6,501972,Gogo10.png,2,1,space,2,538038.0,519.1657435589586

2,0,249601,7,539706,Gogo32.png,1,0,None,5,539742.0,520.8659733405802

2,0,249601,7,539706,Pokemon_24.png,2,0,None,5,541300.0,522.4276999501744

2,0,249601,7,539706,Gogo44.png,2,0,None,5,542866.0,523.9871632662835

2,0,249601,7,539706,Pokemon_18.png,1,0,None,5,544423.0,525.550943541748

2,0,249601,7,539706,Pokemon_7.png,2,0,None,5,545986.0,527.1138806417002

2,0,249601,7,539706,Gogo30.png,4,0,None,5,547558.0,528.6761524695321

2,0,249601,7,539706,Gogo10.png,4,1,space,5,549115.0,530.2487573191174

2,0,249601,7,539706,Gogo33.png,3,0,None,5,550689.0,531.8112869826145

2,0,249601,7,539706,Parasek.png,1,0,None,5,552245.0,533.3700296651223

2,0,249601,7,539706,Gogo6.png,2,0,None,5,553807.0,534.9301439463161

2,0,249601,7,539706,Rihorn.png,1,0,None,5,555365.0,536.4882866709959

2,0,249601,7,539706,Gogo10.png,1,1,space,5,556925.0,538.0544216798735

2,0,249601,7,539706,Pokemon_15.png,1,0,None,5,558494.0,539.6213214871823

2,0,249601,7,539706,Gogo37.png,4,0,None,5,560063.0,541.1870142254629

2,0,249601,7,539706,Gogo27.png,4,0,None,5,561628.0,542.7548228336382

2,0,249601,7,539706,Pokemon_6.png,4,0,None,5,563190.0,544.3187483554939

2,0,249601,7,539706,Gogo18.png,4,0,None,5,564759.0,545.881805820216

2,0,249601,7,539706,Pokemon_10.png,4,0,None,5,566316.0,547.4917050931836

2,0,249601,7,539706,Kabuto.png,1,0,None,5,567928.0,549.0747281839722

2,0,249601,7,539706,Gogo58.png,2,0,None,5,569516.0,550.6430222945637

2,0,249601,7,539706,Gogo34.png,2,0,None,5,571084.0,552.2287335322471

2,0,249601,7,539706,Puponcho.png,1,0,None,5,572664.0,553.7871882101172

2,0,249601,7,539706,Wiesenior.png,1,0,None,5,574219.0,555.343019433145

2,0,249601,7,539706,Gogo16.png,1,0,None,5,575782.0,556.9357140057837

2,0,249601,8,583286,Gogo32.png,4,0,None,5,588315.0,569.442621140799

2,0,249601,8,583286,Pokemon_24.png,2,0,None,5,589875.0,570.9982722831774

2,0,249601,8,583286,Pokemon_18.png,3,0,None,5,591430.0,572.5568588335882

2,0,249601,8,583286,Gogo44.png,2,0,None,5,592998.0,574.1249669541139

2,0,249601,8,583286,Gogo30.png,3,0,None,5,594566.0,575.6999990047188

2,0,249601,8,583286,Pokemon_7.png,1,0,None,5,596134.0,577.2572674517869

2,0,249601,8,583286,Grebbit.png,3,1,space,5,597692.0,578.8147284203442

2,0,249601,8,583286,Parasek.png,1,0,None,5,599246.0,580.3729918207973

2,0,249601,8,583286,Gogo33.png,2,0,None,5,600815.0,581.9325129866484

2,0,249601,8,583286,Gogo6.png,4,0,None,5,602368.0,583.495158971753

2,0,249601,8,583286,Rihorn.png,1,0,None,5,603930.0,585.0528528943541

2,0,249601,8,583286,Kabuto.png,3,0,None,5,605488.0,586.6099337962805

2,0,249601,8,583286,Gogo37.png,3,0,None,5,607055.0,588.1725741829723

2,0,249601,8,583286,Pokemon_15.png,1,0,None,5,608607.0,589.7350789649063

2,0,249601,8,583286,Pokemon_6.png,1,0,None,5,610168.0,591.2959994103294

2,0,249601,8,583286,Gogo27.png,1,0,None,5,611736.0,592.8584814877831

2,0,249601,8,583286,Gogo18.png,4,0,None,5,613299.0,594.4170425345073

2,0,249601,8,583286,Pokemon_10.png,3,0,None,5,614850.0,595.9731661164551

2,0,249601,8,583286,Grebbit.png,2,1,space,5,616408.0,597.5357194175594

2,0,249601,8,583286,Gogo58.png,3,0,None,5,617977.0,599.1043749335222

2,0,249601,8,583286,Gogo34.png,3,0,None,5,619546.0,600.6640360584133

2,0,249601,8,583286,Puponcho.png,3,0,None,5,621099.0,602.2276611348498

2,0,249601,8,583286,Gogo16.png,3,0,None,5,622670.0,603.7918631536304

2,0,249601,8,583286,Wiesenior.png,1,0,None,5,624224.0,605.3533844899503

2,0,249601,9,625887,Pokemon_8.png,4,0,None,4,625918.0,607.0552293991204

2,0,249601,9,625887,Gogo60.png,3,0,None,4,627498.0,608.620896944718

2,0,249601,9,625887,Pokemon_12.png,4,0,None,4,629055.0,610.1816192702972

2,0,249601,9,625887,Gogo5.png,2,0,None,4,630621.0,611.7485924783978

2,0,249601,9,625887,Gogo31.png,2,0,None,4,632187.0,613.3143971838872

2,0,249601,9,625887,Pokemon_21.png,3,0,None,4,633748.0,614.8749863928533

2,0,249601,9,625887,Gogo21.png,4,0,None,4,635314.0,616.4320974637521

2,0,249601,9,625887,Omanyte.png,3,0,None,4,636865.0,617.9932001669658

2,0,249601,9,625887,Gogo15.png,1,0,None,4,638430.0,619.5578254841384

2,0,249601,9,625887,Muschas.png,4,0,None,4,639991.0,621.1134520559572

2,0,249601,9,625887,Grebbit.png,2,1,space,4,641549.0,622.6741504329839

2,0,249601,9,625887,Gogo36.png,3,0,None,4,643115.0,624.2428367399261

2,0,249601,9,625887,Pokemon_20.png,4,0,None,4,644679.0,625.8069936608081

2,0,249601,9,625887,Gogo43.png,2,0,None,4,646243.0,627.365072315326

2,0,249601,9,625887,Gogo19.png,1,0,None,4,647800.0,628.917723357561

2,0,249601,9,625887,Pokemon_17.png,2,0,None,4,649349.0,630.4762561014504

2,0,249601,9,625887,Pokemon_22.png,2,0,None,4,650912.0,632.0399200554239

2,0,249601,9,625887,Gogo50.png,2,0,None,4,652481.0,633.6032487296616

2,0,249601,9,625887,Paras.png,3,0,None,4,654039.0,635.20018250664

2,0,249601,9,625887,Grebbit.png,3,1,space,4,655635.0,636.7577769027557

2,0,249601,9,625887,Gogo17.png,2,0,None,4,657195.0,638.3173556073452

2,0,249601,9,625887,Froakie.png,1,0,None,4,658750.0,639.8774667783873

2,0,249601,9,625887,Gogo26.png,3,0,None,4,660316.0,641.4554933307809

2,0,249601,9,625887,Viscora.png,4,0,None,4,661891.0,643.0132311072666

2,0,249601,10,663494,Pokemon_4.png,2,0,None,1,663526.0,644.6537332056905

2,0,249601,10,663494,Gogo2.png,1,0,None,1,665090.0,646.2118690878851

2,0,249601,10,663494,Pokemon_1.png,3,0,None,1,666648.0,647.7657978008501

2,0,249601,10,663494,Gogo38.png,1,0,None,1,668208.0,649.3350209285272

2,0,249601,10,663494,Gogo12.png,1,0,None,1,669774.0,650.9016859157127

2,0,249601,10,663494,Pokemon_14.png,1,0,None,1,671336.0,652.4633366363705

2,0,249601,10,663494,Florges.png,4,0,None,1,672898.0,654.0367479611305

2,0,249601,10,663494,Grebbit.png,1,1,space,1,674471.0,655.5932267280878

2,0,249601,10,663494,Gogo39.png,3,0,None,1,676034.0,657.1558341466589

2,0,249601,10,663494,Grebbit.png,2,1,space,1,677593.0,658.7204177871463

2,0,249601,10,663494,Deliciousrock.png,4,0,None,1,679155.0,660.2825736044906

2,0,249601,10,663494,Gogo41.png,4,0,None,1,680720.0,661.8393214038806

2,0,249601,10,663494,Pokemon_23.png,3,0,None,1,682278.0,663.4005870816181

2,0,249601,10,663494,Gogo7.png,1,0,None,1,683839.0,664.9764896775596

2,0,249601,10,663494,Pokemon_2.png,3,0,None,1,685410.0,666.5327936512185

2,0,249601,10,663494,Gogo45.png,1,0,None,1,686973.0,668.1005450316588

2,0,249601,10,663494,Gogo9.png,4,0,None,1,688539.0,669.696901244286

2,0,249601,10,663494,Pokemon_19.png,1,0,None,1,690132.0,671.2593173854984

2,0,249601,10,663494,Gogo47.png,4,0,None,1,691700.0,672.8257242258987

2,0,249601,10,663494,Purmel.png,4,0,None,1,693259.0,674.3870287811733

2,0,249601,10,663494,Gogo56.png,2,0,None,1,694829.0,675.9571837252006

2,0,249601,10,663494,Galaxagos.png,1,0,None,1,696389.0,677.5842429117183

2,0,249601,10,663494,Gogo54.png,2,0,None,1,698026.0,679.1478729644441

2,0,249601,10,663494,Sabbaione.png,2,0,None,1,699581.0,680.7035477443715

2,0,249601,11,701242,Pokemon_11.png,3,0,None,2,701273.0,682.4723300943733

2,0,249601,11,701242,Gogo4.png,2,0,None,2,702912.0,684.0393166763242

2,0,249601,11,701242,Gogo13.png,1,0,None,2,704481.0,685.6090215742588

2,0,249601,11,701242,Pokemon_9.png,2,0,None,2,706046.0,687.1742788843112

2,0,249601,11,701242,Gogo29.png,4,0,None,2,707617.0,688.7397501762025

2,0,249601,11,701242,Pokemon_16.png,4,0,None,2,709174.0,690.3073494678247

2,0,249601,11,701242,Gogo20.png,4,0,None,2,710748.0,691.874928854173

2,0,249601,11,701242,Tangela.png,4,0,None,2,712313.0,693.4494315485354

2,0,249601,11,701242,Skiploon.png,1,0,None,2,713883.0,695.0113550338428

2,0,249601,11,701242,Gogo55.png,1,0,None,2,715452.0,696.5744476438267

2,0,249601,11,701242,Grebbit.png,4,1,space,2,717011.0,698.2010801106808

2,0,249601,11,701242,Dunsparce.png,2,0,None,2,718639.0,699.7671432739007

2,0,249601,11,701242,Gogo40.png,4,0,None,2,720210.0,701.3372696040897

2,0,249601,11,701242,Pokemon_13.png,2,0,None,2,721774.0,702.9021291193785

2,0,249601,11,701242,Pokemon_3.png,2,0,None,2,723339.0,704.4664611445623

2,0,249601,11,701242,Gogo53.png,4,0,None,2,724908.0,706.0958968359046

2,0,249601,11,701242,Gogo48.png,2,0,None,2,726534.0,707.6513666535611

2,0,249601,11,701242,Pokemon_5.png,3,0,None,2,728088.0,709.2161213550717

2,0,249601,11,701242,Grebbit.png,3,1,space,2,729654.0,710.7767727680621

2,0,249601,11,701242,Gogo14.png,3,0,None,2,731217.0,712.344883998856

2,0,249601,11,701242,Gogo28.png,4,0,None,2,732789.0,713.917029160657

2,0,249601,11,701242,Tentacool.png,3,0,None,2,734353.0,715.4806473946082

2,0,249601,11,701242,Gogo52.png,2,0,None,2,735925.0,717.042848620913

2,0,249601,11,701242,Dratini.png,1,0,None,2,737477.0,718.5993541356293

2,0,249601,12,745049,Pokemon_24.png,2,0,None,5,751448.0,732.6216194445151

2,0,249601,12,745049,Gogo32.png,4,0,None,5,753065.0,734.1881049730582

2,0,249601,12,745049,Pokemon_18.png,3,0,None,5,754620.0,735.7475658009644

2,0,249601,12,745049,Gogo44.png,1,0,None,5,756187.0,737.3143085431657

2,0,249601,12,745049,Gogo30.png,3,0,None,5,757757.0,738.8848419986898

2,0,249601,12,745049,Pokemon_7.png,4,0,None,5,759321.0,740.4434752020752

2,0,249601,12,745049,Gogo46.png,1,1,space,5,760885.0,742.0131340689841

2,0,249601,12,745049,Gogo33.png,2,0,None,5,762452.0,743.575450061704

2,0,249601,12,745049,Parasek.png,1,0,None,5,764007.0,745.209675151913

2,0,249601,12,745049,Gogo46.png,2,1,space,5,765648.0,746.765807753487

2,0,249601,12,745049,Gogo6.png,2,0,None,5,767207.0,748.3352781421854

2,0,249601,12,745049,Rihorn.png,4,0,None,5,768769.0,749.8959917592001

2,0,249601,12,745049,Pokemon_15.png,4,0,None,5,770334.0,751.4566605893197

2,0,249601,12,745049,Gogo37.png,3,0,None,5,771897.0,753.024188968353

2,0,249601,12,745049,Gogo27.png,2,0,None,5,773465.0,754.5878295958391

2,0,249601,12,745049,Pokemon_6.png,3,0,None,5,775022.0,756.1498874418321

2,0,249601,12,745049,Gogo18.png,1,0,None,5,776592.0,757.7145687426091

2,0,249601,12,745049,Pokemon_10.png,4,0,None,5,778150.0,759.3232684109826

2,0,249601,12,745049,Gogo58.png,4,0,None,5,779767.0,760.8846015800955

2,0,249601,12,745049,Kabuto.png,2,0,None,5,781318.0,762.4459664732567

2,0,249601,12,745049,Gogo34.png,4,0,None,5,782885.0,764.0125338000944

2,0,249601,12,745049,Puponcho.png,2,0,None,5,784447.0,765.5751589468564

2,0,249601,12,745049,Wiesenior.png,3,0,None,5,786011.0,767.133194991562

2,0,249601,12,745049,Gogo16.png,4,0,None,5,787577.0,768.7003031824133

2,0,249601,13,789241,Pokemon_8.png,2,0,None,4,789272.0,770.4408682313515

2,0,249601,13,789241,Gogo60.png,4,0,None,4,790891.0,772.0136354333954

2,0,249601,13,789241,Gogo5.png,4,0,None,4,792450.0,773.5721069063293

2,0,249601,13,789241,Pokemon_12.png,2,0,None,4,794007.0,775.1357120774919

2,0,249601,13,789241,Pokemon_21.png,1,0,None,4,795573.0,776.6953293485567

2,0,249601,13,789241,Gogo31.png,4,0,None,4,797134.0,778.2570503597381

2,0,249601,13,789241,Gogo21.png,4,0,None,4,798696.0,779.8181418662425

2,0,249601,13,789241,Gogo46.png,4,1,space,4,800258.0,781.3852786709322

2,0,249601,13,789241,Omanyte.png,3,0,None,4,801818.0,782.945205718046

2,0,249601,13,789241,Muschas.png,1,0,None,4,803380.0,784.5033011676278

2,0,249601,13,789241,Gogo15.png,3,0,None,4,804945.0,786.1233390747802

2,0,249601,13,789241,Paras.png,4,0,None,4,806566.0,787.688825295656

2,0,249601,13,789241,Gogo43.png,3,0,None,4,808133.0,789.2548306091339

2,0,249601,13,789241,Pokemon_20.png,1,0,None,4,809691.0,790.8184242725256

2,0,249601,13,789241,Pokemon_17.png,3,0,None,4,811253.0,792.376141521614

2,0,249601,13,789241,Gogo19.png,2,0,None,4,812818.0,793.9448393363273

2,0,249601,13,789241,Gogo50.png,1,0,None,4,814385.0,795.5075661866576

2,0,249601,13,789241,Pokemon_22.png,4,0,None,4,815942.0,797.06394667126

2,0,249601,13,789241,Gogo36.png,2,0,None,4,817509.0,798.6366939680302

2,0,249601,13,789241,Gogo17.png,2,0,None,4,819076.0,800.2053096734453

2,0,249601,13,789241,Froakie.png,4,0,None,4,820641.0,801.7636648248299

2,0,249601,13,789241,Viscora.png,1,0,None,4,822200.0,803.375748081191

2,0,249601,13,789241,Gogo26.png,4,0,None,4,823821.0,804.9399189979304

2,0,249601,13,789241,Gogo46.png,1,1,space,4,825383.0,806.5061843242147

2,0,249601,14,826993,Gogo4.png,2,0,None,2,827030.0,808.1627602538792

2,0,249601,14,826993,Pokemon_11.png,1,0,None,2,828600.0,809.7227336430224

2,0,249601,14,826993,Pokemon_9.png,4,0,None,2,830160.0,811.2873549169162

2,0,249601,14,826993,Gogo13.png,2,0,None,2,831727.0,812.8549958852236

2,0,249601,14,826993,Gogo29.png,1,0,None,2,833300.0,814.4226598690148

2,0,249601,14,826993,Pokemon_16.png,1,0,None,2,834859.0,815.9872537731426

2,0,249601,14,826993,Tangela.png,2,0,None,2,836424.0,817.6024892185233

2,0,249601,14,826993,Gogo20.png,1,0,None,2,838043.0,819.1606792181847

2,0,249601,14,826993,Skiploon.png,3,0,None,2,839602.0,820.7251994105754

2,0,249601,14,826993,Gogo55.png,1,0,None,2,841166.0,822.289651178522

2,0,249601,14,826993,Dunsparce.png,3,0,None,2,842725.0,823.8532016100944

2,0,249601,14,826993,Gogo46.png,2,1,space,2,844295.0,825.4227388681611

2,0,249601,14,826993,Pokemon_13.png,1,0,None,2,845862.0,826.995647584321

2,0,249601,14,826993,Gogo40.png,2,0,None,2,847438.0,828.5669567240402

2,0,249601,14,826993,Gogo53.png,4,0,None,2,849012.0,830.1340658479603

2,0,249601,14,826993,Pokemon_3.png,3,0,None,2,850570.0,831.6981447027647

2,0,249601,14,826993,Pokemon_5.png,1,0,None,2,852137.0,833.2647589936387

2,0,249601,14,826993,Gogo48.png,4,0,None,2,853703.0,834.8249591164058

2,0,249601,14,826993,Gogo14.png,1,0,None,2,855266.0,836.3890979980933

2,0,249601,14,826993,Gogo28.png,1,0,None,2,856830.0,837.9576729598339

2,0,249601,14,826993,Gogo46.png,1,1,space,2,858402.0,839.5761635418748

2,0,249601,14,826993,Tentacool.png,4,0,None,2,860014.0,841.1316716150031

2,0,249601,14,826993,Gogo52.png,3,0,None,2,861583.0,842.7109661964932

2,0,249601,14,826993,Dratini.png,3,0,None,2,863148.0,844.2716350266128

2,0,249601,15,864799,Pokemon_4.png,3,0,None,1,864831.0,845.958764640498

2,0,249601,15,864799,Gogo2.png,2,0,None,1,866398.0,847.5252881135093

2,0,249601,15,864799,Gogo38.png,3,0,None,1,867969.0,849.0965568205575

2,0,249601,15,864799,Pokemon_1.png,2,0,None,1,869536.0,850.6580234173452

2,0,249601,15,864799,Pokemon_14.png,4,0,None,1,871098.0,852.2205807616701

2,0,249601,15,864799,Gogo12.png,2,0,None,1,872662.0,853.7896872568526

2,0,249601,15,864799,Gogo46.png,4,1,space,1,874235.0,855.4321058613132

2,0,249601,15,864799,Gogo39.png,1,0,None,1,875877.0,856.9946246391628

2,0,249601,15,864799,Gogo46.png,2,1,space,1,877436.0,858.5541815723409

2,0,249601,15,864799,Florges.png,1,0,None,1,878991.0,860.1121044057072

2,0,249601,15,864799,Deliciousrock.png,4,0,None,1,880555.0,861.6820923319319

2,0,249601,15,864799,Gogo41.png,4,0,None,1,882124.0,863.2462448984734

2,0,249601,15,864799,Gogo7.png,1,0,None,1,883690.0,864.8174498464796

2,0,249601,15,864799,Pokemon_23.png,3,0,None,1,885253.0,866.375947445049

2,0,249601,15,864799,Gogo45.png,2,0,None,1,886820.0,867.9421219534706

2,0,249601,15,864799,Pokemon_2.png,2,0,None,1,888381.0,869.5176945570856

2,0,249601,15,864799,Gogo9.png,1,0,None,1,889961.0,871.0833387761959

2,0,249601,15,864799,Pokemon_19.png,2,0,None,1,891522.0,872.6442610876984

2,0,249601,15,864799,Purmel.png,3,0,None,1,893082.0,874.2102884835913

2,0,249601,15,864799,Gogo47.png,3,0,None,1,894651.0,875.7806194649893

2,0,249601,15,864799,Gogo56.png,3,0,None,1,896223.0,877.3503144102287

2,0,249601,15,864799,Galaxagos.png,1,0,None,1,897786.0,878.9087121714256

2,0,249601,15,864799,Sabbaione.png,2,0,None,1,899343.0,880.4716651333729

2,0,249601,15,864799,Gogo54.png,4,0,None,1,900915.0,882.1038990727393

2,0,249601,16,911074,Pokemon_24.png,2,0,None,5,917160.0,898.2883215674665

2,0,249601,16,911074,Gogo32.png,3,0,None,5,918728.0,899.850414869783

2,0,249601,16,911074,Gogo44.png,2,0,None,5,920288.0,901.4185211241711

2,0,249601,16,911074,Pokemon_18.png,2,0,None,5,921853.0,902.9805823914357

2,0,249601,16,911074,Pokemon_7.png,1,0,None,5,923416.0,904.5381584374118

2,0,249601,16,911074,Gogo30.png,4,0,None,5,924984.0,906.1071122216526

2,0,249601,16,911074,Gogo33.png,1,0,None,5,926549.0,907.677653141669

2,0,249601,16,911074,Parasek.png,1,0,None,5,928116.0,909.2437772647827

2,0,249601,16,911074,Gogo22.png,3,1,space,5,929682.0,910.8098466484225

2,0,249601,16,911074,Gogo6.png,2,0,None,5,931250.0,912.3769492409192

2,0,249601,16,911074,Rihorn.png,3,0,None,5,932813.0,913.9918298122939

2,0,249601,16,911074,Kabuto.png,4,0,None,5,934428.0,915.5455003785319

2,0,249601,16,911074,Pokemon_15.png,3,0,None,5,935989.0,917.1118524794001

2,0,249601,16,911074,Gogo37.png,4,0,None,5,937555.0,918.6825964955497

2,0,249601,16,911074,Gogo27.png,2,0,None,5,939127.0,920.2551979238633

2,0,249601,16,911074,Pokemon_6.png,3,0,None,5,940694.0,921.8211522300262

2,0,249601,16,911074,Gogo18.png,4,0,None,5,942265.0,923.3913755984977

2,0,249601,16,911074,Pokemon_10.png,3,0,None,5,943830.0,924.958086305589

2,0,249601,16,911074,Gogo58.png,2,0,None,5,945401.0,926.5289525526459

2,0,249601,16,911074,Puponcho.png,2,0,None,5,946966.0,928.0930547339376

2,0,249601,16,911074,Gogo34.png,4,0,None,5,948534.0,929.6587319211685

2,0,249601,16,911074,Gogo16.png,4,0,None,5,950103.0,931.2312363112578

2,0,249601,16,911074,Gogo22.png,2,1,space,5,951672.0,932.7951332192752

2,0,249601,16,911074,Wiesenior.png,3,0,None,5,953232.0,934.3591781728901

2,0,249601,17,954912,Pokemon_11.png,3,0,None,2,954945.0,936.0730241046986

2,0,249601,17,954912,Gogo4.png,2,0,None,2,956515.0,937.6424279350904

2,0,249601,17,954912,Gogo13.png,4,0,None,2,958080.0,939.2030634860857

2,0,249601,17,954912,Pokemon_9.png,2,0,None,2,959642.0,940.7641347761964

2,0,249601,17,954912,Pokemon_16.png,4,0,None,2,961201.0,942.3240938584204

2,0,249601,17,954912,Gogo29.png,3,0,None,2,962768.0,943.8970775305061

2,0,249601,17,954912,Gogo20.png,4,0,None,2,964341.0,945.4688168110442

2,0,249601,17,954912,Gogo22.png,3,1,space,2,965911.0,947.03422683198

2,0,249601,17,954912,Tangela.png,1,0,None,2,967472.0,948.5941146905534

2,0,249601,17,954912,Skiploon.png,3,0,None,2,969032.0,950.159587226517

2,0,249601,17,954912,Gogo55.png,1,0,None,2,970599.0,951.7217278038734

2,0,249601,17,954912,Gogo22.png,1,1,space,2,972163.0,953.2848533820361

2,0,249601,17,954912,Gogo40.png,3,0,None,2,973725.0,954.8468900786247

2,0,249601,17,954912,Pokemon_13.png,1,0,None,2,975286.0,956.4134337679716

2,0,249601,17,954912,Gogo53.png,2,0,None,2,976859.0,957.9869483513758

2,0,249601,17,954912,Pokemon_3.png,1,0,None,2,978422.0,959.5445710503845

2,0,249601,17,954912,Gogo48.png,1,0,None,2,979986.0,961.1084629820543

2,0,249601,17,954912,Pokemon_5.png,1,0,None,2,981546.0,962.6680721666198

2,0,249601,17,954912,Dunsparce.png,3,0,None,2,983106.0,964.2287341543124

2,0,249601,17,954912,Gogo14.png,4,0,None,2,984667.0,965.7898275268963

2,0,249601,17,954912,Gogo28.png,4,0,None,2,986231.0,967.4154386037262

2,0,249601,17,954912,Tentacool.png,4,0,None,2,987850.0,968.9890984335216

2,0,249601,17,954912,Dratini.png,1,0,None,2,989426.0,970.5453234080924

2,0,249601,17,954912,Gogo52.png,1,0,None,2,990992.0,972.1162061391515

2,0,249601,18,992653,Pokemon_8.png,4,0,None,4,992684.0,973.8069075082312

2,0,249601,18,992653,Gogo60.png,2,0,None,4,994255.0,975.3774705106625

2,0,249601,18,992653,Pokemon_12.png,4,0,None,4,995817.0,976.9586576495785

2,0,249601,18,992653,Gogo5.png,4,0,None,4,997401.0,978.528714933258

2,0,249601,18,992653,Gogo31.png,2,0,None,4,998972.0,980.0944253996713

2,0,249601,18,992653,Pokemon_21.png,2,0,None,4,1000533.0,981.6605896443943

2,0,249601,18,992653,Omanyte.png,1,0,None,4,1002099.0,983.2267115904251

2,0,249601,18,992653,Gogo21.png,2,0,None,4,1003668.0,984.7957838733564

2,0,249601,18,992653,Gogo15.png,4,0,None,4,1005238.0,986.3603830648353

2,0,249601,18,992653,Muschas.png,2,0,None,4,1006796.0,987.9188906160998

2,0,249601,18,992653,Gogo36.png,2,0,None,4,1008362.0,989.4839694005786

2,0,249601,18,992653,Paras.png,1,0,None,4,1009919.0,991.0420887987129

2,0,249601,18,992653,Gogo43.png,3,0,None,4,1011483.0,992.6102771624574

2,0,249601,18,992653,Pokemon_20.png,1,0,None,4,1013050.0,994.2366042076028

2,0,249601,18,992653,Gogo19.png,1,0,None,4,1014680.0,995.8034582950058

2,0,249601,18,992653,Pokemon_17.png,3,0,None,4,1016242.0,997.3598185633309

2,0,249601,18,992653,Gogo50.png,2,0,None,4,1017804.0,998.9215333540924

2,0,249601,18,992653,Pokemon_22.png,4,0,None,4,1019364.0,1000.4916680818424

2,0,249601,18,992653,Gogo17.png,3,0,None,4,1020933.0,1002.0554135230486

2,0,249601,18,992653,Froakie.png,1,0,None,4,1022491.0,1003.612990813097

2,0,249601,18,992653,Gogo22.png,2,1,space,4,1024055.0,1005.1777906125644

2,0,249601,18,992653,Gogo26.png,2,0,None,4,1025622.0,1006.7441237412277

2,0,249601,18,992653,Gogo22.png,1,1,space,4,1027184.0,1008.3062226418988

2,0,249601,18,992653,Viscora.png,1,0,None,4,1028745.0,1009.8729349041241

2,0,249601,19,1030402,Pokemon_4.png,2,0,None,1,1030434.0,1011.5560980783193

2,0,249601,19,1030402,Gogo2.png,4,0,None,1,1031998.0,1013.12127918849

2,0,249601,19,1030402,Gogo38.png,3,0,None,1,1033565.0,1014.6933786303271

2,0,249601,19,1030402,Pokemon_1.png,1,0,None,1,1035132.0,1016.2616870478378

2,0,249601,19,1030402,Pokemon_14.png,4,0,None,1,1036701.0,1017.8241442436702

2,0,249601,19,1030402,Gogo12.png,2,0,None,1,1038267.0,1019.3897996594897

2,0,249601,19,1030402,Gogo39.png,4,0,None,1,1039833.0,1020.9604124251637

2,0,249601,19,1030402,Gogo22.png,2,1,space,1,1041402.0,1022.529469468107

2,0,249601,19,1030402,Florges.png,3,0,None,1,1042969.0,1024.0920821740292

2,0,249601,19,1030402,Gogo22.png,4,1,space,1,1044534.0,1025.715142885747

2,0,249601,19,1030402,Gogo41.png,2,0,None,1,1046156.0,1027.2739437290002

2,0,249601,19,1030402,Deliciousrock.png,2,0,None,1,1047715.0,1028.832987789996

2,0,249601,19,1030402,Pokemon_23.png,3,0,None,1,1049271.0,1030.3891238127835

2,0,249601,19,1030402,Gogo7.png,4,0,None,1,1050834.0,1031.952419829904

2,0,249601,19,1030402,Pokemon_2.png,4,0,None,1,1052394.0,1033.5118501778925

2,0,249601,19,1030402,Gogo45.png,4,0,None,1,1053957.0,1035.0743608691846

2,0,249601,19,1030402,Pokemon_19.png,2,0,None,1,1055516.0,1036.643933272513

2,0,249601,19,1030402,Gogo9.png,3,0,None,1,1057088.0,1038.2105438311119

2,0,249601,19,1030402,Purmel.png,3,0,None,1,1058649.0,1039.7716539988178

2,0,249601,19,1030402,Gogo47.png,2,0,None,1,1060215.0,1041.3431817856617

2,0,249601,19,1030402,Gogo56.png,4,0,None,1,1061786.0,1042.9094184981077

2,0,249601,19,1030402,Galaxagos.png,3,0,None,1,1063348.0,1044.4709252164466

2,0,249601,19,1030402,Gogo54.png,1,0,None,1,1064917.0,1046.0400158495759

2,0,249601,19,1030402,Sabbaione.png,2,0,None,1,1066476.0,1047.6120991184143

2,0,249601,20,1084102,Pokemon_4.png,3,0,None,1,1087241.0,1068.3683044364443

2,0,249601,20,1084102,Gogo2.png,4,0,None,1,1088809.0,1071.0737490925821

2,0,249601,20,1084102,Pokemon_1.png,3,0,None,1,1091510.0,1072.632424594718

2,0,249601,20,1084102,Gogo38.png,2,0,None,1,1093076.0,1074.2031297333306

2,0,249601,20,1084102,Gogo12.png,4,0,None,1,1094643.0,1075.7713215182885

2,0,249601,20,1084102,Pokemon_14.png,1,0,None,1,1096210.0,1077.3373759729438

2,0,249601,20,1084102,Gogo39.png,2,0,None,1,1097783.0,1078.9102125325007

2,0,249601,20,1084102,Florges.png,2,0,None,1,1099350.0,1080.4768003866775

2,0,249601,20,1084102,Gogo41.png,1,0,None,1,1100919.0,1082.0414956833702

2,0,249601,20,1084102,Deliciousrock.png,2,0,None,1,1102478.0,1083.6001295087626

2,0,249601,20,1084102,Gogo47.png,3,0,None,1,1104041.0,1085.1631039311178

2,0,249601,20,1084102,Purmel.png,3,0,None,1,1105600.0,1086.7271918054903

2,0,249601,20,1084102,Gogo7.png,4,0,None,1,1107171.0,1088.2932580789202

2,0,249601,20,1084102,Pokemon_23.png,2,0,None,1,1108730.0,1089.8578952148673

2,0,249601,20,1084102,Pokemon_2.png,1,0,None,1,1110297.0,1091.4195250971825

2,0,249601,20,1084102,Gogo45.png,1,0,None,1,1111862.0,1092.9845979723032

2,0,249601,20,1084102,Pokemon_19.png,2,0,None,1,1113423.0,1094.550708410563

2,0,249601,20,1084102,Gogo9.png,1,0,None,1,1114992.0,1096.1197943784064

2,0,249601,20,1084102,Hornliu.png,2,1,space,1,1116556.0,1097.6839077564073

2,0,249601,20,1084102,Galaxagos.png,1,0,None,1,1118123.0,1099.2509353930363

2,0,249601,20,1084102,Gogo56.png,1,0,None,1,1119692.0,1100.8145125723677

2,0,249601,20,1084102,Sabbaione.png,1,0,None,1,1121251.0,1102.3736225696048

2,0,249601,20,1084102,Hornliu.png,3,1,space,1,1122812.0,1103.9400179023505

2,0,249601,20,1084102,Gogo54.png,2,0,None,1,1124383.0,1105.5052459764993

2,0,249601,21,1126034,Pokemon_8.png,2,0,None,4,1126065.0,1107.2588629850652

2,0,249601,21,1126034,Gogo60.png,1,0,None,4,1127704.0,1108.8223844917957

2,0,249601,21,1126034,Gogo5.png,2,0,None,4,1129261.0,1110.3809116373304

2,0,249601,21,1126034,Pokemon_12.png,4,0,None,4,1130818.0,1111.9544203113765

2,0,249601,21,1126034,Gogo31.png,4,0,None,4,1132398.0,1113.5339431816246

2,0,249601,21,1126034,Pokemon_21.png,2,0,None,4,1133971.0,1115.0984157879138

2,0,249601,21,1126034,Omanyte.png,4,0,None,4,1135537.0,1116.6696272672853

2,0,249601,21,1126034,Gogo21.png,1,0,None,4,1137112.0,1118.249077980814

2,0,249601,21,1126034,Muschas.png,2,0,None,4,1138684.0,1119.8315804239246

2,0,249601,21,1126034,Gogo15.png,2,0,None,4,1140272.0,1121.3965310681378

2,0,249601,21,1126034,Paras.png,4,0,None,4,1141834.0,1122.9657392668305

2,0,249601,21,1126034,Hornliu.png,1,1,space,4,1143404.0,1124.543139424757

2,0,249601,21,1126034,Gogo43.png,2,0,None,4,1144986.0,1126.122740050021

2,0,249601,21,1126034,Pokemon_20.png,2,0,None,4,1146561.0,1127.7212970410474

2,0,249601,21,1126034,Gogo19.png,2,0,None,4,1148163.0,1129.2930795533466

2,0,249601,21,1126034,Pokemon_17.png,4,0,None,4,1149731.0,1130.8611882959376

2,0,249601,21,1126034,Gogo50.png,2,0,None,4,1151305.0,1132.4484281975892

2,0,249601,21,1126034,Pokemon_22.png,1,0,None,4,1152886.0,1134.0153087216895

2,0,249601,21,1126034,Gogo36.png,3,0,None,4,1154461.0,1135.6169584968593

2,0,249601,21,1126034,Hornliu.png,3,1,space,4,1156055.0,1137.1987714082934

2,0,249601,21,1126034,Gogo17.png,4,0,None,4,1157639.0,1138.7864184352802

2,0,249601,21,1126034,Froakie.png,1,0,None,4,1159226.0,1140.3678170679486

2,0,249601,21,1126034,Viscora.png,4,0,None,4,1160805.0,1141.9612272978993

2,0,249601,21,1126034,Gogo26.png,3,0,None,4,1162404.0,1143.5808086274774

2,0,249601,22,1164117,Gogo32.png,3,0,None,5,1164154.0,1145.2763765284326

2,0,249601,22,1164117,Pokemon_24.png,4,0,None,5,1165717.0,1146.8389575103065

2,0,249601,22,1164117,Gogo44.png,1,0,None,5,1167286.0,1148.4146389709786

2,0,249601,22,1164117,Pokemon_18.png,3,0,None,5,1168853.0,1149.9707062583184

2,0,249601,22,1164117,Gogo30.png,2,0,None,5,1170415.0,1151.5452052204055

2,0,249601,22,1164117,Pokemon_7.png,2,0,None,5,1171985.0,1153.1396981114522

2,0,249601,22,1164117,Hornliu.png,1,1,space,5,1173577.0,1154.7345807106467

2,0,249601,22,1164117,Gogo33.png,4,0,None,5,1175181.0,1156.3441608770518

2,0,249601,22,1164117,Parasek.png,2,0,None,5,1176782.0,1157.9316710551502

2,0,249601,22,1164117,Gogo6.png,1,0,None,5,1178375.0,1159.5138366634492

2,0,249601,22,1164117,Rihorn.png,2,0,None,5,1179953.0,1161.1390499455156

2,0,249601,22,1164117,Kabuto.png,2,0,None,5,1181579.0,1162.7455056036706

2,0,249601,22,1164117,Pokemon_15.png,2,0,None,5,1183186.0,1164.3334633397753

2,0,249601,22,1164117,Gogo37.png,4,0,None,5,1184778.0,1165.9543966738274

2,0,249601,22,1164117,Pokemon_6.png,2,0,None,5,1186398.0,1167.557594396174

2,0,249601,22,1164117,Gogo27.png,3,0,None,5,1188004.0,1169.1747391941026

2,0,249601,22,1164117,Gogo18.png,4,0,None,5,1189618.0,1170.744883252366

2,0,249601,22,1164117,Pokemon_10.png,3,0,None,5,1191184.0,1172.364586501848

2,0,249601,22,1164117,Hornliu.png,2,1,space,5,1192803.0,1173.9767689736327

2,0,249601,22,1164117,Gogo58.png,3,0,None,5,1194419.0,1175.5779795883573

2,0,249601,22,1164117,Puponcho.png,2,0,None,5,1196018.0,1177.182070249517

2,0,249601,22,1164117,Gogo34.png,3,0,None,5,1197626.0,1178.7874771478237

2,0,249601,22,1164117,Wiesenior.png,3,0,None,5,1199227.0,1180.3900295033818

2,0,249601,22,1164117,Gogo16.png,3,0,None,5,1200839.0,1181.9790695895208

2,0,249601,23,1202510,Pokemon_11.png,1,0,None,2,1202544.0,1183.6710934161674

2,0,249601,23,1202510,Gogo4.png,2,0,None,2,1204112.0,1185.2343029697076

2,0,249601,23,1202510,Pokemon_9.png,3,0,None,2,1205675.0,1186.8309151518624

2,0,249601,23,1202510,Gogo13.png,4,0,None,2,1207274.0,1188.435352911416

2,0,249601,23,1202510,Gogo29.png,2,0,None,2,1208885.0,1190.0597018685658

2,0,249601,23,1202510,Pokemon_16.png,1,0,None,2,1210500.0,1191.6734702319372

2,0,249601,23,1202510,Gogo20.png,2,0,None,2,1212117.0,1193.2826476272894

2,0,249601,23,1202510,Tangela.png,3,0,None,2,1213723.0,1194.9001488542417

2,0,249601,23,1202510,Gogo55.png,3,0,None,2,1215347.0,1196.5396192989429

2,0,249601,23,1202510,Skiploon.png,3,0,None,2,1216977.0,1198.1357577974559

2,0,249601,23,1202510,Dunsparce.png,4,0,None,2,1218574.0,1199.7570914144162

2,0,249601,23,1202510,Hornliu.png,2,1,space,2,1220196.0,1201.3943371321657

2,0,249601,23,1202510,Pokemon_13.png,1,0,None,2,1221836.0,1203.0173847810365

2,0,249601,23,1202510,Gogo40.png,1,0,None,2,1223463.0,1204.64311031322

2,0,249601,23,1202510,Gogo53.png,3,0,None,2,1225091.0,1206.2663336885162

2,0,249601,23,1202510,Pokemon_3.png,3,0,None,2,1226707.0,1207.8700019842945

2,0,249601,23,1202510,Pokemon_5.png,2,0,None,2,1228309.0,1209.5038361222832

2,0,249601,23,1202510,Gogo48.png,1,0,None,2,1229948.0,1211.1225055408431

2,0,249601,23,1202510,Gogo14.png,3,0,None,2,1231567.0,1212.739445376501

2,0,249601,23,1202510,Tentacool.png,2,0,None,2,1233178.0,1214.3760544359684

2,0,249601,23,1202510,Hornliu.png,3,1,space,2,1234817.0,1215.993397975748

2,0,249601,23,1202510,Gogo28.png,1,0,None,2,1236443.0,1217.6009680190473

2,0,249601,23,1202510,Dratini.png,1,0,None,2,1238042.0,1219.2363087384729

2,0,249601,23,1202510,Gogo52.png,3,0,None,2,1239685.0,1220.8668398426962

2,0,249601,24,1244057,Gogo60.png,1,0,None,4,1248281.0,1229.4082462632796

2,0,249601,24,1244057,Pokemon_8.png,4,0,None,4,1249844.0,1230.9829822227475

2,0,249601,24,1244057,Gogo5.png,1,0,None,4,1251424.0,1232.6216275310144

2,0,249601,24,1244057,Pokemon_12.png,2,0,None,4,1253061.0,1234.2650386007153

2,0,249601,24,1244057,Pokemon_21.png,1,0,None,4,1254702.0,1235.8871479018708

2,0,249601,24,1244057,Gogo31.png,2,0,None,4,1256331.0,1237.541418861365

2,0,249601,24,1244057,Metapod.png,4,1,space,4,1257981.0,1239.1711540650576

2,0,249601,24,1244057,Omanyte.png,2,0,None,4,1259612.0,1240.8038025943097

2,0,249601,24,1244057,Gogo21.png,4,0,None,4,1261246.0,1242.411949579895

2,0,249601,24,1244057,Muschas.png,3,0,None,4,1262849.0,1244.0385391260497

2,0,249601,24,1244057,Gogo15.png,2,0,None,4,1264483.0,1245.6784104756662

2,0,249601,24,1244057,Gogo36.png,3,0,None,4,1266125.0,1247.286760557443

2,0,249601,24,1244057,Pokemon_20.png,2,0,None,4,1267728.0,1248.9276772456942

2,0,249601,24,1244057,Gogo43.png,4,0,None,4,1269371.0,1250.5542434653034

2,0,249601,24,1244057,Pokemon_17.png,4,0,None,4,1270994.0,1252.1224411596777

2,0,249601,24,1244057,Gogo19.png,1,0,None,4,1272566.0,1253.688334194885

2,0,249601,24,1244057,Gogo50.png,3,0,None,4,1274132.0,1255.2589646886336

2,0,249601,24,1244057,Pokemon_22.png,3,0,None,4,1275700.0,1256.8278967015212

2,0,249601,24,1244057,Paras.png,1,0,None,4,1277267.0,1258.421796477167

2,0,249601,24,1244057,Froakie.png,3,0,None,4,1278859.0,1259.9871023063315

2,0,249601,24,1244057,Gogo17.png,1,0,None,4,1280425.0,1261.5428890535259

2,0,249601,24,1244057,Gogo26.png,2,0,None,4,1281988.0,1263.163131922949

2,0,249601,24,1244057,Metapod.png,4,1,space,4,1283600.0,1264.8079058828298

2,0,249601,24,1244057,Viscora.png,2,0,None,4,1285249.0,1266.4365347879357

2,0,249601,25,1286978,Gogo4.png,1,0,None,2,1287017.0,1268.1350707539823

2,0,249601,25,1286978,Pokemon_11.png,1,0,None,2,1288574.0,1269.7838214172516

2,0,249601,25,1286978,Pokemon_9.png,1,0,None,2,1290221.0,1271.4110529088648

2,0,249601,25,1286978,Gogo13.png,3,0,None,2,1291856.0,1272.9861994149396

2,0,249601,25,1286978,Pokemon_16.png,3,0,None,2,1293425.0,1274.547323578503

2,0,249601,25,1286978,Gogo29.png,3,0,None,2,1294995.0,1276.1179425645387

2,0,249601,25,1286978,Gogo20.png,3,0,None,2,1296561.0,1277.6890318130027

2,0,249601,25,1286978,Tangela.png,1,0,None,2,1298134.0,1279.2520164989983

2,0,249601,25,1286978,Gogo55.png,4,0,None,2,1299695.0,1280.8222149858484

2,0,249601,25,1286978,Skiploon.png,2,0,None,2,1301261.0,1282.3878722677473

2,0,249601,25,1286978,Metapod.png,2,1,space,2,1302827.0,1283.9489858566667

2,0,249601,25,1286978,Gogo14.png,2,0,None,2,1304394.0,1285.5171092172386

2,0,249601,25,1286978,Pokemon_13.png,1,0,None,2,1305959.0,1287.087177075562

2,0,249601,25,1286978,Gogo40.png,3,0,None,2,1307531.0,1288.6550351359765

2,0,249601,25,1286978,Gogo53.png,4,0,None,2,1309101.0,1290.2919371764292

2,0,249601,25,1286978,Pokemon_3.png,4,0,None,2,1310732.0,1291.9062675532186

2,0,249601,25,1286978,Pokemon_5.png,4,0,None,2,1312346.0,1293.4736696580658

2,0,249601,25,1286978,Gogo48.png,2,0,None,2,1313920.0,1295.0477726915851

2,0,249601,25,1286978,Dunsparce.png,3,0,None,2,1315487.0,1296.6094358530245

2,0,249601,25,1286978,Gogo28.png,3,0,None,2,1317059.0,1298.2006294425228

2,0,249601,25,1286978,Tentacool.png,1,0,None,2,1318642.0,1299.7696538284072

2,0,249601,25,1286978,Dratini.png,1,0,None,2,1320212.0,1301.3298828760744

2,0,249601,25,1286978,Gogo52.png,4,0,None,2,1321779.0,1302.953526128491

2,0,249601,25,1286978,Metapod.png,1,1,space,2,1323392.0,1304.5207708571688

2,0,249601,26,1325059,Pokemon_24.png,4,0,None,5,1325092.0,1306.2737592940684

2,0,249601,26,1325059,Gogo32.png,4,0,None,5,1326716.0,1307.8387970239273

2,0,249601,26,1325059,Gogo44.png,2,0,None,5,1328283.0,1309.4109191702446

2,0,249601,26,1325059,Pokemon_18.png,1,0,None,5,1329851.0,1310.979541407025

2,0,249601,26,1325059,Pokemon_7.png,2,0,None,5,1331419.0,1312.5608355369186

2,0,249601,26,1325059,Gogo30.png,3,0,None,5,1333011.0,1314.1332892306964

2,0,249601,26,1325059,Gogo33.png,1,0,None,5,1334580.0,1315.7031891382067

2,0,249601,26,1325059,Parasek.png,4,0,None,5,1336144.0,1317.3440688150586

2,0,249601,26,1325059,Gogo6.png,3,0,None,5,1337790.0,1318.9176036147983

2,0,249601,26,1325059,Rihorn.png,4,0,None,5,1339357.0,1320.485211614985

2,0,249601,26,1325059,Metapod.png,1,1,space,5,1340925.0,1322.047784199298

2,0,249601,26,1325059,Kabuto.png,3,0,None,5,1342485.0,1323.6081731113372

2,0,249601,26,1325059,Pokemon_15.png,1,0,None,5,1344050.0,1325.1687483243877

2,0,249601,26,1325059,Gogo37.png,3,0,None,5,1345615.0,1326.7435069883359

2,0,249601,26,1325059,Pokemon_6.png,2,0,None,5,1347184.0,1328.3067414234974

2,0,249601,26,1325059,Gogo27.png,4,0,None,5,1348753.0,1329.881492000888

2,0,249601,26,1325059,Gogo18.png,3,0,None,5,1350327.0,1331.4539861272788

2,0,249601,26,1325059,Pokemon_10.png,1,0,None,5,1351896.0,1333.0241099692648

2,0,249601,26,1325059,Gogo58.png,4,0,None,5,1353471.0,1334.6158453558455

2,0,249601,26,1325059,Puponcho.png,3,0,None,5,1355058.0,1336.180028402363

2,0,249601,26,1325059,Metapod.png,2,1,space,5,1356621.0,1337.7481685579987

2,0,249601,26,1325059,Gogo34.png,4,0,None,5,1358196.0,1339.3178694125963

2,0,249601,26,1325059,Gogo16.png,4,0,None,5,1359767.0,1340.8939474239014

2,0,249601,26,1325059,Wiesenior.png,4,0,None,5,1361333.0,1342.4580583138159

2,0,249601,27,1362994,Pokemon_4.png,2,0,None,1,1363027.0,1344.1561087774462

2,0,249601,27,1362994,Gogo2.png,4,0,None,1,1364599.0,1345.721306371619

2,0,249601,27,1362994,Pokemon_1.png,3,0,None,1,1366161.0,1347.2829574033385

2,0,249601,27,1362994,Gogo38.png,1,0,None,1,1367731.0,1348.8689672203618

2,0,249601,27,1362994,Gogo12.png,4,0,None,1,1369312.0,1350.4340851933812

2,0,249601,27,1362994,Pokemon_14.png,1,0,None,1,1370875.0,1352.017413394875

2,0,249601,27,1362994,Gogo39.png,4,0,None,1,1372464.0,1353.5873033497483

2,0,249601,27,1362994,Florges.png,1,0,None,1,1374029.0,1355.1519090726506

2,0,249601,27,1362994,Deliciousrock.png,2,0,None,1,1375594.0,1356.74554572528

2,0,249601,27,1362994,Gogo41.png,3,0,None,1,1377193.0,1358.3202356537222

2,0,249601,27,1362994,Purmel.png,4,0,None,1,1378757.0,1359.9232632480562

2,0,249601,27,1362994,Metapod.png,1,1,space,1,1380360.0,1361.483433201909

2,0,249601,27,1362994,Pokemon_23.png,2,0,None,1,1381924.0,1363.0520165612106

2,0,249601,27,1362994,Gogo7.png,4,0,None,1,1383496.0,1364.6268616887392

2,0,249601,27,1362994,Gogo45.png,4,0,None,1,1385074.0,1366.2012297114125

2,0,249601,27,1362994,Pokemon_2.png,3,0,None,1,1386644.0,1367.7921766619547

2,0,249601,27,1362994,Pokemon_19.png,3,0,None,1,1388235.0,1369.3619481181377

2,0,249601,27,1362994,Gogo9.png,1,0,None,1,1389809.0,1370.9313255118323

2,0,249601,27,1362994,Gogo47.png,3,0,None,1,1391378.0,1372.516982632049

2,0,249601,27,1362994,Gogo56.png,2,0,None,1,1392965.0,1374.092559589888

2,0,249601,27,1362994,Galaxagos.png,1,0,None,1,1394533.0,1375.6935969664482

2,0,249601,27,1362994,Sabbaione.png,1,0,None,1,1396135.0,1377.2582894639345

2,0,249601,27,1362994,Gogo54.png,1,0,None,1,1397704.0,1378.831374528585

2,0,249601,27,1362994,Metapod.png,1,1,space,1,1399274.0,1380.4064678501454

2,0,249601,28,1407374,Gogo2.png,4,0,None,1,1411828.0,1392.9578185172868

2,0,249601,28,1407374,Pokemon_4.png,2,0,None,1,1413401.0,1394.5284990852815

2,0,249601,28,1407374,Pokemon_1.png,3,0,None,1,1414967.0,1396.089872998069

2,0,249601,28,1407374,Gogo38.png,4,0,None,1,1416535.0,1397.6852582058054

2,0,249601,28,1407374,Gogo12.png,3,0,None,1,1418126.0,1399.2492222941946

2,0,249601,28,1407374,Pokemon_14.png,4,0,None,1,1419687.0,1400.8396174950176

2,0,249601,28,1407374,Gogo39.png,3,0,None,1,1421286.0,1402.4138306296663

2,0,249601,28,1407374,Florges.png,3,0,None,1,1422855.0,1403.9819664309616

2,0,249601,28,1407374,Gogo41.png,4,0,None,1,1424427.0,1405.568598288286

2,0,249601,28,1407374,Deliciousrock.png,3,0,None,1,1426011.0,1407.1332394674537

2,0,249601,28,1407374,Viscogon.png,4,1,space,1,1427574.0,1408.766057502653

2,0,249601,28,1407374,Gogo47.png,2,0,None,1,1429212.0,1410.3345351151074

2,0,249601,28,1407374,Gogo7.png,3,0,None,1,1430780.0,1411.9071250357083

2,0,249601,28,1407374,Pokemon_23.png,1,0,None,1,1432346.0,1413.4687801106484

2,0,249601,28,1407374,Pokemon_2.png,1,0,None,1,1433907.0,1415.055464219302

2,0,249601,28,1407374,Gogo45.png,1,0,None,1,1435499.0,1416.62135227822

2,0,249601,28,1407374,Gogo9.png,3,0,None,1,1437065.0,1418.1933011863148

2,0,249601,28,1407374,Pokemon_19.png,3,0,None,1,1438633.0,1419.7603235355928

2,0,249601,28,1407374,Viscogon.png,1,1,space,1,1440203.0,1421.3255600073026

2,0,249601,28,1407374,Purmel.png,3,0,None,1,1441768.0,1422.97733596334

2,0,249601,28,1407374,Galaxagos.png,4,0,None,1,1443418.0,1424.545463056129

2,0,249601,28,1407374,Gogo56.png,3,0,None,1,1444990.0,1426.1182573169353

2,0,249601,28,1407374,Sabbaione.png,4,0,None,1,1446557.0,1427.698075967317

2,0,249601,28,1407374,Gogo54.png,4,0,None,1,1448149.0,1429.2712247910677

2,0,249601,29,1449758,Pokemon_11.png,4,0,None,2,1449790.0,1430.9230962302536

2,0,249601,29,1449758,Gogo4.png,4,0,None,2,1451367.0,1432.4894812993007

2,0,249601,29,1449758,Pokemon_9.png,1,0,None,2,1452930.0,1434.0581187761272

2,0,249601,29,1449758,Gogo13.png,2,0,None,2,1454505.0,1435.623017168953

2,0,249601,29,1449758,Gogo29.png,3,0,None,2,1456070.0,1437.1972617165884

2,0,249601,29,1449758,Pokemon_16.png,4,0,None,2,1457636.0,1438.7588919099653

2,0,249601,29,1449758,Tangela.png,2,0,None,2,1459201.0,1440.3259640224278

2,0,249601,29,1449758,Gogo20.png,4,0,None,2,1460768.0,1441.8962094733142

2,0,249601,29,1449758,Gogo55.png,3,0,None,2,1462342.0,1443.4886602061451

2,0,249601,29,1449758,Skiploon.png,3,0,None,2,1463927.0,1445.0488292269292

2,0,249601,29,1449758,Viscogon.png,4,1,space,2,1465487.0,1446.6145633308333

2,0,249601,29,1449758,Gogo14.png,2,0,None,2,1467059.0,1448.1872558880714

2,0,249601,29,1449758,Gogo40.png,1,0,None,2,1468631.0,1449.7486095845234

2,0,249601,29,1449758,Pokemon_13.png,4,0,None,2,1470190.0,1451.3177465596818

2,0,249601,29,1449758,Gogo53.png,2,0,None,2,1471768.0,1452.895316534501

2,0,249601,29,1449758,Pokemon_3.png,3,0,None,2,1473338.0,1454.4649962397525

2,0,249601,29,1449758,Pokemon_5.png,2,0,None,2,1474909.0,1456.0264967377298

2,0,249601,29,1449758,Gogo48.png,2,0,None,2,1476471.0,1457.598644076672

2,0,249601,29,1449758,Dunsparce.png,2,0,None,2,1478040.0,1459.1628308554646

2,0,249601,29,1449758,Gogo28.png,2,0,None,2,1479612.0,1460.768441160908

2,0,249601,29,1449758,Tentacool.png,3,0,None,2,1481207.0,1462.3346962235519

2,0,249601,29,1449758,Gogo52.png,4,0,None,2,1482782.0,1463.94259439304

2,0,249601,29,1449758,Viscogon.png,3,1,space,2,1484382.0,1465.5044867763645

2,0,249601,29,1449758,Dratini.png,3,0,None,2,1485944.0,1467.0716826748685

2,0,249601,30,1487608,Pokemon_8.png,1,0,None,4,1487641.0,1468.7691160746035

2,0,249601,30,1487608,Gogo60.png,2,0,None,4,1489218.0,1470.3462521763868

2,0,249601,30,1487608,Pokemon_12.png,1,0,None,4,1490784.0,1471.923781096586

2,0,249601,30,1487608,Gogo5.png,2,0,None,4,1492368.0,1473.4957943858462

2,0,249601,30,1487608,Pokemon_21.png,4,0,None,4,1493938.0,1475.0653745646705

2,0,249601,30,1487608,Gogo31.png,1,0,None,4,1495510.0,1476.637484270148

2,0,249601,30,1487608,Gogo21.png,1,0,None,4,1497082.0,1478.199376342469

2,0,249601,30,1487608,Omanyte.png,4,0,None,4,1498639.0,1479.7622226245003

2,0,249601,30,1487608,Muschas.png,2,0,None,4,1500205.0,1481.3323088330217

2,0,249601,30,1487608,Gogo15.png,3,0,None,4,1501777.0,1482.9044250699808

2,0,249601,30,1487608,Gogo36.png,3,0,None,4,1503352.0,1484.5021883376176

2,0,249601,30,1487608,Paras.png,2,0,None,4,1504944.0,1486.0721650670748

2,0,249601,30,1487608,Pokemon_20.png,1,0,None,4,1506517.0,1487.639444008004

2,0,249601,30,1487608,Gogo43.png,4,0,None,4,1508083.0,1489.2362064128974

2,0,249601,30,1487608,Gogo19.png,1,0,None,4,1509684.0,1490.8128669649013

2,0,249601,30,1487608,Pokemon_17.png,3,0,None,4,1511253.0,1492.4515237809392

2,0,249601,30,1487608,Pokemon_22.png,1,0,None,4,1512894.0,1494.0166423760238

2,0,249601,30,1487608,Gogo50.png,4,0,None,4,1514464.0,1495.586744135595

2,0,249601,30,1487608,Froakie.png,4,0,None,4,1516031.0,1497.158813719463

2,0,249601,30,1487608,Viscogon.png,3,1,space,4,1517600.0,1498.7224804725847

2,0,249601,30,1487608,Gogo17.png,3,0,None,4,1519167.0,1500.2950775466743

2,0,249601,30,1487608,Viscogon.png,2,1,space,4,1520735.0,1501.8576865203213

2,0,249601,30,1487608,Viscora.png,4,0,None,4,1522295.0,1503.4244214870268

2,0,249601,30,1487608,Gogo26.png,1,0,None,4,1523871.0,1504.9932922289008

2,0,249601,31,1525522,Pokemon_24.png,2,0,None,5,1525555.0,1506.677406502713

2,0,249601,31,1525522,Gogo32.png,1,0,None,5,1527126.0,1508.2488456488354

2,0,249601,31,1525522,Gogo44.png,1,0,None,5,1528693.0,1509.8158291205764

2,0,249601,31,1525522,Pokemon_18.png,3,0,None,5,1530257.0,1511.3843708031927

2,0,249601,31,1525522,Pokemon_7.png,4,0,None,5,1531827.0,1512.954675658897

2,0,249601,31,1525522,Gogo30.png,4,0,None,5,1533404.0,1514.5267993602902

2,0,249601,31,1525522,Parasek.png,4,0,None,5,1534970.0,1516.157179308706

2,0,249601,31,1525522,Gogo33.png,1,0,None,5,1536605.0,1517.7328203367651

2,0,249601,31,1525522,Gogo6.png,1,0,None,5,1538181.0,1519.3035326288082

2,0,249601,31,1525522,Rihorn.png,3,0,None,5,1539746.0,1520.873641541868

2,0,249601,31,1525522,Viscogon.png,1,1,space,5,1541315.0,1522.4881560425274

2,0,249601,31,1525522,Kabuto.png,3,0,None,5,1542931.0,1524.0589467117097

2,0,249601,31,1525522,Pokemon_15.png,4,0,None,5,1544504.0,1525.627071938361

2,0,249601,31,1525522,Gogo37.png,3,0,None,5,1546071.0,1527.1891322724987

2,0,249601,31,1525522,Pokemon_6.png,1,0,None,5,1547632.0,1528.7548309201375

2,0,249601,31,1525522,Gogo27.png,2,0,None,5,1549202.0,1530.329404216085

2,0,249601,31,1525522,Gogo18.png,2,0,None,5,1550775.0,1531.9029903341434

2,0,249601,31,1525522,Pokemon_10.png,4,0,None,5,1552345.0,1533.5119366414729

2,0,249601,31,1525522,Viscogon.png,4,1,space,5,1553954.0,1535.081496292958

2,0,249601,31,1525522,Gogo58.png,4,0,None,5,1555530.0,1536.6605566762737

2,0,249601,31,1525522,Puponcho.png,1,0,None,5,1557102.0,1538.2242162759649

2,0,249601,31,1525522,Gogo34.png,3,0,None,5,1558669.0,1539.8738390396466

2,0,249601,31,1525522,Gogo16.png,1,0,None,5,1560325.0,1541.4470217645867

2,0,249601,31,1525522,Wiesenior.png,1,0,None,5,1561886.0,1543.0241392051685

2,0,249601,32,1570970,Pokemon_8.png,2,0,None,4,1573025.0,1554.230242601945

2,0,249601,32,1570970,Gogo60.png,4,0,None,4,1574681.0,1555.8082013519597

2,0,249601,32,1570970,Pokemon_12.png,4,0,None,4,1576250.0,1557.3729069122928

2,0,249601,32,1570970,Gogo5.png,1,0,None,4,1577815.0,1558.93818941497

2,0,249601,32,1570970,Pokemon_21.png,4,0,None,4,1579376.0,1560.4984620054602

2,0,249601,32,1570970,Gogo31.png,3,0,None,4,1580945.0,1562.0725389132858

2,0,249601,32,1570970,Gogo21.png,4,0,None,4,1582520.0,1563.6475311533432

2,0,249601,32,1570970,Omanyte.png,2,0,None,4,1584089.0,1565.217294211965

2,0,249601,32,1570970,Muschas.png,4,0,None,4,1585659.0,1566.7868460879545

2,0,249601,32,1570970,Gogo15.png,1,0,None,4,1587234.0,1568.3564271998475

2,0,249601,32,1570970,Paras.png,2,0,None,4,1588798.0,1569.9260204415186

2,0,249601,32,1570970,Gogo35.png,1,1,space,4,1590372.0,1571.49912292324

2,0,249601,32,1570970,Gogo43.png,4,0,None,4,1591943.0,1573.0657247733325

2,0,249601,32,1570970,Pokemon_20.png,1,0,None,4,1593506.0,1574.6337551388424

2,0,249601,32,1570970,Pokemon_17.png,3,0,None,4,1595073.0,1576.195395284798

2,0,249601,32,1570970,Gogo19.png,4,0,None,4,1596637.0,1577.759305566724

2,0,249601,32,1570970,Pokemon_22.png,2,0,None,4,1598201.0,1579.3285685050068

2,0,249601,32,1570970,Gogo50.png,1,0,None,4,1599772.0,1580.9100635538343

2,0,249601,32,1570970,Gogo36.png,2,0,None,4,1601359.0,1582.4773471600492

2,0,249601,32,1570970,Gogo35.png,2,1,space,4,1602922.0,1584.050727382768

2,0,249601,32,1570970,Gogo17.png,1,0,None,4,1604495.0,1585.638235694787

2,0,249601,32,1570970,Froakie.png,1,0,None,4,1606083.0,1587.2008443574305

2,0,249601,32,1570970,Gogo26.png,4,0,None,4,1607648.0,1588.7715155948536

2,0,249601,32,1570970,Viscora.png,1,0,None,4,1609212.0,1590.3601323826006

2,0,249601,33,1610851,Pokemon_4.png,4,0,None,1,1610886.0,1592.008742153761

2,0,249601,33,1610851,Gogo2.png,2,0,None,1,1612453.0,1593.5805240440532

2,0,249601,33,1610851,Gogo38.png,1,0,None,1,1614030.0,1595.1572869216907

2,0,249601,33,1610851,Pokemon_1.png,1,0,None,1,1615601.0,1596.7183911799802

2,0,249601,33,1610851,Pokemon_14.png,4,0,None,1,1617160.0,1598.2842475147918

2,0,249601,33,1610851,Gogo12.png,2,0,None,1,1618728.0,1599.8565055769286

2,0,249601,33,1610851,Florges.png,1,0,None,1,1620297.0,1601.427206983266

2,0,249601,33,1610851,Gogo39.png,2,0,None,1,1621874.0,1603.0014667709474

2,0,249601,33,1610851,Deliciousrock.png,1,0,None,1,1623444.0,1604.590080137481

2,0,249601,33,1610851,Gogo41.png,4,0,None,1,1625040.0,1606.167601593188

2,0,249601,33,1610851,Gogo47.png,3,0,None,1,1626613.0,1607.7352453607018

2,0,249601,33,1610851,Purmel.png,3,0,None,1,1628175.0,1609.2979084518738

2,0,249601,33,1610851,Pokemon_23.png,1,0,None,1,1629740.0,1610.8619689564803

2,0,249601,33,1610851,Gogo7.png,4,0,None,1,1631310.0,1612.4326112690032

2,0,249601,33,1610851,Pokemon_2.png,1,0,None,1,1632875.0,1614.0031994640594

2,0,249601,33,1610851,Gogo45.png,2,0,None,1,1634448.0,1615.5703785674996

2,0,249601,33,1610851,Gogo9.png,4,0,None,1,1636012.0,1617.2156989897485

2,0,249601,33,1610851,Pokemon_19.png,1,0,None,1,1637655.0,1618.7820433151792

2,0,249601,33,1610851,Gogo35.png,4,1,space,1,1639228.0,1620.3561768286163

2,0,249601,33,1610851,Gogo56.png,4,0,None,1,1640803.0,1622.0102953882888

2,0,249601,33,1610851,Galaxagos.png,3,0,None,1,1642452.0,1623.5738243594533

2,0,249601,33,1610851,Gogo54.png,2,0,None,1,1644023.0,1625.145636418718

2,0,249601,33,1610851,Sabbaione.png,3,0,None,1,1645589.0,1626.7523390268907

2,0,249601,33,1610851,Gogo35.png,4,1,space,1,1647199.0,1628.3213519050041

2,0,249601,34,1648812,Gogo4.png,1,0,None,2,1648851.0,1629.9734429243836

2,0,249601,34,1648812,Pokemon_11.png,4,0,None,2,1650414.0,1631.5412400247878

2,0,249601,34,1648812,Gogo13.png,2,0,None,2,1651985.0,1633.1123255410348

2,0,249601,34,1648812,Pokemon_9.png,1,0,None,2,1653557.0,1634.6849670909578

2,0,249601,34,1648812,Pokemon_16.png,2,0,None,2,1655133.0,1636.2611275226227

2,0,249601,34,1648812,Gogo29.png,1,0,None,2,1656710.0,1637.8324391504866

2,0,249601,34,1648812,Tangela.png,3,0,None,2,1658274.0,1639.4108992649708

2,0,249601,34,1648812,Gogo35.png,2,1,space,2,1659857.0,1640.9889864662546

2,0,249601,34,1648812,Gogo20.png,3,0,None,2,1661435.0,1642.5623735314584

2,0,249601,34,1648812,Skiploon.png,2,0,None,2,1663004.0,1644.1309892368736

2,0,249601,34,1648812,Gogo55.png,1,0,None,2,1664577.0,1645.715515798889

2,0,249601,34,1648812,Dunsparce.png,4,0,None,2,1666160.0,1647.2882957527763

2,0,249601,34,1648812,Pokemon_13.png,4,0,None,2,1667732.0,1648.8598079886287

2,0,249601,34,1648812,Gogo40.png,2,0,None,2,1669307.0,1650.4823318796116

2,0,249601,34,1648812,Gogo53.png,3,0,None,2,1670934.0,1652.0616143313237

2,0,249601,34,1648812,Pokemon_3.png,3,0,None,2,1672504.0,1653.6321524521336

2,0,249601,34,1648812,Pokemon_5.png,4,0,None,2,1674075.0,1655.2537575896713

2,0,249601,34,1648812,Gogo48.png,1,0,None,2,1675700.0,1656.8237927909358

2,0,249601,34,1648812,Gogo35.png,3,1,space,2,1677269.0,1658.3965805203188

2,0,249601,34,1648812,Gogo14.png,2,0,None,2,1678845.0,1660.0263996994472

2,0,249601,34,1648812,Gogo28.png,2,0,None,2,1680477.0,1661.5988621017896

2,0,249601,34,1648812,Tentacool.png,3,0,None,2,1682042.0,1663.170299692778

2,0,249601,34,1648812,Dratini.png,1,0,None,2,1683612.0,1664.800677775056

2,0,249601,34,1648812,Gogo52.png,2,0,None,2,1685253.0,1666.3801698543248

2,0,249601,35,1686928,Gogo32.png,2,0,None,5,1686968.0,1668.0907311025658

2,0,249601,35,1686928,Pokemon_24.png,3,0,None,5,1688535.0,1669.6577155074337

2,0,249601,35,1686928,Gogo44.png,1,0,None,5,1690102.0,1671.2301017098362

2,0,249601,35,1686928,Pokemon_18.png,1,0,None,5,1691673.0,1672.8006843064795

2,0,249601,35,1686928,Pokemon_7.png,4,0,None,5,1693241.0,1674.3729342820588

2,0,249601,35,1686928,Gogo30.png,4,0,None,5,1694824.0,1675.9556015658309

2,0,249601,35,1686928,Parasek.png,2,0,None,5,1696401.0,1677.5281678488827

2,0,249601,35,1686928,Gogo33.png,4,0,None,5,1697978.0,1679.1048140939674

2,0,249601,35,1686928,Gogo6.png,1,0,None,5,1699554.0,1680.6809835452004

2,0,249601,35,1686928,Rihorn.png,4,0,None,5,1701126.0,1682.2433122897055

2,0,249601,35,1686928,Kabuto.png,2,0,None,5,1702688.0,1683.8109803167754

2,0,249601,35,1686928,Gogo58.png,4,0,None,5,1704261.0,1685.388942177

2,0,249601,35,1686928,Gogo37.png,1,0,None,5,1705839.0,1687.037140468543

2,0,249601,35,1686928,Pokemon_15.png,3,0,None,5,1707484.0,1688.6116335212719

2,0,249601,35,1686928,Pokemon_6.png,1,0,None,5,1709055.0,1690.1831047024461

2,0,249601,35,1686928,Gogo27.png,2,0,None,5,1710632.0,1691.7635911130346

2,0,249601,35,1686928,Pokemon_10.png,3,0,None,5,1712207.0,1693.3346122481162

2,0,249601,35,1686928,Gogo18.png,3,0,None,5,1713785.0,1694.9024320530007

2,0,249601,35,1686928,Gogo35.png,2,1,space,5,1715350.0,1696.4776671997388

2,0,249601,35,1686928,Puponcho.png,4,0,None,5,1716923.0,1698.0518610511208

2,0,249601,35,1686928,Gogo34.png,2,0,None,5,1718499.0,1699.6527466498665

2,0,249601,35,1686928,Wiesenior.png,1,0,None,5,1720098.0,1701.2200514054275

2,0,249601,35,1686928,Gogo16.png,4,0,None,5,1721670.0,1702.7926851798547

2,0,249601,35,1686928,Gogo35.png,1,1,space,5,1723240.0,1704.3677517537144

2,0,249601,36,1730326,Pokemon_4.png,1,0,None,1,1735345.0,1716.4762825381476

2,0,249601,36,1730326,Gogo2.png,4,0,None,1,1736921.0,1718.049442247604

2,0,249601,36,1730326,Gogo38.png,3,0,None,1,1738496.0,1719.6465458415914

2,0,249601,36,1730326,Pokemon_1.png,3,0,None,1,1740091.0,1721.2179905860685

2,0,249601,36,1730326,Gogo12.png,1,0,None,1,1741662.0,1722.784100402263

2,0,249601,36,1730326,Pokemon_14.png,4,0,None,1,1743224.0,1724.3516825878178

2,0,249601,36,1730326,Florges.png,2,0,None,1,1744795.0,1725.922846170084

2,0,249601,36,1730326,Gogo1.png,4,1,space,1,1746367.0,1727.4938483329024

2,0,249601,36,1730326,Gogo39.png,4,0,None,1,1747943.0,1729.0700252486276

2,0,249601,36,1730326,Gogo41.png,2,0,None,1,1749520.0,1730.6471296263626

2,0,249601,36,1730326,Deliciousrock.png,2,0,None,1,1751090.0,1732.218232248677

2,0,249601,36,1730326,Purmel.png,2,0,None,1,1752661.0,1733.7834233114845

2,0,249601,36,1730326,Gogo7.png,4,0,None,1,1754230.0,1735.3680067901732

2,0,249601,36,1730326,Pokemon_23.png,3,0,None,1,1755813.0,1736.9399143326445

2,0,249601,36,1730326,Gogo45.png,1,0,None,1,1757387.0,1738.5144683453254

2,0,249601,36,1730326,Pokemon_2.png,1,0,None,1,1758956.0,1740.0786062939442

2,0,249601,36,1730326,Pokemon_19.png,4,0,None,1,1760518.0,1741.661135795759

2,0,249601,36,1730326,Gogo9.png,3,0,None,1,1762107.0,1743.2748907852801

2,0,249601,36,1730326,Gogo47.png,4,0,None,1,1763721.0,1744.8479064924177

2,0,249601,36,1730326,Gogo56.png,2,0,None,1,1765298.0,1746.424849139701

2,0,249601,36,1730326,Galaxagos.png,1,0,None,1,1766868.0,1747.9953129267087

2,0,249601,36,1730326,Sabbaione.png,3,0,None,1,1768437.0,1749.5589818569715

2,0,249601,36,1730326,Gogo54.png,3,0,None,1,1770008.0,1751.208590313734

2,0,249601,36,1730326,Gogo1.png,3,1,space,1,1771658.0,1752.7858825476142

2,0,249601,37,1773318,Gogo60.png,3,0,None,4,1773361.0,1754.4928748399252

2,0,249601,37,1773318,Pokemon_8.png,2,0,None,4,1774935.0,1756.1086928259465

2,0,249601,37,1773318,Pokemon_12.png,3,0,None,4,1776550.0,1757.672810558288

2,0,249601,37,1773318,Gogo5.png,3,0,None,4,1778116.0,1759.24390882632

2,0,249601,37,1773318,Pokemon_21.png,3,0,None,4,1779685.0,1760.8075506978203

2,0,249601,37,1773318,Gogo31.png,1,0,None,4,1781254.0,1762.3763862944907

2,0,249601,37,1773318,Gogo21.png,4,0,None,4,1782824.0,1763.9518438206287

2,0,249601,37,1773318,Omanyte.png,2,0,None,4,1784395.0,1765.535733413475

2,0,249601,37,1773318,Muschas.png,4,0,None,4,1785978.0,1767.1473448522738

2,0,249601,37,1773318,Gogo15.png,3,0,None,4,1787594.0,1768.7172525352798

2,0,249601,37,1773318,Gogo1.png,3,1,space,4,1789165.0,1770.293874831812

2,0,249601,37,1773318,Gogo36.png,1,0,None,4,1790746.0,1771.8682008667383

2,0,249601,37,1773318,Pokemon_20.png,1,0,None,4,1792314.0,1773.4365546932095

2,0,249601,37,1773318,Gogo43.png,4,0,None,4,1793882.0,1775.0096568639274

2,0,249601,37,1773318,Pokemon_17.png,1,0,None,4,1795451.0,1776.5742476578453

2,0,249601,37,1773318,Gogo19.png,2,0,None,4,1797021.0,1778.169159181998

2,0,249601,37,1773318,Pokemon_22.png,3,0,None,4,1798612.0,1779.7404717428726

2,0,249601,37,1773318,Gogo50.png,3,0,None,4,1800188.0,1781.3101184800034

2,0,249601,37,1773318,Paras.png,1,0,None,4,1801755.0,1782.8773815588793

2,0,249601,37,1773318,Froakie.png,2,0,None,4,1803321.0,1784.4769571408397

2,0,249601,37,1773318,Gogo1.png,2,1,space,4,1804925.0,1786.0960088031134

2,0,249601,37,1773318,Gogo17.png,4,0,None,4,1806545.0,1787.672369531705

2,0,249601,37,1773318,Gogo26.png,3,0,None,4,1808121.0,1789.2486686783377

2,0,249601,37,1773318,Viscora.png,1,0,None,4,1809695.0,1790.8228643958573

2,0,249601,38,1811367,Gogo32.png,2,0,None,5,1811407.0,1792.5347104682587

2,0,249601,38,1811367,Pokemon_24.png,4,0,None,5,1812979.0,1794.1066348057939

2,0,249601,38,1811367,Gogo44.png,3,0,None,5,1814551.0,1795.679246497748

2,0,249601,38,1811367,Pokemon_18.png,2,0,None,5,1816122.0,1797.2438621732872

2,0,249601,38,1811367,Gogo30.png,1,0,None,5,1817695.0,1798.8756469996297

2,0,249601,38,1811367,Pokemon_7.png,4,0,None,5,1819320.0,1800.4477977597853

2,0,249601,38,1811367,Gogo33.png,4,0,None,5,1820899.0,1802.0266385629075

2,0,249601,38,1811367,Parasek.png,4,0,None,5,1822470.0,1803.5983140842873

2,0,249601,38,1811367,Rihorn.png,3,0,None,5,1824042.0,1805.1696972468053

2,0,249601,38,1811367,Gogo6.png,4,0,None,5,1825618.0,1806.7451068758382

2,0,249601,38,1811367,Kabuto.png,4,0,None,5,1827189.0,1808.3317729453556

2,0,249601,38,1811367,Gogo58.png,1,0,None,5,1828782.0,1809.9584194081835

2,0,249601,38,1811367,Gogo37.png,1,0,None,5,1830410.0,1811.537654895801

2,0,249601,38,1811367,Pokemon_15.png,4,0,None,5,1831984.0,1813.1114792552544

2,0,249601,38,1811367,Gogo27.png,3,0,None,5,1833562.0,1814.6843786409008

2,0,249601,38,1811367,Pokemon_6.png,1,0,None,5,1835129.0,1816.2559832496918

2,0,249601,38,1811367,Gogo18.png,2,0,None,5,1836705.0,1817.8281231241417

2,0,249601,38,1811367,Pokemon_10.png,1,0,None,5,1838274.0,1819.4014666465227

2,0,249601,38,1811367,Puponcho.png,2,0,None,5,1839847.0,1820.9746359976125

2,0,249601,38,1811367,Gogo34.png,3,0,None,5,1841424.0,1822.569795093732

2,0,249601,38,1811367,Gogo16.png,2,0,None,5,1843024.0,1824.191860541061

2,0,249601,38,1811367,Gogo1.png,1,1,space,5,1844641.0,1825.7679979572422

2,0,249601,38,1811367,Wiesenior.png,4,0,None,5,1846210.0,1827.3274261280894

2,0,249601,38,1811367,Gogo1.png,4,1,space,5,1847778.0,1828.9012962075067

2,0,249601,39,1849393,Pokemon_11.png,2,0,None,2,1849428.0,1830.5500372291426

2,0,249601,39,1849393,Gogo4.png,4,0,None,2,1850998.0,1832.1206391090527

2,0,249601,39,1849393,Gogo13.png,3,0,None,2,1852565.0,1833.687337686366

2,0,249601,39,1849393,Pokemon_9.png,2,0,None,2,1854130.0,1835.257384706405

2,0,249601,39,1849393,Gogo29.png,4,0,None,2,1855709.0,1836.8370354059152

2,0,249601,39,1849393,Pokemon_16.png,4,0,None,2,1857280.0,1838.5047029353445

2,0,249601,39,1849393,Gogo20.png,2,0,None,2,1858953.0,1840.0758338604937

2,0,249601,39,1849393,Tangela.png,2,0,None,2,1860522.0,1841.6393401272362

2,0,249601,39,1849393,Gogo1.png,4,1,space,2,1862089.0,1843.2170267346664

2,0,249601,39,1849393,Gogo55.png,2,0,None,2,1863664.0,1844.783816440904

2,0,249601,39,1849393,Skiploon.png,4,0,None,2,1865229.0,1846.3572470488725

2,0,249601,39,1849393,Gogo14.png,3,0,None,2,1866811.0,1847.9389016510686

2,0,249601,39,1849393,Pokemon_13.png,4,0,None,2,1868385.0,1849.5124121912522

2,0,249601,39,1849393,Gogo40.png,3,0,None,2,1869963.0,1851.0905081011588

2,0,249601,39,1849393,Gogo53.png,2,0,None,2,1871543.0,1852.6706349724554

2,0,249601,39,1849393,Pokemon_3.png,4,0,None,2,1873118.0,1854.2453895931249

2,0,249601,39,1849393,Pokemon_5.png,2,0,None,2,1874690.0,1855.8177322527627

2,0,249601,39,1849393,Gogo48.png,3,0,None,2,1876266.0,1857.393469696981

2,0,249601,39,1849393,Dunsparce.png,3,0,None,2,1877837.0,1858.9651050968096

2,0,249601,39,1849393,Gogo28.png,3,0,None,2,1879418.0,1860.5453252741718

2,0,249601,39,1849393,Tentacool.png,2,0,None,2,1880992.0,1862.1194519452401

2,0,249601,39,1849393,Dratini.png,1,0,None,2,1882564.0,1863.6912739570835

2,0,249601,39,1849393,Gogo52.png,2,0,None,2,1884147.0,1865.2749162889668

2,0,249601,39,1849393,Gogo1.png,2,1,space,2,1885724.0,1866.8469930263236

2,0,249601,40,1894562,Pokemon_4.png,1,0,space,1,1897627.0,1901.7367737136083

2,0,249601,40,1894562,Gogo2.png,3,0,None,1,1922192.0,1903.3196189008304

2,0,249601,40,1894562,Pokemon_1.png,4,0,None,1,1923771.0,1904.8987464644597

2,0,249601,40,1894562,Gogo38.png,3,0,None,1,1925351.0,1906.4784021403175

2,0,249601,40,1894562,Gogo12.png,1,0,None,1,1926931.0,1908.0582434951793

2,0,249601,40,1894562,Pokemon_14.png,4,0,None,1,1928507.0,1909.6346026686952

2,0,249601,40,1894562,Gogo39.png,4,0,None,1,1930083.0,1911.210328294197

2,0,249601,40,1894562,Rocara.png,1,1,None,1,1931657.0,1912.7743601849652

2,0,249601,40,1894562,Florges.png,2,0,None,1,1933220.0,1914.3480464514578

2,0,249601,40,1894562,Gogo41.png,4,0,None,1,1934795.0,1915.9392347536632

2,0,249601,40,1894562,Deliciousrock.png,4,0,None,1,1936388.0,1917.5163024310023

2,0,249601,40,1894562,Purmel.png,1,0,None,1,1937959.0,1919.0844870625297

2,0,249601,40,1894562,Pokemon_23.png,2,0,None,1,1939531.0,1920.658520738536

2,0,249601,40,1894562,Gogo7.png,3,0,None,1,1941109.0,1922.2586011061212

2,0,249601,40,1894562,Pokemon_2.png,3,0,None,1,1942706.0,1923.8340916004381

2,0,249601,40,1894562,Gogo45.png,4,0,None,1,1944286.0,1925.4075402475428

2,0,249601,40,1894562,Gogo9.png,2,0,None,1,1945861.0,1926.9884994087624

2,0,249601,40,1894562,Pokemon_19.png,1,0,None,1,1947435.0,1928.6119476516033

2,0,249601,40,1894562,Rocara.png,4,1,None,1,1949057.0,1930.1797416417976

2,0,249601,40,1894562,Gogo47.png,2,0,None,1,1950632.0,1931.778729395708

2,0,249601,40,1894562,Galaxagos.png,2,0,None,1,1952227.0,1933.3544914105441

2,0,249601,40,1894562,Gogo56.png,1,0,None,1,1953805.0,1934.9626869152999

2,0,249601,40,1894562,Gogo54.png,1,0,None,1,1955416.0,1936.5431811014423

2,0,249601,40,1894562,Sabbaione.png,1,0,None,1,1956988.0,1938.1430132749956

2,0,249601,41,1958684,Gogo4.png,4,0,None,2,1958725.0,1939.8520626543905

2,0,249601,41,1958684,Pokemon_11.png,4,0,None,2,1960300.0,1941.7296961395768

2,0,249601,41,1958684,Pokemon_9.png,4,0,None,2,1962176.0,1943.383763691876

2,0,249601,41,1958684,Gogo13.png,4,0,None,2,1963837.0,1944.964728762454

2,0,249601,41,1958684,Gogo29.png,1,0,None,2,1965419.0,1946.605511090078

2,0,249601,41,1958684,Pokemon_16.png,2,0,None,2,1967051.0,1948.1791099599213

2,0,249601,41,1958684,Gogo20.png,3,0,None,2,1968627.0,1949.8449381163227

2,0,249601,41,1958684,Rocara.png,4,1,None,2,1970293.0,1951.420992490137

2,0,249601,41,1958684,Tangela.png,3,0,None,2,1971870.0,1953.0367227685056

2,0,249601,41,1958684,Rocara.png,3,1,None,2,1973486.0,1954.6137139349012

2,0,249601,41,1958684,Skiploon.png,2,0,None,2,1975061.0,1956.2360415721778

2,0,249601,41,1958684,Gogo55.png,1,0,None,2,1976691.0,1957.8186783759738

2,0,249601,41,1958684,Pokemon_13.png,4,0,None,2,1978265.0,1959.4156544516445

2,0,249601,41,1958684,Gogo40.png,4,0,None,2,1979871.0,1960.9935065218015

2,0,249601,41,1958684,Pokemon_3.png,4,0,None,2,1981442.0,1962.613879397628

2,0,249601,41,1958684,Gogo53.png,1,0,None,2,1983074.0,1964.2014965666458

2,0,249601,41,1958684,Pokemon_5.png,4,0,None,2,1984650.0,1965.8212844136287

2,0,249601,41,1958684,Gogo48.png,1,0,None,2,1986278.0,1967.4052688675583

2,0,249601,41,1958684,Gogo14.png,1,0,None,2,1987856.0,1969.0385111342184

2,0,249601,41,1958684,Dunsparce.png,3,0,None,2,1989491.0,1970.6185198178864

2,0,249601,41,1958684,Gogo28.png,2,0,None,2,1991075.0,1972.270602439763

2,0,249601,41,1958684,Tentacool.png,1,0,None,2,1992718.0,1973.845670257695

2,0,249601,41,1958684,Dratini.png,1,0,None,2,1994294.0,1975.4614630511496

2,0,249601,41,1958684,Gogo52.png,1,0,None,2,1995921.0,1977.043900802033

2,0,249601,42,1997598,Pokemon_24.png,4,0,None,5,1997634.0,1978.761335906107

2,0,249601,42,1997598,Gogo32.png,2,0,None,5,1999215.0,1980.337968155276

2,0,249601,42,1997598,Gogo44.png,3,0,None,5,2000789.0,1981.9130739176762

2,0,249601,42,1997598,Pokemon_18.png,3,0,None,5,2002362.0,1983.4845939290244

2,0,249601,42,1997598,Gogo30.png,2,0,None,5,2003942.0,1985.066257861792

2,0,249601,42,1997598,Pokemon_7.png,4,0,None,5,2005515.0,1986.6427843641723

2,0,249601,42,1997598,Parasek.png,4,0,None,5,2007088.0,1988.250988266489

2,0,249601,42,1997598,Gogo33.png,1,0,None,5,2008706.0,1989.833605164953

2,0,249601,42,1997598,Rihorn.png,1,0,None,5,2010282.0,1991.4812591712107

2,0,249601,42,1997598,Gogo6.png,2,0,None,5,2011936.0,1993.063332406513

2,0,249601,42,1997598,Gogo58.png,2,0,None,5,2013519.0,1994.6882576839416

2,0,249601,42,1997598,Kabuto.png,1,0,None,5,2015138.0,1996.2660945140524

2,0,249601,42,1997598,Pokemon_15.png,4,0,None,5,2016713.0,1997.9009559514816

2,0,249601,42,1997598,Gogo37.png,2,0,None,5,2018358.0,1999.4860507472767

2,0,249601,42,1997598,Gogo27.png,1,0,None,5,2019940.0,2001.0953824085882

2,0,249601,42,1997598,Pokemon_6.png,1,0,None,5,2021547.0,2002.6747429263196

2,0,249601,42,1997598,Gogo18.png,4,0,None,5,2023128.0,2004.3029746587272

2,0,249601,42,1997598,Pokemon_10.png,1,0,None,5,2024754.0,2005.8810484861606

2,0,249601,42,1997598,Rocara.png,2,1,None,5,2026326.0,2007.497674191487

2,0,249601,42,1997598,Puponcho.png,1,0,None,5,2027948.0,2009.0754528608522

2,0,249601,42,1997598,Gogo34.png,1,0,None,5,2029531.0,2010.7077975234133

2,0,249601,42,1997598,Wiesenior.png,4,0,None,5,2031158.0,2012.2855289177387

2,0,249601,42,1997598,Rocara.png,3,1,None,5,2032734.0,2013.8756809008191

2,0,249601,42,1997598,Gogo16.png,3,0,None,5,2034334.0,2015.4616960051935

2,0,249601,43,2035964,Gogo60.png,2,0,None,4,2036010.0,2017.127818075649

2,0,249601,43,2035964,Pokemon_8.png,2,0,None,4,2037578.0,2018.7004157716874

2,0,249601,43,2035964,Gogo5.png,3,0,None,4,2039154.0,2020.3426819763263

2,0,249601,43,2035964,Pokemon_12.png,1,0,None,4,2040792.0,2021.9206668520346

2,0,249601,43,2035964,Gogo31.png,2,0,None,4,2042371.0,2023.548851620406

2,0,249601,43,2035964,Pokemon_21.png,4,0,None,4,2043998.0,2025.1257392170955

2,0,249601,43,2035964,Gogo21.png,4,0,None,4,2045577.0,2026.7703480253113

2,0,249601,43,2035964,Rocara.png,2,1,None,4,2047221.0,2028.3480218808982

2,0,249601,43,2035964,Omanyte.png,2,0,None,4,2048796.0,2029.9876335287117

2,0,249601,43,2035964,Gogo15.png,1,0,None,4,2050443.0,2031.5708130626008

2,0,249601,43,2035964,Muschas.png,2,0,None,4,2052019.0,2033.2036115035298

2,0,249601,43,2035964,Paras.png,2,0,None,4,2053655.0,2034.7821577705909

2,0,249601,43,2035964,Pokemon_20.png,1,0,None,4,2055229.0,2036.3530918199685

2,0,249601,43,2035964,Gogo43.png,4,0,None,4,2056804.0,2037.9324115940835

2,0,249601,43,2035964,Pokemon_17.png,2,0,None,4,2058380.0,2039.5069830238936

2,0,249601,43,2035964,Gogo19.png,4,0,None,4,2059958.0,2041.08559989254

2,0,249601,43,2035964,Pokemon_22.png,4,0,None,4,2061536.0,2042.664878300915

2,0,249601,43,2035964,Gogo50.png,1,0,None,4,2063121.0,2044.2391390216653

2,0,249601,43,2035964,Rocara.png,3,1,None,4,2064689.0,2045.8172635454102

2,0,249601,43,2035964,Gogo36.png,4,0,None,4,2066273.0,2047.4342568765278

2,0,249601,43,2035964,Froakie.png,4,0,None,4,2067887.0,2049.0139868861297

2,0,249601,43,2035964,Gogo17.png,2,0,None,4,2069465.0,2050.64333797997