"nr","subject_nr","color_counter","eval_endmel","eval_endscr","eval_startmel","eval_startscr","evaltime_endmel","evaltime_endscr","evaltime_startmel","evaltime_startscr","correct_endmel","correct_endscr","correct_startmel","correct_startscr","memtime_endmel","memtime_endscr","memtime_startmel","memtime_startscr","kopfhoerer_abgesetzt","musik_beenden_negativ","schrei_beenden_positiv","time_kopfhoerer","time_EM_neg","time_ES_pos","PS_endmel","PS_endscr","PS_startmel","PS_startscr","PC_endmel","PC_endscr","PC_startmel","PC_startscr"
"1",1,"ES_red",4,4,8,0,2452,14538,4387,3133,1,1,1,1,7149,7301,3620,8887,1,1,1,7629,3127,13446,79.8212974296206,74.7287581699346,129.532520325203,102.437405731523,0.885416666666667,0.9375,0.842105263157895,0.875
"2",2,"ES_purple",0,5,8,0,3765,2318,6439,4530,1,1,1,1,3542,3070,3493,3584,0,1,1,3880,1848,4317,26.6714285714286,-3.01547619047619,107.15404040404,-7.12884615384621,0.885416666666667,0.884210526315789,0.78125,0.852631578947368
"3",3,"ES_purple",1,7,8,0,4742,8937,1740,1613,1,1,1,1,1522,3425,2195,5298,0,1,1,4488,3137,2826,-14.1732718894009,95.1383928571428,32.2128851540616,-51.7368082368082,0.747368421052632,0.712765957446808,0.851063829787234,0.852631578947368
"4",4,"ES_red",4,8,8,3,2332,9718,1934,3316,1,1,1,1,1798,2307,6933,3513,0,1,1,9469,5604,3441,14.2108747044917,80.0434397163122,67.5471014492754,38.0072463768116,0.979166666666667,0.989583333333333,0.979166666666667,0.979166666666667
"5",5,"ES_green",3,3,8,0,5285,7697,6136,5291,1,1,1,1,10465,5895,4382,6282,0,1,1,6159,3794,6381,23.4944495837188,57.8632246376812,30.7203014184397,20.0764023210832,0.979166666666667,0.979166666666667,1,0.96875
"6",6,"ES_red",4,8,7,0,3010,4894,9701,1639,1,1,1,1,6722,3555,2823,1734,1,0,1,4623,3777,2525,168.307692307692,154.098398169336,142.027777777778,-121.778554778555,0.723404255319149,0.697916666666667,0.663157894736842,0.610526315789474
"7",7,"ES_purple",3,5,6,3,1452,1330,6076,4711,1,1,1,1,1706,3168,4241,1354,0,0,1,5761,2764,4495,-36.3365853658536,-87.9053426248548,16.6017094017094,-15.0667340748231,0.90625,0.957894736842105,0.905263157894737,0.947916666666667
"8",8,"ES_purple",1,7,8,1,2468,2729,7892,2958,1,1,1,1,11089,2676,2353,1716,0,1,1,3925,1573,2299,52.075,-40.4707792207793,96.4857142857143,32.2445652173913,0.842105263157895,0.9375,0.873684210526316,0.958333333333333
"9",9,"ES_red",1,7,8,0,4987,17803,2066,1894,1,1,1,1,7665,8914,5194,4425,0,0,0,18665,3837,6997,-27.9738562091503,-9.05098039215682,69.5571095571096,-40.2843137254902,0.810526315789474,0.826086956521739,0.842105263157895,0.791666666666667
"10",10,"ES_yellow",4,3,7,4,3300,1024,4680,6822,1,1,1,1,4418,3876,1496,1947,0,1,0,6964,5703,5760,49.8567119155355,54.952347083926,69.6003289473684,51.1190476190477,0.872340425531915,0.895833333333333,0.802083333333333,0.895833333333333
"11",11,"ES_purple",5,5,7,0,16067,3962,10950,3831,1,1,1,1,2471,7603,4576,2215,0,0,1,9108,7561,5190,-14.3572841133818,15.3086680761099,15.9127371273712,-16.9013550135501,0.833333333333333,0.91578947368421,0.947916666666667,0.90625
"12",12,"ES_purple",5,6,7,2,10250,4219,1687,1505,1,1,1,1,3653,2234,1398,2097,0,1,1,6939,6792,3156,15.5583011583011,15.8805555555556,8.319512195122,-52.8809523809523,0.897727272727273,0.908045977011494,0.870588235294118,0.91304347826087
"13",13,"ES_yellow",2,6,8,0,11101,3720,5021,2772,1,1,1,1,2052,10392,2642,2546,0,1,1,6625,7213,5703,-81.7838137472285,-61.5574750830565,121.583512544803,-69.2736842105263,0.905263157894737,0.8125,0.802083333333333,0.864583333333333
"14",14,"ES_green",2,6,6,4,2217,4205,3092,6514,1,1,1,1,3853,2896,1662,1372,0,1,1,4150,2439,2205,9.33055555555558,163.709090909091,53,28.9855297157623,0.885416666666667,0.833333333333333,0.875,0.9375
"15",15,"ES_yellow",5,8,6,3,9590,2047,16306,3042,1,1,1,1,2137,1986,2534,5068,0,0,1,4972,7959,5573,-21.0764411027569,-11.1976744186046,35.541231126597,-89.4477351916375,0.91578947368421,0.968085106382979,0.947916666666667,0.936842105263158
"16",16,"ES_purple",7,3,8,2,5977,4569,7663,6604,1,1,1,1,1421,3177,1715,4294,0,0,1,3449,8977,3685,45.6745827984596,-6.441391941392,72.9873150105708,-6.29604022627279,0.947916666666667,0.936842105263158,0.916666666666667,0.926315789473684
"17",17,"ES_green",4,4,4,4,3564,7361,360,391,1,1,1,1,1358,4341,4295,2146,0,1,1,7584,3095,4581,-4.60703812316717,-20.5673624288426,5.7012987012987,-29.75,0.89010989010989,0.921348314606742,0.943820224719101,0.887640449438202
"18",18,"ES_red",6,1,6,5,15968,3369,5440,5450,1,1,1,1,2076,2381,2897,22327,0,1,1,6802,5250,4651,41.0389507154213,58.4916666666667,35.2949125596185,36.5384615384615,0.96875,0.967391304347826,0.946236559139785,0.957894736842105
"19",19,"ES_yellow",5,6,7,1,4779,10935,2714,2716,1,1,1,1,1799,1466,3635,2590,0,0,1,6542,6714,2762,21.2511312217194,53.4558558558558,71.0048780487805,60.6,0.966666666666667,0.947368421052632,0.927083333333333,0.936842105263158
"20",20,"ES_purple",4,4,6,3,6653,8568,16575,3862,1,1,1,1,1838,4240,1499,4309,0,0,1,5510,3327,6590,19.2198228128461,-0.526315789473642,13.2077519379844,3.67424242424249,0.957894736842105,0.958333333333333,0.989583333333333,0.979166666666667
"21",21,"ES_red",1,6,8,3,4658,3339,8817,6342,1,1,1,1,5731,3106,3052,3147,0,1,1,5384,2559,4981,-8.94625322997422,8.27272727272725,31.5174603174603,-27.3149646107179,0.989583333333333,0.9375,0.979166666666667,0.989583333333333
"22",22,"ES_purple",5,6,7,2,6726,10878,14170,8479,1,1,1,1,8633,2333,2935,3454,1,0,1,11569,11205,3220,10.9198416625433,10.875,63.6723963599595,-5.33752417794972,0.96875,1,0.96875,0.989583333333333
"23",23,"ES_yellow",4,5,5,2,3659,4757,5914,2205,1,1,1,1,5566,2954,3170,3887,0,1,1,6594,4196,3128,31.24898989899,10.833096926714,6.85652173913036,13.2333333333333,0.989583333333333,0.979166666666667,0.96875,0.96875
"24",24,"ES_yellow",3,5,6,2,5214,2217,7614,2719,1,1,1,1,7289,2682,1217,2833,0,1,1,4272,4514,4466,-5.49922480620148,18.1136363636363,11.5899209486166,-22.9983370288248,0.927083333333333,0.916666666666667,0.958333333333333,0.916666666666667
"25",25,"ES_purple",8,8,8,0,10115,3352,992,2144,1,1,1,1,3051,5731,2115,2404,0,1,1,3476,2997,3669,15.1593137254902,-8.12037037037038,13.392380952381,51.4,0.583333333333333,0.59375,0.645161290322581,0.673684210526316
"26",26,"ES_yellow",3,7,7,0,6672,35508,2113,3177,1,1,1,1,10047,5010,3328,2952,0,1,1,13731,3299,6320,9.99134199134198,38.6657004830919,23.8333333333334,14.0670731707318,0.947368421052632,0.96875,0.926315789473684,0.927083333333333
"27",27,"ES_yellow",1,3,8,5,5825,12895,3854,11984,1,1,1,1,8215,5195,3050,8408,1,0,1,6043,2900,3984,12.3222222222222,30.2333333333333,25.4299489506523,33.9767441860465,1,0.958333333333333,0.968421052631579,0.946808510638298
"28",28,"ES_purple",4,6,7,1,12972,7519,4091,5709,1,1,1,1,3035,3543,5562,2125,0,1,1,5033,3746,3578,1.37995337995335,32.9655462184874,5.18825910931173,-2.02777777777771,0.903225806451613,0.875,0.853932584269663,0.91304347826087
"29",29,"ES_green",2,8,6,0,13429,8760,2661,9458,1,1,1,1,3791,2008,6086,1732,0,0,1,6396,4465,2909,100.744186046512,43.7091932457786,71.560975609756,90,0.989473684210526,0.956989247311828,0.978947368421053,0.957894736842105
"30",30,"ES_yellow",6,3,8,1,4852,8098,3130,1885,1,1,1,1,3750,3261,2645,3782,0,1,1,2987,3581,3142,18.5483091787439,38.4149758454106,36.6086956521739,20.0222222222222,0.979166666666667,0.947916666666667,0.96875,0.947368421052632
"31",31,"ES_purple",6,3,5,2,3449,3548,4285,8646,1,1,1,1,2017,4984,2440,1621,0,0,1,4833,4968,3147,42.177304964539,9.82978723404256,88.9416666666667,-22.7420289855072,0.96875,0.979166666666667,0.979166666666667,0.947916666666667
"32",32,"ES_green",1,8,8,0,22891,6866,4835,6225,1,1,1,1,1857,7580,2471,3447,0,1,1,4863,13544,7598,18.4517565561603,6.72916666666669,18.9710144927537,15.5744680851064,0.9375,1,0.979166666666667,0.979166666666667
"33",33,"ES_purple",4,6,6,2,1738,7154,8901,2073,1,1,1,1,2929,2664,1869,1974,0,1,1,4255,5992,2595,-1.54017094017104,-37.7666666666667,-12.2362637362638,-45.8267045454545,0.90625,0.8,0.885416666666667,0.791666666666667
"34",34,"ES_green",0,8,8,0,5339,2395,13674,6373,1,1,1,1,5174,1221,2932,2653,0,1,1,9768,3862,3387,16.9365079365078,61.1338141025641,28.1587301587301,19.5849673202614,0.860215053763441,0.903225806451613,0.849462365591398,0.802083333333333
"35",35,"ES_yellow",3,8,3,0,5133,2108,10254,1962,1,0,1,1,3908,2351,3706,3889,0,1,1,5390,7491,6354,82.0333333333333,4.57386363636363,29.1083916083917,21.9866666666667,0.578947368421053,0.583333333333333,0.694736842105263,0.697916666666667
"36",36,"ES_purple",4,2,7,2,1280,1266,8665,2481,1,1,1,1,1294,5570,3706,1856,0,1,1,9416,2963,3796,34.6762626262627,22.2103134479272,68.9116883116883,-32.5873754152824,0.9375,0.927083333333333,0.84375,0.822916666666667
"37",37,"ES_green",4,4,8,0,1069,2167,5298,3785,0,0,1,1,1529,11571,2140,2467,0,1,1,3776,2699,2731,-14.6367753623188,-32.1996966632963,-19.9499113475178,-31.3958333333333,0.979166666666667,0.9375,0.989583333333333,1
"38",38,"ES_red",6,7,3,0,1879,11126,5012,2910,1,1,1,1,2913,3042,1402,3118,0,0,1,4998,3733,2890,-31.5135869565217,-12.0280193236715,64.6852836879432,-31.4130773222626,0.979166666666667,0.958333333333333,0.989583333333333,0.927083333333333
"39",39,"ES_purple",3,3,3,3,502,3509,1098,568,0,0,1,0,731,2848,517,561,1,1,1,945,769,3645,70.3869281045751,59.073458073458,74.5277382645804,34.2559523809524,0.864583333333333,0.833333333333333,0.863157894736842,0.895833333333333
"40",40,"ES_green",2,7,8,1,6972,3466,1743,12008,1,1,1,1,5647,7290,3327,2352,0,1,1,7907,3623,4076,-10.2150776053215,5.26818406729342,38.895390070922,-4.05820399113088,0.957446808510638,0.979166666666667,0.989583333333333,0.947368421052632
"41",41,"ES_red",5,4,7,4,4910,5131,6933,2970,1,1,1,1,1739,3683,3174,2402,0,0,1,3962,3917,3407,68.2799806576402,37,29.6240721102863,48.3261904761905,0.957894736842105,0.894736842105263,0.947916666666667,0.905263157894737
"42",42,"ES_purple",6,6,8,0,5098,11310,2787,7356,1,1,1,1,4413,8638,2156,2306,0,1,1,5735,3429,3343,-34.4340212632895,-11.6509324009323,20.8616883116883,-19.6068211068211,0.947368421052632,0.947368421052632,0.885416666666667,0.925531914893617
"43",43,"ES_purple",3,6,8,0,4110,33309,9761,6682,1,1,1,1,4167,29500,2496,8095,0,1,1,7275,9425,9396,129.602272727273,103.071428571429,121.689024390244,84.5,0.905263157894737,0.947368421052632,0.927083333333333,0.9375
"44",44,"ES_green",3,8,5,0,17845,1530,5073,9205,1,1,1,1,2906,3220,7791,5190,0,1,1,5792,2868,3771,-56.7560975609756,59.8165438165438,3.91973791973794,16.0625,0.808510638297872,0.831578947368421,0.84375,0.776595744680851
"45",45,"ES_red",2,4,7,1,8820,2851,3553,2768,1,1,1,1,4694,9222,3238,2485,0,1,1,6712,4185,3749,26.4526198439243,21.7631578947369,63.2498762988619,17.3728260869565,0.947368421052632,0.884210526315789,0.958333333333333,0.927083333333333
"46",46,"ES_yellow",1,8,8,0,3295,6440,1146,3642,1,1,1,1,2660,6540,959,1456,0,1,1,3482,2034,2313,2.84065934065939,-26.4217948717949,-2.28205128205127,-11.9672514619883,0.885416666666667,0.885416666666667,0.895833333333333,0.90625
"47",47,"ES_green",6,6,6,6,4001,965,6574,4980,1,1,1,1,4269,3504,2239,2226,0,1,1,8353,2899,3400,27.9772727272727,-6.47676767676774,16.6860465116279,17.2403846153846,0.968421052631579,0.979166666666667,0.936842105263158,0.904255319148936
"48",48,"ES_green",4,2,3,5,4446,8470,6089,8989,1,1,1,1,1397,2233,2897,6992,0,1,1,4925,3347,4453,-5.59207317073174,-22.2333333333333,17.653162055336,17.9503875968993,0.895833333333333,0.895833333333333,0.947916666666667,0.936842105263158
"49",49,"ES_yellow",3,5,5,1,1754,14216,2552,5276,1,1,1,1,1533,10841,2281,2165,0,0,1,2818,5784,4385,-2.96653431650589,-11.2135306553912,75.4439276485788,-37.4742316784869,0.957894736842105,0.947916666666667,0.958333333333333,0.989583333333333
"50",50,"ES_red",2,8,8,0,6889,3894,5406,1858,1,1,1,1,6448,4159,2260,2477,0,0,1,9871,6672,5554,67.6894736842105,10.7898134863701,61.8093709884467,26.921052631579,0.873684210526316,0.873684210526316,0.925531914893617,0.833333333333333
"51",51,"ES_green",1,7,7,1,6818,10179,5317,1085,1,1,1,1,2035,8434,6775,8973,1,1,1,6938,2934,3482,28.207004377736,14.4751461988304,58.9772727272727,53.6923076923077,0.893617021276596,0.865168539325843,0.815217391304348,0.879120879120879
"52",52,"ES_red",2,7,8,0,9682,6786,12274,8045,1,1,1,1,5992,1390,7554,7470,0,1,1,15700,7505,11192,-3.86241134751776,26.4072351421188,45.5291666666667,-1.5333333333333,0.96875,0.916666666666667,0.96875,0.9375
"53",53,"ES_green",2,7,8,0,4443,6663,3385,8950,1,1,1,1,9960,3645,4596,7083,0,0,1,7265,3442,4849,10.2067363530778,46.6753774680604,62.2051282051282,21.3076923076923,0.914893617021277,0.925531914893617,0.854166666666667,0.864583333333333
"54",54,"ES_red",1,1,1,1,3755,7880,567,467,1,1,1,1,11946,4768,2046,1650,0,1,1,4410,3342,9953,39.0498338870432,15.3060200668897,58.200845665962,30.0931832395247,0.968085106382979,0.905263157894737,0.9375,0.89247311827957
"55",55,"ES_yellow",4,6,7,0,3630,3133,6179,7440,1,1,1,1,3447,7528,4314,2572,0,1,1,6573,4006,3369,41.6820512820512,48.7929061784897,65.7093495934959,8.50338753387541,0.958333333333333,0.957894736842105,0.946236559139785,0.927083333333333
"56",56,"ES_red",3,6,5,2,7220,7237,7624,4258,1,1,1,1,3522,894,6431,4450,0,1,0,4424,6209,11301,43.2757575757576,70.3401162790698,60.2469935245143,32.4972826086956,0.9375,0.958333333333333,0.96875,0.989583333333333
"57",57,"ES_red",3,5,8,0,2908,16604,2850,8086,1,1,1,1,4723,9550,2550,1692,0,1,1,10015,7044,3154,2.94922630560927,-5.85700483091784,38.0697674418604,-36.8714285714286,0.947916666666667,0.947916666666667,0.895833333333333,0.90625
"58",58,"ES_yellow",5,5,6,2,4824,25192,9755,8030,1,1,1,1,13401,3607,2562,3940,0,0,1,5683,4232,7763,-14.5216701902749,-32.9944444444444,-32.4444444444445,-25.4524772497472,0.916666666666667,0.9375,0.9375,0.9375
"59",59,"ES_purple",4,8,8,4,10255,3729,1928,3350,1,0,0,1,2382,7245,4811,1434,0,1,1,5717,4918,4189,53.7464008859357,63.2691029900332,52.8611111111111,65.3853820598007,0.98936170212766,0.989473684210526,0.936170212765957,0.989473684210526
"60",60,"ES_yellow",2,7,4,1,4529,8424,9209,3998,1,1,1,1,3754,5944,1612,3301,1,0,1,4670,4170,3454,10.7338282078473,-2.46016260162594,-24.705982905983,47.9325014180374,0.916666666666667,0.895833333333333,0.905263157894737,0.895833333333333
"61",61,"ES_yellow",5,8,7,6,10038,4297,12790,5491,1,1,1,1,6652,2971,2064,2817,0,0,1,6266,7397,5318,-4.16666666666674,11.2047101449275,-2.33888888888885,25.1664302600474,1,0.989583333333333,0.96875,0.96875
"62",62,"ES_red",6,5,6,3,4516,9644,2872,6480,1,1,1,1,6031,5264,3233,1997,0,1,1,6348,2954,3935,21.1307624113475,17.2624113475177,27.7287234042553,24.3478260869565,0.989583333333333,0.989583333333333,1,0.96875
"63",63,"ES_yellow",4,7,8,0,4073,2563,1726,21431,1,1,1,1,818,9454,1607,2254,0,1,1,6184,4159,3383,41.2826086956521,29.3188405797102,20.5106382978723,28.2391304347826,0.979166666666667,0.979166666666667,0.989583333333333,0.968421052631579
"64",64,"ES_purple",5,8,8,0,11694,5330,1563,4688,1,1,1,1,4348,2854,1996,3735,0,0,1,5358,4579,3231,32.891363022942,65.8920731707318,65.8542510121457,-27.5868131868132,0.903225806451613,0.885416666666667,0.89247311827957,0.864583333333333
"65",65,"ES_green",4,8,8,0,4552,3640,7559,3940,1,1,1,1,4637,1175,2662,2378,0,0,1,4393,1944,3251,50.7695035460994,32.452380952381,60.2087967644085,-36.8303523035231,0.96875,0.90625,0.979166666666667,0.9375
"66",66,"ES_red",1,5,7,0,16651,4202,1342,3058,1,1,1,1,5065,4507,3669,1901,0,1,1,3696,2103,3604,-39.9067882472138,6.34042553191495,-30.8987080103359,-68.645935624659,0.947916666666667,1,0.927083333333333,0.895833333333333
"67",67,"ES_green",5,5,8,1,3805,2746,2761,8143,1,1,1,1,6798,9949,4471,3836,0,1,1,8262,4251,3704,-7.73684210526312,16.075,44.3087108013938,8.55327342747114,0.884210526315789,0.882978723404255,0.864583333333333,0.914893617021277
"68",68,"ES_red",3,2,8,0,11512,9151,4930,1842,1,1,1,1,4460,12601,1535,8092,0,1,1,3566,2848,4005,7.07859078590786,17.0212765957447,0.574358974358915,9.13457556935816,0.895833333333333,0.989583333333333,0.884210526315789,0.927083333333333
"69",69,"ES_red",3,4,5,4,3390,4669,4369,25417,1,1,1,1,1492,11909,2527,2999,0,1,0,12369,6543,4818,9.88496376811599,-11.5304642166344,-0.099595551061725,2.95326086956527,0.979166666666667,0.96875,0.947916666666667,0.936842105263158
"70",70,"ES_yellow",3,5,6,2,2719,1155,8516,3008,1,1,1,1,2159,6514,2212,1314,0,0,1,5881,4496,4191,-3.71739130434776,-47.8255319148936,-28.7522796352583,-44.3215130023641,0.979166666666667,0.979166666666667,0.9375,0.979166666666667
"71",71,"ES_red",5,2,7,1,2019,4952,1262,12114,1,1,1,1,5185,6370,2232,1444,0,1,1,4250,7104,4229,51.0909090909091,5.74625322997417,77.0834175935289,36.0585858585858,0.927083333333333,0.9375,0.9375,0.947916666666667
"72",72,"ES_red",2,1,4,6,5463,2127,4323,2881,1,1,1,1,6130,4391,1589,2042,0,1,1,5190,3090,2760,36.8184397163121,19.1306818181819,36.0292929292929,51.1697399527187,0.968421052631579,0.96875,0.9375,0.96875
"73",73,"ES_green",5,5,6,3,6311,4338,5138,22640,1,1,1,1,10598,7117,3288,4717,0,0,1,8377,3201,5763,57.8942687747036,45.8608695652174,5.62647754137106,25.1392649903288,0.958333333333333,0.96875,0.958333333333333,0.96875
"74",74,"ES_purple",3,5,7,1,9960,1144,4153,1612,1,1,1,1,2914,11698,3882,2636,0,1,1,4206,1788,3123,-16.9627906976743,-39.175,8.94541231126595,-27.7239130434782,0.927083333333333,0.884210526315789,0.864583333333333,0.895833333333333
"75",75,"ES_red",2,8,6,0,8232,11540,14297,2852,1,1,1,1,2941,9561,3367,7015,0,1,1,3902,5353,2318,9.78253968253966,-45.8723404255319,8.66666666666663,-49.1977730646872,0.9375,0.96875,0.90625,0.957894736842105
"76",76,"ES_yellow",6,8,5,1,2333,2463,3304,3882,1,1,1,1,3662,1993,4672,4322,1,0,1,5122,4716,3651,26.3489177489178,14.8012718600954,22.4924812030075,88.7958748221906,0.884210526315789,0.829787234042553,0.822916666666667,0.913978494623656
"77",77,"ES_yellow",1,6,8,0,3252,21073,1716,6198,1,1,1,1,6231,2084,2405,4232,0,1,1,5476,5792,4784,30.4621347644603,3.69318181818187,70.7099415204679,-23.5334302325581,0.875,0.895833333333333,0.914893617021277,0.852631578947368
"78",78,"ES_green",2,7,8,0,16722,7917,3695,2906,1,1,1,1,1424,13267,1288,4450,0,1,1,4581,6130,6376,25.1234042553191,3.61257928118391,19.9387351778656,31.7990543735225,0.989583333333333,1,0.979166666666667,1
"79",79,"ES_yellow",3,5,8,0,15753,11896,2070,2040,1,1,1,1,3900,2247,5336,4096,0,1,1,6033,2596,3448,-33.6811846689895,12.5581395348837,46.4502164502164,30.145238095238,0.96875,0.978723404255319,0.979166666666667,0.946236559139785
"80",80,"ES_red",1,7,8,0,31965,6274,3021,3984,1,1,1,1,14025,3482,3417,2908,0,1,1,6443,6246,4359,62.3884615384616,18.9201902748414,73.0551989730424,64.8493224932249,0.927083333333333,0.957894736842105,0.926315789473684,0.947916666666667
"81",81,"ES_green",2,5,7,2,6593,2821,5919,15306,1,1,1,1,16333,5068,2396,3452,0,1,1,4225,5204,6318,-12.1785383903793,26.7437352245863,44.366847826087,47.6349848331648,0.979166666666667,0.979166666666667,0.979166666666667,0.927083333333333
"82",82,"ES_yellow",2,6,7,1,14485,21658,32818,4380,1,1,1,1,4377,19258,6920,5133,0,0,1,31268,12945,10864,-29.7060333761232,-5.5744186046511,-0.261904761904702,-45.7661406025825,0.957894736842105,0.98936170212766,0.957894736842105,0.956989247311828
"83",83,"ES_green",2,8,8,0,2187,7573,6655,2884,1,1,1,1,6187,24164,1675,4271,0,1,1,5596,5092,4326,-66.4581395348837,50.2908536585365,52.8244186046512,-30.8326923076923,0.885416666666667,0.864583333333333,0.894736842105263,0.833333333333333
"84",84,"ES_green",7,7,4,0,2972,8734,3173,2974,1,1,1,1,1774,7880,2082,5374,0,0,1,5797,2590,2968,20.8348751156337,-17.580487804878,-19.2422630560928,-33.6444444444444,0.979166666666667,0.926315789473684,0.958333333333333,0.958333333333333
"85",85,"ES_yellow",3,7,7,1,4651,2868,7089,5257,1,1,1,1,1231,4759,2042,2878,0,1,1,4629,3924,4029,-8.65789473684208,-16.2555555555556,-11.2550371155885,-6.22481572481581,0.894736842105263,0.936170212765957,0.947368421052632,0.9375
"86",86,"ES_green",4,3,8,0,17282,2020,6896,3252,1,1,1,1,5951,11307,1377,2033,0,0,1,9976,7125,4157,-11.3551136363636,19.3698781838317,18.7121212121211,39.5058072009292,0.893617021276596,0.967741935483871,0.927083333333333,0.936842105263158
"87",87,"ES_purple",4,8,8,0,2851,2649,5335,1619,1,1,1,1,7394,3031,1643,1314,0,0,1,5133,4064,3952,-1.56521739130426,17.5013876040704,8.30481036077708,-53.5693779904307,0.958333333333333,0.989583333333333,0.96875,0.875
"88",88,"ES_red",5,3,5,2,5237,7931,8776,5250,1,1,1,1,4752,3486,1990,6464,1,0,1,9471,4703,11222,48.9370122630993,-11.5232558139535,-3.65119047619044,-2.54849688031766,0.90625,0.91578947368421,0.864583333333333,0.895833333333333
"89",89,"ES_red",5,2,6,4,4606,7505,4756,2520,1,1,1,1,8692,10566,3801,3449,1,1,1,6540,4792,3376,60.7155279503105,8.75959595959591,48.3252032520325,38.9818181818181,0.91578947368421,0.925531914893617,0.968421052631579,0.957894736842105
"90",90,"ES_red",6,8,3,3,6201,13764,2867,4563,1,1,1,1,2655,4006,7627,2968,0,0,1,6251,4659,7602,-5.8478260869565,-4.66312056737593,26.7641414141414,-24.7318262411347,1,1,0.989583333333333,1
"91",91,"ES_green",1,3,5,2,2294,6801,10995,2634,1,1,1,1,9309,2112,4981,4675,0,0,1,4526,5294,4779,20.2249417249417,17.5017441860465,-6.008547008547,-12.7136363636364,0.885416666666667,0.875,0.885416666666667,0.916666666666667
"92",92,"ES_yellow",5,4,5,3,393,544,4821,10523,1,1,1,1,4744,2276,2420,2938,0,1,1,4282,2983,3561,-38.4733025708636,-65.5032467532467,-6.43378378378372,-95.3603896103896,0.870967741935484,0.957894736842105,0.84375,0.916666666666667
"93",93,"ES_green",4,4,4,4,3718,826,5394,1200,1,1,1,1,3512,9969,1702,6968,0,1,1,4824,6604,4827,-40.6137835337651,39.1007092198581,54.0813131313131,23.332099907493,0.989473684210526,0.979166666666667,0.947916666666667,0.989583333333333
"94",94,"ES_yellow",2,6,8,1,5171,4087,2501,8274,1,1,1,1,1474,984,2822,2243,0,1,1,2573,2240,2346,53.4652014652014,54.0916666666666,56.4285714285714,38.3809523809524,0.864583333333333,0.873684210526316,0.842105263157895,0.875
"95",95,"ES_red",2,5,7,0,2681,1679,5173,3584,1,1,1,1,2533,3428,7734,3690,0,1,1,7434,12469,4395,39.3829787234042,-0.549881796690329,-11.9782608695652,11.2890070921985,0.979166666666667,0.958333333333333,0.958333333333333,0.989583333333333
"96",96,"ES_purple",4,5,6,2,8895,6918,2579,1918,1,1,1,1,1751,1578,5011,1680,0,1,1,3799,1304,2934,-21.8720238095237,38.300395256917,55.0786739238001,-24.9525691699605,0.978947368421053,0.947916666666667,0.947916666666667,0.96875
"97",97,"ES_purple",6,7,7,6,3974,62572,2936,9574,1,1,1,1,3298,1692,6384,2225,0,0,1,10871,11982,9748,59.5745257452575,40.4735729386892,36.1627906976744,23.2,0.979166666666667,0.989583333333333,0.989583333333333,0.989473684210526
"98",98,"ES_green",4,4,4,4,10648,2074,19148,4044,1,1,1,1,2416,5928,2197,2555,0,0,1,6316,2557,2972,-1.49645390070918,15.8305555555555,-40.0701581027668,-11.0027173913044,1,0.989583333333333,0.979166666666667,0.979166666666667
"99",99,"ES_purple",4,4,3,5,9366,3369,24060,2478,1,1,1,1,8338,2504,2784,3025,0,1,1,11454,5277,12967,-25.3103607770582,17.7291666666666,21.2086031452359,10.4682971014493,0.979166666666667,1,0.96875,0.979166666666667
"100",100,"ES_red",3,7,8,6,4388,17182,2555,10639,1,1,1,1,6735,6357,4585,2505,0,1,1,5094,2569,3236,9.61454311454315,-14.7542213883677,-6.88888888888891,-1.50502152080344,0.926315789473684,0.926315789473684,0.947916666666667,0.935483870967742
"101",101,"ES_green",4,8,8,0,6852,2141,2955,5139,1,1,1,1,11447,2625,2733,1619,0,0,1,4873,7351,3938,-11.4763271162124,77.724358974359,35.3987274655356,1.89487179487185,0.84375,0.875,0.926315789473684,0.864583333333333
"102",102,"ES_red",7,6,6,1,2139,6801,2062,2081,1,1,1,1,3573,4005,5086,2885,0,0,1,7198,9501,4231,45.6842105263158,2.09162821357938,48.8200395517468,12.1362126245848,0.905263157894737,0.946808510638298,0.926315789473684,0.927083333333333
"103",103,"ES_purple",4,5,5,4,19590,7338,2683,10385,1,1,1,1,6713,2691,2941,7858,0,0,1,4438,6056,5416,12.8550983899821,35.5386473429952,16.5290697674419,8.75264270613104,0.978947368421053,0.958333333333333,0.968421052631579,0.979166666666667
"104",104,"ES_purple",6,1,8,0,2727,19779,1527,2144,1,1,1,1,5422,4556,2177,5865,0,0,1,6353,4853,4562,27.2243243243244,68.4240576496675,119.397297297297,55.6074332171893,0.854166666666667,0.9375,0.833333333333333,0.894736842105263
