ECOPD3 [2012-07]
 22   1   0
 37   2   1   1 REDAKTEUR
Liste
Liste[i].wort, Liste[i].istbild,  Liste[i].uspositiv
 dann 5x: Liste[i].us[j], Liste[i].usdist[j][0], Liste[i].usdist[j][1], Liste[i].usdist[j][2], Liste[i].usdist[j][3], Liste[i].usdist[j][4], Liste[i].usdist[j][5]
 dann: Liste[i].schonangezeigt, Liste[i].testcounter,  Liste[i].liking,  Liste[i].USVALerinnert, Liste[i].USIDerinnert, PDantwort, PDRT, pre, post
Mneu07.bmp   1  -1
  0 -   0   0   0   0   0   0
  0 -   0   0   0   0   0   0
  0 -   0   0   0   0   0   0
  0 -   0   0   0   0   0   0
  0 -   0   0   0   0   0   0
  0   0  -1  -1  -1  -1 103  -1
 M04.bmp   1  -1
  0 -   0   0   0   0   0   0
  0 -   0   0   0   0   0   0
  0 -   0   0   0   0   0   0
  0 -   0   0   0   0   0   0
  0 -   0   0   0   0   0   0
  0   0  -1  -1  -1  -1 120  -1
Mneu09.bmp   1  -1
  0 -   0   0   0   0   0   0
  0 -   0   0   0   0   0   0
  0 -   0   0   0   0   0   0
  0 -   0   0   0   0   0   0
  0 -   0   0   0   0   0   0
  0   0  -1  -1  -1  -1 127  -1
Mneu28.bmp   1  -1
  0 -   0   0   0   0   0   0
  0 -   0   0   0   0   0   0
  0 -   0   0   0   0   0   0
  0 -   0   0   0   0   0   0
  0 -   0   0   0   0   0   0
  0   0  -1  -1  -1  -1  97  -1
Mneu29.bmp   1  -1
  0 -   0   0   0   0   0   0
  0 -   0   0   0   0   0   0
  0 -   0   0   0   0   0   0
  0 -   0   0   0   0   0   0
  0 -   0   0   0   0   0   0
  0   0  -1  -1  -1  -1  94  -1
NW04.bmp   1  -1
  0 -   0   0   0   0   0   0
  0 -   0   0   0   0   0   0
  0 -   0   0   0   0   0   0
  0 -   0   0   0   0   0   0
  0 -   0   0   0   0   0   0
  0   0  -1  -1  -1  -1  95  -1
Wneu04.bmp   1  -1
  0 -   0   0   0   0   0   0
  0 -   0   0   0   0   0   0
  0 -   0   0   0   0   0   0
  0 -   0   0   0   0   0   0
  0 -   0   0   0   0   0   0
  0   0  -1  -1  -1  -1 132  -1
Mneu16.bmp   1  -1
  0 -   0   0   0   0   0   0
  0 -   0   0   0   0   0   0
  0 -   0   0   0   0   0   0
  0 -   0   0   0   0   0   0
  0 -   0   0   0   0   0   0
  0   0  -1  -1  -1  -1  86  -1
PW01.bmp   1  -1
  0 -   0   0   0   0   0   0
  0 -   0   0   0   0   0   0
  0 -   0   0   0   0   0   0
  0 -   0   0   0   0   0   0
  0 -   0   0   0   0   0   0
  0   0  -1  -1  -1  -1 125  -1
Mneu17.bmp   1  -1
  0 -   0   0   0   0   0   0
  0 -   0   0   0   0   0   0
  0 -   0   0   0   0   0   0
  0 -   0   0   0   0   0   0
  0 -   0   0   0   0   0   0
  0   0  -1  -1  -1  -1 102  -1
Wneu01.bmp   1  -1
  0 -   0   0   0   0   0   0
  0 -   0   0   0   0   0   0
  0 -   0   0   0   0   0   0
  0 -   0   0   0   0   0   0
  0 -   0   0   0   0   0   0
  0   0  -1  -1  -1  -1 115  -1
 W08.bmp   1  -1
  0 -   0   0   0   0   0   0
  0 -   0   0   0   0   0   0
  0 -   0   0   0   0   0   0
  0 -   0   0   0   0   0   0
  0 -   0   0   0   0   0   0
  0   0  -1  -1  -1  -1 126  -1
NM05.bmp   1  -1
  0 -   0   0   0   0   0   0
  0 -   0   0   0   0   0   0
  0 -   0   0   0   0   0   0
  0 -   0   0   0   0   0   0
  0 -   0   0   0   0   0   0
  0   0  -1  -1  -1  -1  83  -1
Mneu01.bmp   1  -1
  0 -   0   0   0   0   0   0
  0 -   0   0   0   0   0   0
  0 -   0   0   0   0   0   0
  0 -   0   0   0   0   0   0
  0 -   0   0   0   0   0   0
  0   0  -1  -1  -1  -1 119  -1
Wneu05.bmp   1  -1
  0 -   0   0   0   0   0   0
  0 -   0   0   0   0   0   0
  0 -   0   0   0   0   0   0
  0 -   0   0   0   0   0   0
  0 -   0   0   0   0   0   0
  0   0  -1  -1  -1  -1 116  -1
 M19.bmp   1  -1
  0 -   0   0   0   0   0   0
  0 -   0   0   0   0   0   0
  0 -   0   0   0   0   0   0
  0 -   0   0   0   0   0   0
  0 -   0   0   0   0   0   0
  0   0  -1  -1  -1  -1  91  -1
 W16.bmp   1   1
 22 -   5  36  30  22  26   1
 47 -  49  47  46  42  29  24
 31 -   1   3   6  26  31  19
 23 -  48  14   2  38  12  23
 11 -   8  11  16  24  43  21
  0   0  -1  -1  -1  -1 113  -1
PW05.bmp   1  -1
  0 -   0   0   0   0   0   0
  0 -   0   0   0   0   0   0
  0 -   0   0   0   0   0   0
  0 -   0   0   0   0   0   0
  0 -   0   0   0   0   0   0
  0   0  -1  -1  -1  -1 127  -1
NW05.bmp   1  -1
  0 -   0   0   0   0   0   0
  0 -   0   0   0   0   0   0
  0 -   0   0   0   0   0   0
  0 -   0   0   0   0   0   0
  0 -   0   0   0   0   0   0
  0   0  -1  -1  -1  -1  75  -1
 W02.bmp   1  -1
  0 -   0   0   0   0   0   0
  0 -   0   0   0   0   0   0
  0 -   0   0   0   0   0   0
  0 -   0   0   0   0   0   0
  0 -   0   0   0   0   0   0
  0   0  -1  -1  -1  -1 105  -1
Mneu02.bmp   1  -1
  0 -   0   0   0   0   0   0
  0 -   0   0   0   0   0   0
  0 -   0   0   0   0   0   0
  0 -   0   0   0   0   0   0
  0 -   0   0   0   0   0   0
  0   0  -1  -1  -1  -1 103  -1
 W14.bmp   1  -1
  0 -   0   0   0   0   0   0
  0 -   0   0   0   0   0   0
  0 -   0   0   0   0   0   0
  0 -   0   0   0   0   0   0
  0 -   0   0   0   0   0   0
  0   0  -1  -1  -1  -1 132  -1
 M07.bmp   1   1
 41 -  37  23  34  41  11  13
 46 -  46  18   3  16  32   5
 44 -  43   8  19  27  44   2
 33 -  49  23  33  35  14  48
 42 -  14  42  48  21   2  45
  0   0  -1  -1  -1  -1 107  -1
Mneu15.bmp   1  -1
  0 -   0   0   0   0   0   0
  0 -   0   0   0   0   0   0
  0 -   0   0   0   0   0   0
  0 -   0   0   0   0   0   0
  0 -   0   0   0   0   0   0
  0   0  -1  -1  -1  -1 126  -1
NM03.bmp   1  -1
  0 -   0   0   0   0   0   0
  0 -   0   0   0   0   0   0
  0 -   0   0   0   0   0   0
  0 -   0   0   0   0   0   0
  0 -   0   0   0   0   0   0
  0   0  -1  -1  -1  -1  77  -1
 W07.bmp   1  -1
  0 -   0   0   0   0   0   0
  0 -   0   0   0   0   0   0
  0 -   0   0   0   0   0   0
  0 -   0   0   0   0   0   0
  0 -   0   0   0   0   0   0
  0   0  -1  -1  -1  -1 115  -1
 M10.bmp   1  -1
  0 -   0   0   0   0   0   0
  0 -   0   0   0   0   0   0
  0 -   0   0   0   0   0   0
  0 -   0   0   0   0   0   0
  0 -   0   0   0   0   0   0
  0   0  -1  -1  -1  -1 120  -1
 M09.bmp   1  -1
  0 -   0   0   0   0   0   0
  0 -   0   0   0   0   0   0
  0 -   0   0   0   0   0   0
  0 -   0   0   0   0   0   0
  0 -   0   0   0   0   0   0
  0   0  -1  -1  -1  -1 100  -1
Mneu08.bmp   1  -1
  0 -   0   0   0   0   0   0
  0 -   0   0   0   0   0   0
  0 -   0   0   0   0   0   0
  0 -   0   0   0   0   0   0
  0 -   0   0   0   0   0   0
  0   0  -1  -1  -1  -1 103  -1
Wneu12.bmp   1  -1
  0 -   0   0   0   0   0   0
  0 -   0   0   0   0   0   0
  0 -   0   0   0   0   0   0
  0 -   0   0   0   0   0   0
  0 -   0   0   0   0   0   0
  0   0  -1  -1  -1  -1 137  -1
Wneu13.bmp   1  -1
  0 -   0   0   0   0   0   0
  0 -   0   0   0   0   0   0
  0 -   0   0   0   0   0   0
  0 -   0   0   0   0   0   0
  0 -   0   0   0   0   0   0
  0   0  -1  -1  -1  -1  99  -1
Mneu13.bmp   1  -1
  0 -   0   0   0   0   0   0
  0 -   0   0   0   0   0   0
  0 -   0   0   0   0   0   0
  0 -   0   0   0   0   0   0
  0 -   0   0   0   0   0   0
  0   0  -1  -1  -1  -1 104  -1
Wneu10.bmp   1  -1
  0 -   0   0   0   0   0   0
  0 -   0   0   0   0   0   0
  0 -   0   0   0   0   0   0
  0 -   0   0   0   0   0   0
  0 -   0   0   0   0   0   0
  0   0  -1  -1  -1  -1  96  -1
PW03.bmp   1  -1
  0 -   0   0   0   0   0   0
  0 -   0   0   0   0   0   0
  0 -   0   0   0   0   0   0
  0 -   0   0   0   0   0   0
  0 -   0   0   0   0   0   0
  0   0  -1  -1  -1  -1 133  -1
 M17.bmp   1  -1
  0 -   0   0   0   0   0   0
  0 -   0   0   0   0   0   0
  0 -   0   0   0   0   0   0
  0 -   0   0   0   0   0   0
  0 -   0   0   0   0   0   0
  0   0  -1  -1  -1  -1  82  -1
Wneu08.bmp   1  -1
  0 -   0   0   0   0   0   0
  0 -   0   0   0   0   0   0
  0 -   0   0   0   0   0   0
  0 -   0   0   0   0   0   0
  0 -   0   0   0   0   0   0
  0   0  -1  -1  -1  -1 130  -1
 M06.bmp   1  -1
  0 -   0   0   0   0   0   0
  0 -   0   0   0   0   0   0
  0 -   0   0   0   0   0   0
  0 -   0   0   0   0   0   0
  0 -   0   0   0   0   0   0
  0   0  -1  -1  -1  -1  97  -1
 W13.bmp   1  -1
  0 -   0   0   0   0   0   0
  0 -   0   0   0   0   0   0
  0 -   0   0   0   0   0   0
  0 -   0   0   0   0   0   0
  0 -   0   0   0   0   0   0
  0   0  -1  -1  -1  -1 135  -1
 W09.bmp   1  -1
  0 -   0   0   0   0   0   0
  0 -   0   0   0   0   0   0
  0 -   0   0   0   0   0   0
  0 -   0   0   0   0   0   0
  0 -   0   0   0   0   0   0
  0   0  -1  -1  -1  -1 123  -1
PM04.bmp   1  -1
  0 -   0   0   0   0   0   0
  0 -   0   0   0   0   0   0
  0 -   0   0   0   0   0   0
  0 -   0   0   0   0   0   0
  0 -   0   0   0   0   0   0
  0   0  -1  -1  -1  -1 105  -1
Mneu18.bmp   1   0
 87 -  73  99  72  65  54  87
 86 -  86  98  72  50  93  90
 95 -  62  95  59  91  82  79
 55 -  56  55  72  77  94  59
 88 -  96  88  53  60  71  73
  0   0  -1  -1  -1  -1 108  -1
NW01.bmp   1  -1
  0 -   0   0   0   0   0   0
  0 -   0   0   0   0   0   0
  0 -   0   0   0   0   0   0
  0 -   0   0   0   0   0   0
  0 -   0   0   0   0   0   0
  0   0  -1  -1  -1  -1  94  -1
 M16.bmp   1   1
 45 -  45  44  32  41  12  31
  3 -  15   7  40  48  26   3
 24 -  29  24  39   7  36  41
 28 -  19  33  29  12  44  28
  4 -   4  34  15  23  16   7
  0   0  -1  -1  -1  -1 105  -1
 W18.bmp   1  -1
  0 -   0   0   0   0   0   0
  0 -   0   0   0   0   0   0
  0 -   0   0   0   0   0   0
  0 -   0   0   0   0   0   0
  0 -   0   0   0   0   0   0
  0   0  -1  -1  -1  -1 120  -1
Wneu09.bmp   1  -1
  0 -   0   0   0   0   0   0
  0 -   0   0   0   0   0   0
  0 -   0   0   0   0   0   0
  0 -   0   0   0   0   0   0
  0 -   0   0   0   0   0   0
  0   0  -1  -1  -1  -1 127  -1
Wneu06.bmp   1  -1
  0 -   0   0   0   0   0   0
  0 -   0   0   0   0   0   0
  0 -   0   0   0   0   0   0
  0 -   0   0   0   0   0   0
  0 -   0   0   0   0   0   0
  0   0  -1  -1  -1  -1 137  -1
Wneu07.bmp   1  -1
  0 -   0   0   0   0   0   0
  0 -   0   0   0   0   0   0
  0 -   0   0   0   0   0   0
  0 -   0   0   0   0   0   0
  0 -   0   0   0   0   0   0
  0   0  -1  -1  -1  -1 142  -1
 W10.bmp   1  -1
  0 -   0   0   0   0   0   0
  0 -   0   0   0   0   0   0
  0 -   0   0   0   0   0   0
  0 -   0   0   0   0   0   0
  0 -   0   0   0   0   0   0
  0   0  -1  -1  -1  -1 124  -1
NW02.bmp   1  -1
  0 -   0   0   0   0   0   0
  0 -   0   0   0   0   0   0
  0 -   0   0   0   0   0   0
  0 -   0   0   0   0   0   0
  0 -   0   0   0   0   0   0
  0   0  -1  -1  -1  -1  97  -1
Mneu05.bmp   1  -1
  0 -   0   0   0   0   0   0
  0 -   0   0   0   0   0   0
  0 -   0   0   0   0   0   0
  0 -   0   0   0   0   0   0
  0 -   0   0   0   0   0   0
  0   0  -1  -1  -1  -1 116  -1
PW04.bmp   1  -1
  0 -   0   0   0   0   0   0
  0 -   0   0   0   0   0   0
  0 -   0   0   0   0   0   0
  0 -   0   0   0   0   0   0
  0 -   0   0   0   0   0   0
  0   0  -1  -1  -1  -1 124  -1
NM02.bmp   1  -1
  0 -   0   0   0   0   0   0
  0 -   0   0   0   0   0   0
  0 -   0   0   0   0   0   0
  0 -   0   0   0   0   0   0
  0 -   0   0   0   0   0   0
  0   0  -1  -1  -1  -1  96  -1
PM02.bmp   1  -1
  0 -   0   0   0   0   0   0
  0 -   0   0   0   0   0   0
  0 -   0   0   0   0   0   0
  0 -   0   0   0   0   0   0
  0 -   0   0   0   0   0   0
  0   0  -1  -1  -1  -1 131  -1
Mneu10.bmp   1  -1
  0 -   0   0   0   0   0   0
  0 -   0   0   0   0   0   0
  0 -   0   0   0   0   0   0
  0 -   0   0   0   0   0   0
  0 -   0   0   0   0   0   0
  0   0  -1  -1  -1  -1  94  -1
NW03.bmp   1  -1
  0 -   0   0   0   0   0   0
  0 -   0   0   0   0   0   0
  0 -   0   0   0   0   0   0
  0 -   0   0   0   0   0   0
  0 -   0   0   0   0   0   0
  0   0  -1  -1  -1  -1  95  -1
 M13.bmp   1   0
 59 -  60  68  67  85  87  59
 90 -  82  50  65  69  90  52
 66 -  58  99  66  69  74  52
 71 -  83  71  77  57  74  84
 80 -  93  72  89  76  63  80
  0   0  -1  -1  -1  -1 105  -1
 M11.bmp   1  -1
  0 -   0   0   0   0   0   0
  0 -   0   0   0   0   0   0
  0 -   0   0   0   0   0   0
  0 -   0   0   0   0   0   0
  0 -   0   0   0   0   0   0
  0   0  -1  -1  -1  -1  89  -1
Wneu02.bmp   1   0
 70 -  91  89  83  62  57  70
 60 -  66  86  60  94  53  81
 76 -  92  71  82  83  76  56
 69 -  71  87  77  59  69  90
 68 -  72  68  73  54  94  88
  0   0  -1  -1  -1  -1 112  -1
 W20.bmp   1  -1
  0 -   0   0   0   0   0   0
  0 -   0   0   0   0   0   0
  0 -   0   0   0   0   0   0
  0 -   0   0   0   0   0   0
  0 -   0   0   0   0   0   0
  0   0  -1  -1  -1  -1 114  -1
Mneu20.bmp   1   1
 15 -  30  39  28  44  35  15
  1 -  25  49  11   9  22   1
 34 -  48   4  16  29  34  10
 37 -  44  37  24  32   7   3
 26 -  26   8   7  25   0  49
  0   0  -1  -1  -1  -1 105  -1
Mneu21.bmp   1  -1
  0 -   0   0   0   0   0   0
  0 -   0   0   0   0   0   0
  0 -   0   0   0   0   0   0
  0 -   0   0   0   0   0   0
  0 -   0   0   0   0   0   0
  0   0  -1  -1  -1  -1  85  -1
NM04.bmp   1  -1
  0 -   0   0   0   0   0   0
  0 -   0   0   0   0   0   0
  0 -   0   0   0   0   0   0
  0 -   0   0   0   0   0   0
  0 -   0   0   0   0   0   0
  0   0  -1  -1  -1  -1  78  -1
 W06.bmp   1  -1
  0 -   0   0   0   0   0   0
  0 -   0   0   0   0   0   0
  0 -   0   0   0   0   0   0
  0 -   0   0   0   0   0   0
  0 -   0   0   0   0   0   0
  0   0  -1  -1  -1  -1 103  -1
NM01.bmp   1  -1
  0 -   0   0   0   0   0   0
  0 -   0   0   0   0   0   0
  0 -   0   0   0   0   0   0
  0 -   0   0   0   0   0   0
  0 -   0   0   0   0   0   0
  0   0  -1  -1  -1  -1  83  -1
 W21.bmp   1  -1
  0 -   0   0   0   0   0   0
  0 -   0   0   0   0   0   0
  0 -   0   0   0   0   0   0
  0 -   0   0   0   0   0   0
  0 -   0   0   0   0   0   0
  0   0  -1  -1  -1  -1 122  -1
 W15.bmp   1   1
 27 -  10  19  24  13  28  27
 40 -  26  40  22  47   3  21
 38 -  45  44  34  38  13  39
 49 -  31  17  15  49  11  29
 32 -  32  12   2   6   1   3
  0   0  -1  -1  -1  -1 111  -1
Wneu11.bmp   1  -1
  0 -   0   0   0   0   0   0
  0 -   0   0   0   0   0   0
  0 -   0   0   0   0   0   0
  0 -   0   0   0   0   0   0
  0 -   0   0   0   0   0   0
  0   0  -1  -1  -1  -1 140  -1
Mneu30.bmp   1  -1
  0 -   0   0   0   0   0   0
  0 -   0   0   0   0   0   0
  0 -   0   0   0   0   0   0
  0 -   0   0   0   0   0   0
  0 -   0   0   0   0   0   0
  0   0  -1  -1  -1  -1 119  -1
 M01.bmp   1  -1
  0 -   0   0   0   0   0   0
  0 -   0   0   0   0   0   0
  0 -   0   0   0   0   0   0
  0 -   0   0   0   0   0   0
  0 -   0   0   0   0   0   0
  0   0  -1  -1  -1  -1 103  -1
PM01.bmp   1  -1
  0 -   0   0   0   0   0   0
  0 -   0   0   0   0   0   0
  0 -   0   0   0   0   0   0
  0 -   0   0   0   0   0   0
  0 -   0   0   0   0   0   0
  0   0  -1  -1  -1  -1 120  -1
 W03.bmp   1  -1
  0 -   0   0   0   0   0   0
  0 -   0   0   0   0   0   0
  0 -   0   0   0   0   0   0
  0 -   0   0   0   0   0   0
  0 -   0   0   0   0   0   0
  0   0  -1  -1  -1  -1 104  -1
 W04.bmp   1   1
 30 -  30  14  38  11  23  32
 20 -  24  42   3  37  20  34
  5 -   0  18   5  11  24  31
 21 -  36  48  21  31   7  17
 12 -  12  34  40   9  28  41
  0   0  -1  -1  -1  -1 108  -1
Mneu22.bmp   1  -1
  0 -   0   0   0   0   0   0
  0 -   0   0   0   0   0   0
  0 -   0   0   0   0   0   0
  0 -   0   0   0   0   0   0
  0 -   0   0   0   0   0   0
  0   0  -1  -1  -1  -1 129  -1
Mneu23.bmp   1  -1
  0 -   0   0   0   0   0   0
  0 -   0   0   0   0   0   0
  0 -   0   0   0   0   0   0
  0 -   0   0   0   0   0   0
  0 -   0   0   0   0   0   0
  0   0  -1  -1  -1  -1  98  -1
Wneu03.bmp   1  -1
  0 -   0   0   0   0   0   0
  0 -   0   0   0   0   0   0
  0 -   0   0   0   0   0   0
  0 -   0   0   0   0   0   0
  0 -   0   0   0   0   0   0
  0   0  -1  -1  -1  -1 117  -1
 M08.bmp   1  -1
  0 -   0   0   0   0   0   0
  0 -   0   0   0   0   0   0
  0 -   0   0   0   0   0   0
  0 -   0   0   0   0   0   0
  0 -   0   0   0   0   0   0
  0   0  -1  -1  -1  -1  85  -1
Mneu03.bmp   1  -1
  0 -   0   0   0   0   0   0
  0 -   0   0   0   0   0   0
  0 -   0   0   0   0   0   0
  0 -   0   0   0   0   0   0
  0 -   0   0   0   0   0   0
  0   0  -1  -1  -1  -1 126  -1
Mneu11.bmp   1   0
 82 -  82  61  59  71  58  68
 56 -  56  99  91  71  89  53
 97 -  60  97  87  95  86  80
 65 -  95  65  93  60  98  71
 52 -  71  63  64  55  91  52
  0   0  -1  -1  -1  -1 106  -1
Mneu04.bmp   1   0
 98 -  62  53  68  98  59  81
 58 -  59  85  57  54  87  58
 50 -  61  94  51  50  63  73
 64 -  71  66  64  61  94  96
 77 -  77  66  97  87  51  84
  0   0  -1  -1  -1  -1 108  -1
Mneu14.bmp   1  -1
  0 -   0   0   0   0   0   0
  0 -   0   0   0   0   0   0
  0 -   0   0   0   0   0   0
  0 -   0   0   0   0   0   0
  0 -   0   0   0   0   0   0
  0   0  -1  -1  -1  -1  87  -1
 M18.bmp   1   1
  2 -  16  11  48   2  33  46
 35 -  46  43  23  41  35  39
 25 -  49   5  25  32  17   3
 18 -  45  31   3  18  27  32
 10 -  39  27  10   7  21  46
  0   0  -1  -1  -1  -1 107  -1
Mneu06.bmp   1  -1
  0 -   0   0   0   0   0   0
  0 -   0   0   0   0   0   0
  0 -   0   0   0   0   0   0
  0 -   0   0   0   0   0   0
  0 -   0   0   0   0   0   0
  0   0  -1  -1  -1  -1 136  -1
 M15.bmp   1  -1
  0 -   0   0   0   0   0   0
  0 -   0   0   0   0   0   0
  0 -   0   0   0   0   0   0
  0 -   0   0   0   0   0   0
  0 -   0   0   0   0   0   0
  0   0  -1  -1  -1  -1  98  -1
 W11.bmp   1  -1
  0 -   0   0   0   0   0   0
  0 -   0   0   0   0   0   0
  0 -   0   0   0   0   0   0
  0 -   0   0   0   0   0   0
  0 -   0   0   0   0   0   0
  0   0  -1  -1  -1  -1 118  -1
Mneu12.bmp   1  -1
  0 -   0   0   0   0   0   0
  0 -   0   0   0   0   0   0
  0 -   0   0   0   0   0   0
  0 -   0   0   0   0   0   0
  0 -   0   0   0   0   0   0
  0   0  -1  -1  -1  -1 119  -1
Mneu26.bmp   1  -1
  0 -   0   0   0   0   0   0
  0 -   0   0   0   0   0   0
  0 -   0   0   0   0   0   0
  0 -   0   0   0   0   0   0
  0 -   0   0   0   0   0   0
  0   0  -1  -1  -1  -1 143  -1
Mneu19.bmp   1  -1
  0 -   0   0   0   0   0   0
  0 -   0   0   0   0   0   0
  0 -   0   0   0   0   0   0
  0 -   0   0   0   0   0   0
  0 -   0   0   0   0   0   0
  0   0  -1  -1  -1  -1 122  -1
PW02.bmp   1  -1
  0 -   0   0   0   0   0   0
  0 -   0   0   0   0   0   0
  0 -   0   0   0   0   0   0
  0 -   0   0   0   0   0   0
  0 -   0   0   0   0   0   0
  0   0  -1  -1  -1  -1 160  -1
 M05.bmp   1  -1
  0 -   0   0   0   0   0   0
  0 -   0   0   0   0   0   0
  0 -   0   0   0   0   0   0
  0 -   0   0   0   0   0   0
  0 -   0   0   0   0   0   0
  0   0  -1  -1  -1  -1 100  -1
Mneu27.bmp   1  -1
  0 -   0   0   0   0   0   0
  0 -   0   0   0   0   0   0
  0 -   0   0   0   0   0   0
  0 -   0   0   0   0   0   0
  0 -   0   0   0   0   0   0
  0   0  -1  -1  -1  -1  94  -1
 M14.bmp   1   0
 99 -  89  78  64  52  97  99
 84 -  83  50  84  75  59  76
 72 -  52  72  76  98  57  86
 94 -  80  69  63  73  94  62
 54 -  78  89  52  54  68  71
  0   0  -1  -1  -1  -1 109  -1
 W17.bmp   1   0
 89 -  55  90  94  89  86  70
 92 -  83  92  62  57  67  54
 61 -  61  76  93  68  70  67
 73 -  98  73  79  72  77  75
 63 -  91  50  63  72  75  93
  0   0  -1  -1  -1  -1 113  -1
 W19.bmp   1   1
 36 -  45  33  31  11   4  36
  0 -  41   3  18  49   0  21
 48 -  47  23  40  48  37  17
 13 -  49   2  13  26  31  29
 43 -  35  43  29  32   8  23
  0   0  -1  -1  -1  -1 112  -1
 M12.bmp   1   0
 57 -  56  60  91  67  57  81
 51 -  76  66  73  80  60  51
 74 -  76  94  74  79  80  61
 93 -  76  90  93  88  62  73
 75 -  59  50  70  75  90  65
  0   0  -1  -1  -1  -1 107  -1
Mneu25.bmp   1   0
 96 -  89  92  96  70  60  69
 53 -  94  53  60  95  78  69
 79 -  56  97  88  86  54  79
 85 -  90  69  85  97  88  82
 83 -  63  89  99  83  52  77
  0   0  -1  -1  -1  -1 105  -1
 M03.bmp   1  -1
  0 -   0   0   0   0   0   0
  0 -   0   0   0   0   0   0
  0 -   0   0   0   0   0   0
  0 -   0   0   0   0   0   0
  0 -   0   0   0   0   0   0
  0   0  -1  -1  -1  -1  96  -1
PM05.bmp   1  -1
  0 -   0   0   0   0   0   0
  0 -   0   0   0   0   0   0
  0 -   0   0   0   0   0   0
  0 -   0   0   0   0   0   0
  0 -   0   0   0   0   0   0
  0   0  -1  -1  -1  -1 124  -1
 W05.bmp   1  -1
  0 -   0   0   0   0   0   0
  0 -   0   0   0   0   0   0
  0 -   0   0   0   0   0   0
  0 -   0   0   0   0   0   0
  0 -   0   0   0   0   0   0
  0   0  -1  -1  -1  -1 121  -1
 W12.bmp   1   0
 78 -  87  78  94  86  80  60
 62 -  58  65  83  51  62  86
 81 -  52  74  72  81  64  94
 67 -  67  63  53  97  93  89
 91 -  65  60  75  91  50  96
  0   0  -1  -1  -1  -1 111  -1
 M02.bmp   1   1
 16 -  35  29   5  23  48  16
  9 -  41  34   2  19   9  37
 39 -  26  36  22  18  43  39
  8 -  31  43  14   8  38  34
  6 -   2  48   6  46  31  12
  0   0  -1  -1  -1  -1 110  -1
 W01.bmp   1  -1
  0 -   0   0   0   0   0   0
  0 -   0   0   0   0   0   0
  0 -   0   0   0   0   0   0
  0 -   0   0   0   0   0   0
  0 -   0   0   0   0   0   0
  0   0  -1  -1  -1  -1  95  -1
Mneu24.bmp   1   1
 17 -  30  27  17  10  11  13
 29 -  29  34  11  42  40   6
  7 -   7  38  47  37   9  13
 19 -  21  26  34  18  19  44
 14 -  44  22  13  48  47  14
  0   0  -1  -1  -1  -1 107  -1

shortlist (dieselben variablen)
 M16.bmp   1   1
 45 [384 512] -  45  44  32  41  12  31
  3 [384 512] -  15   7  40  48  26   3
 24 [384 512] -  29  24  39   7  36  41
 28 [384 512] -  19  33  29  12  44  28
  4 [384 512] -   4  34  15  23  16   7
  0   0  -1  -1  -1  -1 105  -1 
 M13.bmp   1   0
 59 [384 512] -  60  68  67  85  87  59
 90 [384 512] -  82  50  65  69  90  52
 66 [384 512] -  58  99  66  69  74  52
 71 [384 512] -  83  71  77  57  74  84
 80 [384 512] -  93  72  89  76  63  80
  0   0  -1  -1  -1  -1 105  -1 
Mneu20.bmp   1   1
 15 [384 512] -  30  39  28  44  35  15
  1 [384 512] -  25  49  11   9  22   1
 34 [384 512] -  48   4  16  29  34  10
 37 [384 512] -  44  37  24  32   7   3
 26 [384 512] -  26   8   7  25   0  49
  0   0  -1  -1  -1  -1 105  -1 
Mneu25.bmp   1   0
 96 [384 512] -  89  92  96  70  60  69
 53 [384 512] -  94  53  60  95  78  69
 79 [384 512] -  56  97  88  86  54  79
 85 [384 512] -  90  69  85  97  88  82
 83 [384 512] -  63  89  99  83  52  77
  0   0  -1  -1  -1  -1 105  -1 
Mneu11.bmp   1   0
 82 [384 512] -  82  61  59  71  58  68
 56 [384 512] -  56  99  91  71  89  53
 97 [384 512] -  60  97  87  95  86  80
 65 [384 512] -  95  65  93  60  98  71
 52 [384 512] -  71  63  64  55  91  52
  0   0  -1  -1  -1  -1 106  -1 
 M07.bmp   1   1
 41 [384 512] -  37  23  34  41  11  13
 46 [384 512] -  46  18   3  16  32   5
 44 [384 512] -  43   8  19  27  44   2
 33 [384 512] -  49  23  33  35  14  48
 42 [384 512] -  14  42  48  21   2  45
  0   0  -1  -1  -1  -1 107  -1 
 M18.bmp   1   1
  2 [384 512] -  16  11  48   2  33  46
 35 [384 512] -  46  43  23  41  35  39
 25 [384 512] -  49   5  25  32  17   3
 18 [384 512] -  45  31   3  18  27  32
 10 [384 512] -  39  27  10   7  21  46
  0   0  -1  -1  -1  -1 107  -1 
 M12.bmp   1   0
 57 [384 512] -  56  60  91  67  57  81
 51 [384 512] -  76  66  73  80  60  51
 74 [384 512] -  76  94  74  79  80  61
 93 [384 512] -  76  90  93  88  62  73
 75 [384 512] -  59  50  70  75  90  65
  0   0  -1  -1  -1  -1 107  -1 
Mneu24.bmp   1   1
 17 [384 512] -  30  27  17  10  11  13
 29 [384 512] -  29  34  11  42  40   6
  7 [384 512] -   7  38  47  37   9  13
 19 [384 512] -  21  26  34  18  19  44
 14 [384 512] -  44  22  13  48  47  14
  0   0  -1  -1  -1  -1 107  -1 
Mneu18.bmp   1   0
 87 [384 512] -  73  99  72  65  54  87
 86 [384 512] -  86  98  72  50  93  90
 95 [384 512] -  62  95  59  91  82  79
 55 [384 512] -  56  55  72  77  94  59
 88 [384 512] -  96  88  53  60  71  73
  0   0  -1  -1  -1  -1 108  -1 
 W04.bmp   1   1
 30 [384 512] -  30  14  38  11  23  32
 20 [384 512] -  24  42   3  37  20  34
  5 [384 512] -   0  18   5  11  24  31
 21 [384 512] -  36  48  21  31   7  17
 12 [384 512] -  12  34  40   9  28  41
  0   0  -1  -1  -1  -1 108  -1 
Mneu04.bmp   1   0
 98 [384 512] -  62  53  68  98  59  81
 58 [384 512] -  59  85  57  54  87  58
 50 [384 512] -  61  94  51  50  63  73
 64 [384 512] -  71  66  64  61  94  96
 77 [384 512] -  77  66  97  87  51  84
  0   0  -1  -1  -1  -1 108  -1 
 M14.bmp   1   0
 99 [384 512] -  89  78  64  52  97  99
 84 [384 512] -  83  50  84  75  59  76
 72 [384 512] -  52  72  76  98  57  86
 94 [384 512] -  80  69  63  73  94  62
 54 [384 512] -  78  89  52  54  68  71
  0   0  -1  -1  -1  -1 109  -1 
 M02.bmp   1   1
 16 [384 512] -  35  29   5  23  48  16
  9 [384 512] -  41  34   2  19   9  37
 39 [384 512] -  26  36  22  18  43  39
  8 [384 512] -  31  43  14   8  38  34
  6 [384 512] -   2  48   6  46  31  12
  0   0  -1  -1  -1  -1 110  -1 
 W15.bmp   1   1
 27 [384 512] -  10  19  24  13  28  27
 40 [384 512] -  26  40  22  47   3  21
 38 [384 512] -  45  44  34  38  13  39
 49 [384 512] -  31  17  15  49  11  29
 32 [384 512] -  32  12   2   6   1   3
  0   0  -1  -1  -1  -1 111  -1 
 W12.bmp   1   0
 78 [384 512] -  87  78  94  86  80  60
 62 [384 512] -  58  65  83  51  62  86
 81 [384 512] -  52  74  72  81  64  94
 67 [384 512] -  67  63  53  97  93  89
 91 [384 512] -  65  60  75  91  50  96
  0   0  -1  -1  -1  -1 111  -1 
Wneu02.bmp   1   0
 70 [384 512] -  91  89  83  62  57  70
 60 [384 512] -  66  86  60  94  53  81
 76 [384 512] -  92  71  82  83  76  56
 69 [384 512] -  71  87  77  59  69  90
 68 [384 512] -  72  68  73  54  94  88
  0   0  -1  -1  -1  -1 112  -1 
 W19.bmp   1   1
 36 [384 512] -  45  33  31  11   4  36
  0 [384 512] -  41   3  18  49   0  21
 48 [384 512] -  47  23  40  48  37  17
 13 [384 512] -  49   2  13  26  31  29
 43 [384 512] -  35  43  29  32   8  23
  0   0  -1  -1  -1  -1 112  -1 
 W16.bmp   1   1
 22 [384 512] -   5  36  30  22  26   1
 47 [384 512] -  49  47  46  42  29  24
 31 [384 512] -   1   3   6  26  31  19
 23 [384 512] -  48  14   2  38  12  23
 11 [384 512] -   8  11  16  24  43  21
  0   0  -1  -1  -1  -1 113  -1 
 W17.bmp   1   0
 89 [384 512] -  55  90  94  89  86  70
 92 [384 512] -  83  92  62  57  67  54
 61 [384 512] -  61  76  93  68  70  67
 73 [384 512] -  98  73  79  72  77  75
 63 [384 512] -  91  50  63  72  75  93
  0   0  -1  -1  -1  -1 113  -1 

US-Distraktoren
cs-nr, uspositiv, cs-datei, us-nr, usliste-nr, us-valenz, us-datei, distraktor-nr, distraktor-datei
  0   1 M16.bmp   0  45   1 uspos/8420.bmp   0  45 uspos/8420.bmp
  0   1 M16.bmp   0  45   1 uspos/8420.bmp   1  44 uspos/8370.bmp
  0   1 M16.bmp   0  45   1 uspos/8420.bmp   2  32 uspos/5994.bmp
  0   1 M16.bmp   0  45   1 uspos/8420.bmp   3  41 uspos/8190.bmp
  0   1 M16.bmp   0  45   1 uspos/8420.bmp   4  12 uspos/2091.bmp
  0   1 M16.bmp   0  45   1 uspos/8420.bmp   5  31 uspos/5910.bmp
  0   1 M16.bmp   1   3   1 uspos/1710.bmp   0  15 uspos/2208.bmp
  0   1 M16.bmp   1   3   1 uspos/1710.bmp   1   7 uspos/2057.bmp
  0   1 M16.bmp   1   3   1 uspos/1710.bmp   2  40 uspos/8170.bmp
  0   1 M16.bmp   1   3   1 uspos/1710.bmp   3  48 uspos/8501.bmp
  0   1 M16.bmp   1   3   1 uspos/1710.bmp   4  26 uspos/5460.bmp
  0   1 M16.bmp   1   3   1 uspos/1710.bmp   5   3 uspos/1710.bmp
  0   1 M16.bmp   2  24   1 uspos/4606.bmp   0  29 uspos/5830.bmp
  0   1 M16.bmp   2  24   1 uspos/4606.bmp   1  24 uspos/4606.bmp
  0   1 M16.bmp   2  24   1 uspos/4606.bmp   2  39 uspos/8080.bmp
  0   1 M16.bmp   2  24   1 uspos/4606.bmp   3   7 uspos/2057.bmp
  0   1 M16.bmp   2  24   1 uspos/4606.bmp   4  36 uspos/7470.bmp
  0   1 M16.bmp   2  24   1 uspos/4606.bmp   5  41 uspos/8190.bmp
  0   1 M16.bmp   3  28   1 uspos/5629.bmp   0  19 uspos/2550.bmp
  0   1 M16.bmp   3  28   1 uspos/5629.bmp   1  33 uspos/7230.bmp
  0   1 M16.bmp   3  28   1 uspos/5629.bmp   2  29 uspos/5830.bmp
  0   1 M16.bmp   3  28   1 uspos/5629.bmp   3  12 uspos/2091.bmp
  0   1 M16.bmp   3  28   1 uspos/5629.bmp   4  44 uspos/8370.bmp
  0   1 M16.bmp   3  28   1 uspos/5629.bmp   5  28 uspos/5629.bmp
  0   1 M16.bmp   4   4   1 uspos/1999.bmp   0   4 uspos/1999.bmp
  0   1 M16.bmp   4   4   1 uspos/1999.bmp   1  34 uspos/7330.bmp
  0   1 M16.bmp   4   4   1 uspos/1999.bmp   2  15 uspos/2208.bmp
  0   1 M16.bmp   4   4   1 uspos/1999.bmp   3  23 uspos/4220.bmp
  0   1 M16.bmp   4   4   1 uspos/1999.bmp   4  16 uspos/2209.bmp
  0   1 M16.bmp   4   4   1 uspos/1999.bmp   5   7 uspos/2057.bmp
  1   0 M13.bmp   0  59   0 usneg/3220.bmp   0  60 usneg/3300.bmp
  1   0 M13.bmp   0  59   0 usneg/3220.bmp   1  68 usneg/6831.bmp
  1   0 M13.bmp   0  59   0 usneg/3220.bmp   2  67 usneg/6570.1.bmp
  1   0 M13.bmp   0  59   0 usneg/3220.bmp   3  85 usneg/9340.bmp
  1   0 M13.bmp   0  59   0 usneg/3220.bmp   4  87 usneg/9400.bmp
  1   0 M13.bmp   0  59   0 usneg/3220.bmp   5  59 usneg/3220.bmp
  1   0 M13.bmp   1  90   0 usneg/9430.bmp   0  82 usneg/9280.bmp
  1   0 M13.bmp   1  90   0 usneg/9430.bmp   1  50 usneg/1525.bmp
  1   0 M13.bmp   1  90   0 usneg/9430.bmp   2  65 usneg/6530.bmp
  1   0 M13.bmp   1  90   0 usneg/9430.bmp   3  69 usneg/6838.bmp
  1   0 M13.bmp   1  90   0 usneg/9430.bmp   4  90 usneg/9430.bmp
  1   0 M13.bmp   1  90   0 usneg/9430.bmp   5  52 usneg/2141.bmp
  1   0 M13.bmp   2  66   0 usneg/6555.bmp   0  58 usneg/3160.bmp
  1   0 M13.bmp   2  66   0 usneg/6555.bmp   1  99 usneg/9920.bmp
  1   0 M13.bmp   2  66   0 usneg/6555.bmp   2  66 usneg/6555.bmp
  1   0 M13.bmp   2  66   0 usneg/6555.bmp   3  69 usneg/6838.bmp
  1   0 M13.bmp   2  66   0 usneg/6555.bmp   4  74 usneg/9007.bmp
  1   0 M13.bmp   2  66   0 usneg/6555.bmp   5  52 usneg/2141.bmp
  1   0 M13.bmp   3  71   0 usneg/8485.bmp   0  83 usneg/9330.bmp
  1   0 M13.bmp   3  71   0 usneg/8485.bmp   1  71 usneg/8485.bmp
  1   0 M13.bmp   3  71   0 usneg/8485.bmp   2  77 usneg/9102.bmp
  1   0 M13.bmp   3  71   0 usneg/8485.bmp   3  57 usneg/2900.bmp
  1   0 M13.bmp   3  71   0 usneg/8485.bmp   4  74 usneg/9007.bmp
  1   0 M13.bmp   3  71   0 usneg/8485.bmp   5  84 usneg/9331.bmp
  1   0 M13.bmp   4  80   0 usneg/9220.bmp   0  93 usneg/9500.bmp
  1   0 M13.bmp   4  80   0 usneg/9220.bmp   1  72 usneg/9000.bmp
  1   0 M13.bmp   4  80   0 usneg/9220.bmp   2  89 usneg/9421.bmp
  1   0 M13.bmp   4  80   0 usneg/9220.bmp   3  76 usneg/9050.bmp
  1   0 M13.bmp   4  80   0 usneg/9220.bmp   4  63 usneg/6242.bmp
  1   0 M13.bmp   4  80   0 usneg/9220.bmp   5  80 usneg/9220.bmp
  2   1 Mneu20.bmp   0  15   1 uspos/2208.bmp   0  30 uspos/5831.bmp
  2   1 Mneu20.bmp   0  15   1 uspos/2208.bmp   1  39 uspos/8080.bmp
  2   1 Mneu20.bmp   0  15   1 uspos/2208.bmp   2  28 uspos/5629.bmp
  2   1 Mneu20.bmp   0  15   1 uspos/2208.bmp   3  44 uspos/8370.bmp
  2   1 Mneu20.bmp   0  15   1 uspos/2208.bmp   4  35 uspos/7350.bmp
  2   1 Mneu20.bmp   0  15   1 uspos/2208.bmp   5  15 uspos/2208.bmp
  2   1 Mneu20.bmp   1   1   1 uspos/1463.bmp   0  25 uspos/4622.bmp
  2   1 Mneu20.bmp   1   1   1 uspos/1463.bmp   1  49 uspos/8540.bmp
  2   1 Mneu20.bmp   1   1   1 uspos/1463.bmp   2  11 uspos/2080.bmp
  2   1 Mneu20.bmp   1   1   1 uspos/1463.bmp   3   9 uspos/2070.bmp
  2   1 Mneu20.bmp   1   1   1 uspos/1463.bmp   4  22 uspos/2900.2.bmp
  2   1 Mneu20.bmp   1   1   1 uspos/1463.bmp   5   1 uspos/1463.bmp
  2   1 Mneu20.bmp   2  34   1 uspos/7330.bmp   0  48 uspos/8501.bmp
  2   1 Mneu20.bmp   2  34   1 uspos/7330.bmp   1   4 uspos/1999.bmp
  2   1 Mneu20.bmp   2  34   1 uspos/7330.bmp   2  16 uspos/2209.bmp
  2   1 Mneu20.bmp   2  34   1 uspos/7330.bmp   3  29 uspos/5830.bmp
  2   1 Mneu20.bmp   2  34   1 uspos/7330.bmp   4  34 uspos/7330.bmp
  2   1 Mneu20.bmp   2  34   1 uspos/7330.bmp   5  10 uspos/2071.bmp
  2   1 Mneu20.bmp   3  37   1 uspos/7502.bmp   0  44 uspos/8370.bmp
  2   1 Mneu20.bmp   3  37   1 uspos/7502.bmp   1  37 uspos/7502.bmp
  2   1 Mneu20.bmp   3  37   1 uspos/7502.bmp   2  24 uspos/4606.bmp
  2   1 Mneu20.bmp   3  37   1 uspos/7502.bmp   3  32 uspos/5994.bmp
  2   1 Mneu20.bmp   3  37   1 uspos/7502.bmp   4   7 uspos/2057.bmp
  2   1 Mneu20.bmp   3  37   1 uspos/7502.bmp   5   3 uspos/1710.bmp
  2   1 Mneu20.bmp   4  26   1 uspos/5460.bmp   0  26 uspos/5460.bmp
  2   1 Mneu20.bmp   4  26   1 uspos/5460.bmp   1   8 uspos/2058.bmp
  2   1 Mneu20.bmp   4  26   1 uspos/5460.bmp   2   7 uspos/2057.bmp
  2   1 Mneu20.bmp   4  26   1 uspos/5460.bmp   3  25 uspos/4622.bmp
  2   1 Mneu20.bmp   4  26   1 uspos/5460.bmp   4   0 uspos/1440.bmp
  2   1 Mneu20.bmp   4  26   1 uspos/5460.bmp   5  49 uspos/8540.bmp
  3   0 Mneu25.bmp   0  96   0 usneg/9561.bmp   0  89 usneg/9421.bmp
  3   0 Mneu25.bmp   0  96   0 usneg/9561.bmp   1  92 usneg/9435.bmp
  3   0 Mneu25.bmp   0  96   0 usneg/9561.bmp   2  96 usneg/9561.bmp
  3   0 Mneu25.bmp   0  96   0 usneg/9561.bmp   3  70 usneg/7380.bmp
  3   0 Mneu25.bmp   0  96   0 usneg/9561.bmp   4  60 usneg/3300.bmp
  3   0 Mneu25.bmp   0  96   0 usneg/9561.bmp   5  69 usneg/6838.bmp
  3   0 Mneu25.bmp   1  53   0 usneg/2276.bmp   0  94 usneg/9520.bmp
  3   0 Mneu25.bmp   1  53   0 usneg/2276.bmp   1  53 usneg/2276.bmp
  3   0 Mneu25.bmp   1  53   0 usneg/2276.bmp   2  60 usneg/3300.bmp
  3   0 Mneu25.bmp   1  53   0 usneg/2276.bmp   3  95 usneg/9560.bmp
  3   0 Mneu25.bmp   1  53   0 usneg/2276.bmp   4  78 usneg/9180.bmp
  3   0 Mneu25.bmp   1  53   0 usneg/2276.bmp   5  69 usneg/6838.bmp
  3   0 Mneu25.bmp   2  79   0 usneg/9182.bmp   0  56 usneg/2750.bmp
  3   0 Mneu25.bmp   2  79   0 usneg/9182.bmp   1  97 usneg/9630.bmp
  3   0 Mneu25.bmp   2  79   0 usneg/9182.bmp   2  88 usneg/9404.bmp
  3   0 Mneu25.bmp   2  79   0 usneg/9182.bmp   3  86 usneg/9342.bmp
  3   0 Mneu25.bmp   2  79   0 usneg/9182.bmp   4  54 usneg/2375.1.bmp
  3   0 Mneu25.bmp   2  79   0 usneg/9182.bmp   5  79 usneg/9182.bmp
  3   0 Mneu25.bmp   3  85   0 usneg/9340.bmp   0  90 usneg/9430.bmp
  3   0 Mneu25.bmp   3  85   0 usneg/9340.bmp   1  69 usneg/6838.bmp
  3   0 Mneu25.bmp   3  85   0 usneg/9340.bmp   2  85 usneg/9340.bmp
  3   0 Mneu25.bmp   3  85   0 usneg/9340.bmp   3  97 usneg/9630.bmp
  3   0 Mneu25.bmp   3  85   0 usneg/9340.bmp   4  88 usneg/9404.bmp
  3   0 Mneu25.bmp   3  85   0 usneg/9340.bmp   5  82 usneg/9280.bmp
  3   0 Mneu25.bmp   4  83   0 usneg/9330.bmp   0  63 usneg/6242.bmp
  3   0 Mneu25.bmp   4  83   0 usneg/9330.bmp   1  89 usneg/9421.bmp
  3   0 Mneu25.bmp   4  83   0 usneg/9330.bmp   2  99 usneg/9920.bmp
  3   0 Mneu25.bmp   4  83   0 usneg/9330.bmp   3  83 usneg/9330.bmp
  3   0 Mneu25.bmp   4  83   0 usneg/9330.bmp   4  52 usneg/2141.bmp
  3   0 Mneu25.bmp   4  83   0 usneg/9330.bmp   5  77 usneg/9102.bmp
  4   0 Mneu11.bmp   0  82   0 usneg/9280.bmp   0  82 usneg/9280.bmp
  4   0 Mneu11.bmp   0  82   0 usneg/9280.bmp   1  61 usneg/3550.bmp
  4   0 Mneu11.bmp   0  82   0 usneg/9280.bmp   2  59 usneg/3220.bmp
  4   0 Mneu11.bmp   0  82   0 usneg/9280.bmp   3  71 usneg/8485.bmp
  4   0 Mneu11.bmp   0  82   0 usneg/9280.bmp   4  58 usneg/3160.bmp
  4   0 Mneu11.bmp   0  82   0 usneg/9280.bmp   5  68 usneg/6831.bmp
  4   0 Mneu11.bmp   1  56   0 usneg/2750.bmp   0  56 usneg/2750.bmp
  4   0 Mneu11.bmp   1  56   0 usneg/2750.bmp   1  99 usneg/9920.bmp
  4   0 Mneu11.bmp   1  56   0 usneg/2750.bmp   2  91 usneg/9432.bmp
  4   0 Mneu11.bmp   1  56   0 usneg/2750.bmp   3  71 usneg/8485.bmp
  4   0 Mneu11.bmp   1  56   0 usneg/2750.bmp   4  89 usneg/9421.bmp
  4   0 Mneu11.bmp   1  56   0 usneg/2750.bmp   5  53 usneg/2276.bmp
  4   0 Mneu11.bmp   2  97   0 usneg/9630.bmp   0  60 usneg/3300.bmp
  4   0 Mneu11.bmp   2  97   0 usneg/9630.bmp   1  97 usneg/9630.bmp
  4   0 Mneu11.bmp   2  97   0 usneg/9630.bmp   2  87 usneg/9400.bmp
  4   0 Mneu11.bmp   2  97   0 usneg/9630.bmp   3  95 usneg/9560.bmp
  4   0 Mneu11.bmp   2  97   0 usneg/9630.bmp   4  86 usneg/9342.bmp
  4   0 Mneu11.bmp   2  97   0 usneg/9630.bmp   5  80 usneg/9220.bmp
  4   0 Mneu11.bmp   3  65   0 usneg/6530.bmp   0  95 usneg/9560.bmp
  4   0 Mneu11.bmp   3  65   0 usneg/6530.bmp   1  65 usneg/6530.bmp
  4   0 Mneu11.bmp   3  65   0 usneg/6530.bmp   2  93 usneg/9500.bmp
  4   0 Mneu11.bmp   3  65   0 usneg/6530.bmp   3  60 usneg/3300.bmp
  4   0 Mneu11.bmp   3  65   0 usneg/6530.bmp   4  98 usneg/9830.bmp
  4   0 Mneu11.bmp   3  65   0 usneg/6530.bmp   5  71 usneg/8485.bmp
  4   0 Mneu11.bmp   4  52   0 usneg/2141.bmp   0  71 usneg/8485.bmp
  4   0 Mneu11.bmp   4  52   0 usneg/2141.bmp   1  63 usneg/6242.bmp
  4   0 Mneu11.bmp   4  52   0 usneg/2141.bmp   2  64 usneg/6311.bmp
  4   0 Mneu11.bmp   4  52   0 usneg/2141.bmp   3  55 usneg/2710.bmp
  4   0 Mneu11.bmp   4  52   0 usneg/2141.bmp   4  91 usneg/9432.bmp
  4   0 Mneu11.bmp   4  52   0 usneg/2141.bmp   5  52 usneg/2141.bmp
  5   1 M07.bmp   0  41   1 uspos/8190.bmp   0  37 uspos/7502.bmp
  5   1 M07.bmp   0  41   1 uspos/8190.bmp   1  23 uspos/4220.bmp
  5   1 M07.bmp   0  41   1 uspos/8190.bmp   2  34 uspos/7330.bmp
  5   1 M07.bmp   0  41   1 uspos/8190.bmp   3  41 uspos/8190.bmp
  5   1 M07.bmp   0  41   1 uspos/8190.bmp   4  11 uspos/2080.bmp
  5   1 M07.bmp   0  41   1 uspos/8190.bmp   5  13 uspos/2150.bmp
  5   1 M07.bmp   1  46   1 uspos/8470.bmp   0  46 uspos/8470.bmp
  5   1 M07.bmp   1  46   1 uspos/8470.bmp   1  18 uspos/2340.bmp
  5   1 M07.bmp   1  46   1 uspos/8470.bmp   2   3 uspos/1710.bmp
  5   1 M07.bmp   1  46   1 uspos/8470.bmp   3  16 uspos/2209.bmp
  5   1 M07.bmp   1  46   1 uspos/8470.bmp   4  32 uspos/5994.bmp
  5   1 M07.bmp   1  46   1 uspos/8470.bmp   5   5 uspos/2040.bmp
  5   1 M07.bmp   2  44   1 uspos/8370.bmp   0  43 uspos/8330.bmp
  5   1 M07.bmp   2  44   1 uspos/8370.bmp   1   8 uspos/2058.bmp
  5   1 M07.bmp   2  44   1 uspos/8370.bmp   2  19 uspos/2550.bmp
  5   1 M07.bmp   2  44   1 uspos/8370.bmp   3  27 uspos/5594.bmp
  5   1 M07.bmp   2  44   1 uspos/8370.bmp   4  44 uspos/8370.bmp
  5   1 M07.bmp   2  44   1 uspos/8370.bmp   5   2 uspos/1650.bmp
  5   1 M07.bmp   3  33   1 uspos/7230.bmp   0  49 uspos/8540.bmp
  5   1 M07.bmp   3  33   1 uspos/7230.bmp   1  23 uspos/4220.bmp
  5   1 M07.bmp   3  33   1 uspos/7230.bmp   2  33 uspos/7230.bmp
  5   1 M07.bmp   3  33   1 uspos/7230.bmp   3  35 uspos/7350.bmp
  5   1 M07.bmp   3  33   1 uspos/7230.bmp   4  14 uspos/2160.bmp
  5   1 M07.bmp   3  33   1 uspos/7230.bmp   5  48 uspos/8501.bmp
  5   1 M07.bmp   4  42   1 uspos/8200.bmp   0  14 uspos/2160.bmp
  5   1 M07.bmp   4  42   1 uspos/8200.bmp   1  42 uspos/8200.bmp
  5   1 M07.bmp   4  42   1 uspos/8200.bmp   2  48 uspos/8501.bmp
  5   1 M07.bmp   4  42   1 uspos/8200.bmp   3  21 uspos/2791.bmp
  5   1 M07.bmp   4  42   1 uspos/8200.bmp   4   2 uspos/1650.bmp
  5   1 M07.bmp   4  42   1 uspos/8200.bmp   5  45 uspos/8420.bmp
  6   1 M18.bmp   0   2   1 uspos/1650.bmp   0  16 uspos/2209.bmp
  6   1 M18.bmp   0   2   1 uspos/1650.bmp   1  11 uspos/2080.bmp
  6   1 M18.bmp   0   2   1 uspos/1650.bmp   2  48 uspos/8501.bmp
  6   1 M18.bmp   0   2   1 uspos/1650.bmp   3   2 uspos/1650.bmp
  6   1 M18.bmp   0   2   1 uspos/1650.bmp   4  33 uspos/7230.bmp
  6   1 M18.bmp   0   2   1 uspos/1650.bmp   5  46 uspos/8470.bmp
  6   1 M18.bmp   1  35   1 uspos/7350.bmp   0  46 uspos/8470.bmp
  6   1 M18.bmp   1  35   1 uspos/7350.bmp   1  43 uspos/8330.bmp
  6   1 M18.bmp   1  35   1 uspos/7350.bmp   2  23 uspos/4220.bmp
  6   1 M18.bmp   1  35   1 uspos/7350.bmp   3  41 uspos/8190.bmp
  6   1 M18.bmp   1  35   1 uspos/7350.bmp   4  35 uspos/7350.bmp
  6   1 M18.bmp   1  35   1 uspos/7350.bmp   5  39 uspos/8080.bmp
  6   1 M18.bmp   2  25   1 uspos/4622.bmp   0  49 uspos/8540.bmp
  6   1 M18.bmp   2  25   1 uspos/4622.bmp   1   5 uspos/2040.bmp
  6   1 M18.bmp   2  25   1 uspos/4622.bmp   2  25 uspos/4622.bmp
  6   1 M18.bmp   2  25   1 uspos/4622.bmp   3  32 uspos/5994.bmp
  6   1 M18.bmp   2  25   1 uspos/4622.bmp   4  17 uspos/2311.bmp
  6   1 M18.bmp   2  25   1 uspos/4622.bmp   5   3 uspos/1710.bmp
  6   1 M18.bmp   3  18   1 uspos/2340.bmp   0  45 uspos/8420.bmp
  6   1 M18.bmp   3  18   1 uspos/2340.bmp   1  31 uspos/5910.bmp
  6   1 M18.bmp   3  18   1 uspos/2340.bmp   2   3 uspos/1710.bmp
  6   1 M18.bmp   3  18   1 uspos/2340.bmp   3  18 uspos/2340.bmp
  6   1 M18.bmp   3  18   1 uspos/2340.bmp   4  27 uspos/5594.bmp
  6   1 M18.bmp   3  18   1 uspos/2340.bmp   5  32 uspos/5994.bmp
  6   1 M18.bmp   4  10   1 uspos/2071.bmp   0  39 uspos/8080.bmp
  6   1 M18.bmp   4  10   1 uspos/2071.bmp   1  27 uspos/5594.bmp
  6   1 M18.bmp   4  10   1 uspos/2071.bmp   2  10 uspos/2071.bmp
  6   1 M18.bmp   4  10   1 uspos/2071.bmp   3   7 uspos/2057.bmp
  6   1 M18.bmp   4  10   1 uspos/2071.bmp   4  21 uspos/2791.bmp
  6   1 M18.bmp   4  10   1 uspos/2071.bmp   5  46 uspos/8470.bmp
  7   0 M12.bmp   0  57   0 usneg/2900.bmp   0  56 usneg/2750.bmp
  7   0 M12.bmp   0  57   0 usneg/2900.bmp   1  60 usneg/3300.bmp
  7   0 M12.bmp   0  57   0 usneg/2900.bmp   2  91 usneg/9432.bmp
  7   0 M12.bmp   0  57   0 usneg/2900.bmp   3  67 usneg/6570.1.bmp
  7   0 M12.bmp   0  57   0 usneg/2900.bmp   4  57 usneg/2900.bmp
  7   0 M12.bmp   0  57   0 usneg/2900.bmp   5  81 usneg/9265.bmp
  7   0 M12.bmp   1  51   0 usneg/2053.bmp   0  76 usneg/9050.bmp
  7   0 M12.bmp   1  51   0 usneg/2053.bmp   1  66 usneg/6555.bmp
  7   0 M12.bmp   1  51   0 usneg/2053.bmp   2  73 usneg/9006.bmp
  7   0 M12.bmp   1  51   0 usneg/2053.bmp   3  80 usneg/9220.bmp
  7   0 M12.bmp   1  51   0 usneg/2053.bmp   4  60 usneg/3300.bmp
  7   0 M12.bmp   1  51   0 usneg/2053.bmp   5  51 usneg/2053.bmp
  7   0 M12.bmp   2  74   0 usneg/9007.bmp   0  76 usneg/9050.bmp
  7   0 M12.bmp   2  74   0 usneg/9007.bmp   1  94 usneg/9520.bmp
  7   0 M12.bmp   2  74   0 usneg/9007.bmp   2  74 usneg/9007.bmp
  7   0 M12.bmp   2  74   0 usneg/9007.bmp   3  79 usneg/9182.bmp
  7   0 M12.bmp   2  74   0 usneg/9007.bmp   4  80 usneg/9220.bmp
  7   0 M12.bmp   2  74   0 usneg/9007.bmp   5  61 usneg/3550.bmp
  7   0 M12.bmp   3  93   0 usneg/9500.bmp   0  76 usneg/9050.bmp
  7   0 M12.bmp   3  93   0 usneg/9500.bmp   1  90 usneg/9430.bmp
  7   0 M12.bmp   3  93   0 usneg/9500.bmp   2  93 usneg/9500.bmp
  7   0 M12.bmp   3  93   0 usneg/9500.bmp   3  88 usneg/9404.bmp
  7   0 M12.bmp   3  93   0 usneg/9500.bmp   4  62 usneg/6020.bmp
  7   0 M12.bmp   3  93   0 usneg/9500.bmp   5  73 usneg/9006.bmp
  7   0 M12.bmp   4  75   0 usneg/9041.bmp   0  59 usneg/3220.bmp
  7   0 M12.bmp   4  75   0 usneg/9041.bmp   1  50 usneg/1525.bmp
  7   0 M12.bmp   4  75   0 usneg/9041.bmp   2  70 usneg/7380.bmp
  7   0 M12.bmp   4  75   0 usneg/9041.bmp   3  75 usneg/9041.bmp
  7   0 M12.bmp   4  75   0 usneg/9041.bmp   4  90 usneg/9430.bmp
  7   0 M12.bmp   4  75   0 usneg/9041.bmp   5  65 usneg/6530.bmp
  8   1 Mneu24.bmp   0  17   1 uspos/2311.bmp   0  30 uspos/5831.bmp
  8   1 Mneu24.bmp   0  17   1 uspos/2311.bmp   1  27 uspos/5594.bmp
  8   1 Mneu24.bmp   0  17   1 uspos/2311.bmp   2  17 uspos/2311.bmp
  8   1 Mneu24.bmp   0  17   1 uspos/2311.bmp   3  10 uspos/2071.bmp
  8   1 Mneu24.bmp   0  17   1 uspos/2311.bmp   4  11 uspos/2080.bmp
  8   1 Mneu24.bmp   0  17   1 uspos/2311.bmp   5  13 uspos/2150.bmp
  8   1 Mneu24.bmp   1  29   1 uspos/5830.bmp   0  29 uspos/5830.bmp
  8   1 Mneu24.bmp   1  29   1 uspos/5830.bmp   1  34 uspos/7330.bmp
  8   1 Mneu24.bmp   1  29   1 uspos/5830.bmp   2  11 uspos/2080.bmp
  8   1 Mneu24.bmp   1  29   1 uspos/5830.bmp   3  42 uspos/8200.bmp
  8   1 Mneu24.bmp   1  29   1 uspos/5830.bmp   4  40 uspos/8170.bmp
  8   1 Mneu24.bmp   1  29   1 uspos/5830.bmp   5   6 uspos/2050.bmp
  8   1 Mneu24.bmp   2   7   1 uspos/2057.bmp   0   7 uspos/2057.bmp
  8   1 Mneu24.bmp   2   7   1 uspos/2057.bmp   1  38 uspos/7580.bmp
  8   1 Mneu24.bmp   2   7   1 uspos/2057.bmp   2  47 uspos/8496.bmp
  8   1 Mneu24.bmp   2   7   1 uspos/2057.bmp   3  37 uspos/7502.bmp
  8   1 Mneu24.bmp   2   7   1 uspos/2057.bmp   4   9 uspos/2070.bmp
  8   1 Mneu24.bmp   2   7   1 uspos/2057.bmp   5  13 uspos/2150.bmp
  8   1 Mneu24.bmp   3  19   1 uspos/2550.bmp   0  21 uspos/2791.bmp
  8   1 Mneu24.bmp   3  19   1 uspos/2550.bmp   1  26 uspos/5460.bmp
  8   1 Mneu24.bmp   3  19   1 uspos/2550.bmp   2  34 uspos/7330.bmp
  8   1 Mneu24.bmp   3  19   1 uspos/2550.bmp   3  18 uspos/2340.bmp
  8   1 Mneu24.bmp   3  19   1 uspos/2550.bmp   4  19 uspos/2550.bmp
  8   1 Mneu24.bmp   3  19   1 uspos/2550.bmp   5  44 uspos/8370.bmp
  8   1 Mneu24.bmp   4  14   1 uspos/2160.bmp   0  44 uspos/8370.bmp
  8   1 Mneu24.bmp   4  14   1 uspos/2160.bmp   1  22 uspos/2900.2.bmp
  8   1 Mneu24.bmp   4  14   1 uspos/2160.bmp   2  13 uspos/2150.bmp
  8   1 Mneu24.bmp   4  14   1 uspos/2160.bmp   3  48 uspos/8501.bmp
  8   1 Mneu24.bmp   4  14   1 uspos/2160.bmp   4  47 uspos/8496.bmp
  8   1 Mneu24.bmp   4  14   1 uspos/2160.bmp   5  14 uspos/2160.bmp
  9   0 Mneu18.bmp   0  87   0 usneg/9400.bmp   0  73 usneg/9006.bmp
  9   0 Mneu18.bmp   0  87   0 usneg/9400.bmp   1  99 usneg/9920.bmp
  9   0 Mneu18.bmp   0  87   0 usneg/9400.bmp   2  72 usneg/9000.bmp
  9   0 Mneu18.bmp   0  87   0 usneg/9400.bmp   3  65 usneg/6530.bmp
  9   0 Mneu18.bmp   0  87   0 usneg/9400.bmp   4  54 usneg/2375.1.bmp
  9   0 Mneu18.bmp   0  87   0 usneg/9400.bmp   5  87 usneg/9400.bmp
  9   0 Mneu18.bmp   1  86   0 usneg/9342.bmp   0  86 usneg/9342.bmp
  9   0 Mneu18.bmp   1  86   0 usneg/9342.bmp   1  98 usneg/9830.bmp
  9   0 Mneu18.bmp   1  86   0 usneg/9342.bmp   2  72 usneg/9000.bmp
  9   0 Mneu18.bmp   1  86   0 usneg/9342.bmp   3  50 usneg/1525.bmp
  9   0 Mneu18.bmp   1  86   0 usneg/9342.bmp   4  93 usneg/9500.bmp
  9   0 Mneu18.bmp   1  86   0 usneg/9342.bmp   5  90 usneg/9430.bmp
  9   0 Mneu18.bmp   2  95   0 usneg/9560.bmp   0  62 usneg/6020.bmp
  9   0 Mneu18.bmp   2  95   0 usneg/9560.bmp   1  95 usneg/9560.bmp
  9   0 Mneu18.bmp   2  95   0 usneg/9560.bmp   2  59 usneg/3220.bmp
  9   0 Mneu18.bmp   2  95   0 usneg/9560.bmp   3  91 usneg/9432.bmp
  9   0 Mneu18.bmp   2  95   0 usneg/9560.bmp   4  82 usneg/9280.bmp
  9   0 Mneu18.bmp   2  95   0 usneg/9560.bmp   5  79 usneg/9182.bmp
  9   0 Mneu18.bmp   3  55   0 usneg/2710.bmp   0  56 usneg/2750.bmp
  9   0 Mneu18.bmp   3  55   0 usneg/2710.bmp   1  55 usneg/2710.bmp
  9   0 Mneu18.bmp   3  55   0 usneg/2710.bmp   2  72 usneg/9000.bmp
  9   0 Mneu18.bmp   3  55   0 usneg/2710.bmp   3  77 usneg/9102.bmp
  9   0 Mneu18.bmp   3  55   0 usneg/2710.bmp   4  94 usneg/9520.bmp
  9   0 Mneu18.bmp   3  55   0 usneg/2710.bmp   5  59 usneg/3220.bmp
  9   0 Mneu18.bmp   4  88   0 usneg/9404.bmp   0  96 usneg/9561.bmp
  9   0 Mneu18.bmp   4  88   0 usneg/9404.bmp   1  88 usneg/9404.bmp
  9   0 Mneu18.bmp   4  88   0 usneg/9404.bmp   2  53 usneg/2276.bmp
  9   0 Mneu18.bmp   4  88   0 usneg/9404.bmp   3  60 usneg/3300.bmp
  9   0 Mneu18.bmp   4  88   0 usneg/9404.bmp   4  71 usneg/8485.bmp
  9   0 Mneu18.bmp   4  88   0 usneg/9404.bmp   5  73 usneg/9006.bmp
 10   1 W04.bmp   0  30   1 uspos/5831.bmp   0  30 uspos/5831.bmp
 10   1 W04.bmp   0  30   1 uspos/5831.bmp   1  14 uspos/2160.bmp
 10   1 W04.bmp   0  30   1 uspos/5831.bmp   2  38 uspos/7580.bmp
 10   1 W04.bmp   0  30   1 uspos/5831.bmp   3  11 uspos/2080.bmp
 10   1 W04.bmp   0  30   1 uspos/5831.bmp   4  23 uspos/4220.bmp
 10   1 W04.bmp   0  30   1 uspos/5831.bmp   5  32 uspos/5994.bmp
 10   1 W04.bmp   1  20   1 uspos/2660.bmp   0  24 uspos/4606.bmp
 10   1 W04.bmp   1  20   1 uspos/2660.bmp   1  42 uspos/8200.bmp
 10   1 W04.bmp   1  20   1 uspos/2660.bmp   2   3 uspos/1710.bmp
 10   1 W04.bmp   1  20   1 uspos/2660.bmp   3  37 uspos/7502.bmp
 10   1 W04.bmp   1  20   1 uspos/2660.bmp   4  20 uspos/2660.bmp
 10   1 W04.bmp   1  20   1 uspos/2660.bmp   5  34 uspos/7330.bmp
 10   1 W04.bmp   2   5   1 uspos/2040.bmp   0   0 uspos/1440.bmp
 10   1 W04.bmp   2   5   1 uspos/2040.bmp   1  18 uspos/2340.bmp
 10   1 W04.bmp   2   5   1 uspos/2040.bmp   2   5 uspos/2040.bmp
 10   1 W04.bmp   2   5   1 uspos/2040.bmp   3  11 uspos/2080.bmp
 10   1 W04.bmp   2   5   1 uspos/2040.bmp   4  24 uspos/4606.bmp
 10   1 W04.bmp   2   5   1 uspos/2040.bmp   5  31 uspos/5910.bmp
 10   1 W04.bmp   3  21   1 uspos/2791.bmp   0  36 uspos/7470.bmp
 10   1 W04.bmp   3  21   1 uspos/2791.bmp   1  48 uspos/8501.bmp
 10   1 W04.bmp   3  21   1 uspos/2791.bmp   2  21 uspos/2791.bmp
 10   1 W04.bmp   3  21   1 uspos/2791.bmp   3  31 uspos/5910.bmp
 10   1 W04.bmp   3  21   1 uspos/2791.bmp   4   7 uspos/2057.bmp
 10   1 W04.bmp   3  21   1 uspos/2791.bmp   5  17 uspos/2311.bmp
 10   1 W04.bmp   4  12   1 uspos/2091.bmp   0  12 uspos/2091.bmp
 10   1 W04.bmp   4  12   1 uspos/2091.bmp   1  34 uspos/7330.bmp
 10   1 W04.bmp   4  12   1 uspos/2091.bmp   2  40 uspos/8170.bmp
 10   1 W04.bmp   4  12   1 uspos/2091.bmp   3   9 uspos/2070.bmp
 10   1 W04.bmp   4  12   1 uspos/2091.bmp   4  28 uspos/5629.bmp
 10   1 W04.bmp   4  12   1 uspos/2091.bmp   5  41 uspos/8190.bmp
 11   0 Mneu04.bmp   0  98   0 usneg/9830.bmp   0  62 usneg/6020.bmp
 11   0 Mneu04.bmp   0  98   0 usneg/9830.bmp   1  53 usneg/2276.bmp
 11   0 Mneu04.bmp   0  98   0 usneg/9830.bmp   2  68 usneg/6831.bmp
 11   0 Mneu04.bmp   0  98   0 usneg/9830.bmp   3  98 usneg/9830.bmp
 11   0 Mneu04.bmp   0  98   0 usneg/9830.bmp   4  59 usneg/3220.bmp
 11   0 Mneu04.bmp   0  98   0 usneg/9830.bmp   5  81 usneg/9265.bmp
 11   0 Mneu04.bmp   1  58   0 usneg/3160.bmp   0  59 usneg/3220.bmp
 11   0 Mneu04.bmp   1  58   0 usneg/3160.bmp   1  85 usneg/9340.bmp
 11   0 Mneu04.bmp   1  58   0 usneg/3160.bmp   2  57 usneg/2900.bmp
 11   0 Mneu04.bmp   1  58   0 usneg/3160.bmp   3  54 usneg/2375.1.bmp
 11   0 Mneu04.bmp   1  58   0 usneg/3160.bmp   4  87 usneg/9400.bmp
 11   0 Mneu04.bmp   1  58   0 usneg/3160.bmp   5  58 usneg/3160.bmp
 11   0 Mneu04.bmp   2  50   0 usneg/1525.bmp   0  61 usneg/3550.bmp
 11   0 Mneu04.bmp   2  50   0 usneg/1525.bmp   1  94 usneg/9520.bmp
 11   0 Mneu04.bmp   2  50   0 usneg/1525.bmp   2  51 usneg/2053.bmp
 11   0 Mneu04.bmp   2  50   0 usneg/1525.bmp   3  50 usneg/1525.bmp
 11   0 Mneu04.bmp   2  50   0 usneg/1525.bmp   4  63 usneg/6242.bmp
 11   0 Mneu04.bmp   2  50   0 usneg/1525.bmp   5  73 usneg/9006.bmp
 11   0 Mneu04.bmp   3  64   0 usneg/6311.bmp   0  71 usneg/8485.bmp
 11   0 Mneu04.bmp   3  64   0 usneg/6311.bmp   1  66 usneg/6555.bmp
 11   0 Mneu04.bmp   3  64   0 usneg/6311.bmp   2  64 usneg/6311.bmp
 11   0 Mneu04.bmp   3  64   0 usneg/6311.bmp   3  61 usneg/3550.bmp
 11   0 Mneu04.bmp   3  64   0 usneg/6311.bmp   4  94 usneg/9520.bmp
 11   0 Mneu04.bmp   3  64   0 usneg/6311.bmp   5  96 usneg/9561.bmp
 11   0 Mneu04.bmp   4  77   0 usneg/9102.bmp   0  77 usneg/9102.bmp
 11   0 Mneu04.bmp   4  77   0 usneg/9102.bmp   1  66 usneg/6555.bmp
 11   0 Mneu04.bmp   4  77   0 usneg/9102.bmp   2  97 usneg/9630.bmp
 11   0 Mneu04.bmp   4  77   0 usneg/9102.bmp   3  87 usneg/9400.bmp
 11   0 Mneu04.bmp   4  77   0 usneg/9102.bmp   4  51 usneg/2053.bmp
 11   0 Mneu04.bmp   4  77   0 usneg/9102.bmp   5  84 usneg/9331.bmp
 12   0 M14.bmp   0  99   0 usneg/9920.bmp   0  89 usneg/9421.bmp
 12   0 M14.bmp   0  99   0 usneg/9920.bmp   1  78 usneg/9180.bmp
 12   0 M14.bmp   0  99   0 usneg/9920.bmp   2  64 usneg/6311.bmp
 12   0 M14.bmp   0  99   0 usneg/9920.bmp   3  52 usneg/2141.bmp
 12   0 M14.bmp   0  99   0 usneg/9920.bmp   4  97 usneg/9630.bmp
 12   0 M14.bmp   0  99   0 usneg/9920.bmp   5  99 usneg/9920.bmp
 12   0 M14.bmp   1  84   0 usneg/9331.bmp   0  83 usneg/9330.bmp
 12   0 M14.bmp   1  84   0 usneg/9331.bmp   1  50 usneg/1525.bmp
 12   0 M14.bmp   1  84   0 usneg/9331.bmp   2  84 usneg/9331.bmp
 12   0 M14.bmp   1  84   0 usneg/9331.bmp   3  75 usneg/9041.bmp
 12   0 M14.bmp   1  84   0 usneg/9331.bmp   4  59 usneg/3220.bmp
 12   0 M14.bmp   1  84   0 usneg/9331.bmp   5  76 usneg/9050.bmp
 12   0 M14.bmp   2  72   0 usneg/9000.bmp   0  52 usneg/2141.bmp
 12   0 M14.bmp   2  72   0 usneg/9000.bmp   1  72 usneg/9000.bmp
 12   0 M14.bmp   2  72   0 usneg/9000.bmp   2  76 usneg/9050.bmp
 12   0 M14.bmp   2  72   0 usneg/9000.bmp   3  98 usneg/9830.bmp
 12   0 M14.bmp   2  72   0 usneg/9000.bmp   4  57 usneg/2900.bmp
 12   0 M14.bmp   2  72   0 usneg/9000.bmp   5  86 usneg/9342.bmp
 12   0 M14.bmp   3  94   0 usneg/9520.bmp   0  80 usneg/9220.bmp
 12   0 M14.bmp   3  94   0 usneg/9520.bmp   1  69 usneg/6838.bmp
 12   0 M14.bmp   3  94   0 usneg/9520.bmp   2  63 usneg/6242.bmp
 12   0 M14.bmp   3  94   0 usneg/9520.bmp   3  73 usneg/9006.bmp
 12   0 M14.bmp   3  94   0 usneg/9520.bmp   4  94 usneg/9520.bmp
 12   0 M14.bmp   3  94   0 usneg/9520.bmp   5  62 usneg/6020.bmp
 12   0 M14.bmp   4  54   0 usneg/2375.1.bmp   0  78 usneg/9180.bmp
 12   0 M14.bmp   4  54   0 usneg/2375.1.bmp   1  89 usneg/9421.bmp
 12   0 M14.bmp   4  54   0 usneg/2375.1.bmp   2  52 usneg/2141.bmp
 12   0 M14.bmp   4  54   0 usneg/2375.1.bmp   3  54 usneg/2375.1.bmp
 12   0 M14.bmp   4  54   0 usneg/2375.1.bmp   4  68 usneg/6831.bmp
 12   0 M14.bmp   4  54   0 usneg/2375.1.bmp   5  71 usneg/8485.bmp
 13   1 M02.bmp   0  16   1 uspos/2209.bmp   0  35 uspos/7350.bmp
 13   1 M02.bmp   0  16   1 uspos/2209.bmp   1  29 uspos/5830.bmp
 13   1 M02.bmp   0  16   1 uspos/2209.bmp   2   5 uspos/2040.bmp
 13   1 M02.bmp   0  16   1 uspos/2209.bmp   3  23 uspos/4220.bmp
 13   1 M02.bmp   0  16   1 uspos/2209.bmp   4  48 uspos/8501.bmp
 13   1 M02.bmp   0  16   1 uspos/2209.bmp   5  16 uspos/2209.bmp
 13   1 M02.bmp   1   9   1 uspos/2070.bmp   0  41 uspos/8190.bmp
 13   1 M02.bmp   1   9   1 uspos/2070.bmp   1  34 uspos/7330.bmp
 13   1 M02.bmp   1   9   1 uspos/2070.bmp   2   2 uspos/1650.bmp
 13   1 M02.bmp   1   9   1 uspos/2070.bmp   3  19 uspos/2550.bmp
 13   1 M02.bmp   1   9   1 uspos/2070.bmp   4   9 uspos/2070.bmp
 13   1 M02.bmp   1   9   1 uspos/2070.bmp   5  37 uspos/7502.bmp
 13   1 M02.bmp   2  39   1 uspos/8080.bmp   0  26 uspos/5460.bmp
 13   1 M02.bmp   2  39   1 uspos/8080.bmp   1  36 uspos/7470.bmp
 13   1 M02.bmp   2  39   1 uspos/8080.bmp   2  22 uspos/2900.2.bmp
 13   1 M02.bmp   2  39   1 uspos/8080.bmp   3  18 uspos/2340.bmp
 13   1 M02.bmp   2  39   1 uspos/8080.bmp   4  43 uspos/8330.bmp
 13   1 M02.bmp   2  39   1 uspos/8080.bmp   5  39 uspos/8080.bmp
 13   1 M02.bmp   3   8   1 uspos/2058.bmp   0  31 uspos/5910.bmp
 13   1 M02.bmp   3   8   1 uspos/2058.bmp   1  43 uspos/8330.bmp
 13   1 M02.bmp   3   8   1 uspos/2058.bmp   2  14 uspos/2160.bmp
 13   1 M02.bmp   3   8   1 uspos/2058.bmp   3   8 uspos/2058.bmp
 13   1 M02.bmp   3   8   1 uspos/2058.bmp   4  38 uspos/7580.bmp
 13   1 M02.bmp   3   8   1 uspos/2058.bmp   5  34 uspos/7330.bmp
 13   1 M02.bmp   4   6   1 uspos/2050.bmp   0   2 uspos/1650.bmp
 13   1 M02.bmp   4   6   1 uspos/2050.bmp   1  48 uspos/8501.bmp
 13   1 M02.bmp   4   6   1 uspos/2050.bmp   2   6 uspos/2050.bmp
 13   1 M02.bmp   4   6   1 uspos/2050.bmp   3  46 uspos/8470.bmp
 13   1 M02.bmp   4   6   1 uspos/2050.bmp   4  31 uspos/5910.bmp
 13   1 M02.bmp   4   6   1 uspos/2050.bmp   5  12 uspos/2091.bmp
 14   1 W15.bmp   0  27   1 uspos/5594.bmp   0  10 uspos/2071.bmp
 14   1 W15.bmp   0  27   1 uspos/5594.bmp   1  19 uspos/2550.bmp
 14   1 W15.bmp   0  27   1 uspos/5594.bmp   2  24 uspos/4606.bmp
 14   1 W15.bmp   0  27   1 uspos/5594.bmp   3  13 uspos/2150.bmp
 14   1 W15.bmp   0  27   1 uspos/5594.bmp   4  28 uspos/5629.bmp
 14   1 W15.bmp   0  27   1 uspos/5594.bmp   5  27 uspos/5594.bmp
 14   1 W15.bmp   1  40   1 uspos/8170.bmp   0  26 uspos/5460.bmp
 14   1 W15.bmp   1  40   1 uspos/8170.bmp   1  40 uspos/8170.bmp
 14   1 W15.bmp   1  40   1 uspos/8170.bmp   2  22 uspos/2900.2.bmp
 14   1 W15.bmp   1  40   1 uspos/8170.bmp   3  47 uspos/8496.bmp
 14   1 W15.bmp   1  40   1 uspos/8170.bmp   4   3 uspos/1710.bmp
 14   1 W15.bmp   1  40   1 uspos/8170.bmp   5  21 uspos/2791.bmp
 14   1 W15.bmp   2  38   1 uspos/7580.bmp   0  45 uspos/8420.bmp
 14   1 W15.bmp   2  38   1 uspos/7580.bmp   1  44 uspos/8370.bmp
 14   1 W15.bmp   2  38   1 uspos/7580.bmp   2  34 uspos/7330.bmp
 14   1 W15.bmp   2  38   1 uspos/7580.bmp   3  38 uspos/7580.bmp
 14   1 W15.bmp   2  38   1 uspos/7580.bmp   4  13 uspos/2150.bmp
 14   1 W15.bmp   2  38   1 uspos/7580.bmp   5  39 uspos/8080.bmp
 14   1 W15.bmp   3  49   1 uspos/8540.bmp   0  31 uspos/5910.bmp
 14   1 W15.bmp   3  49   1 uspos/8540.bmp   1  17 uspos/2311.bmp
 14   1 W15.bmp   3  49   1 uspos/8540.bmp   2  15 uspos/2208.bmp
 14   1 W15.bmp   3  49   1 uspos/8540.bmp   3  49 uspos/8540.bmp
 14   1 W15.bmp   3  49   1 uspos/8540.bmp   4  11 uspos/2080.bmp
 14   1 W15.bmp   3  49   1 uspos/8540.bmp   5  29 uspos/5830.bmp
 14   1 W15.bmp   4  32   1 uspos/5994.bmp   0  32 uspos/5994.bmp
 14   1 W15.bmp   4  32   1 uspos/5994.bmp   1  12 uspos/2091.bmp
 14   1 W15.bmp   4  32   1 uspos/5994.bmp   2   2 uspos/1650.bmp
 14   1 W15.bmp   4  32   1 uspos/5994.bmp   3   6 uspos/2050.bmp
 14   1 W15.bmp   4  32   1 uspos/5994.bmp   4   1 uspos/1463.bmp
 14   1 W15.bmp   4  32   1 uspos/5994.bmp   5   3 uspos/1710.bmp
 15   0 W12.bmp   0  78   0 usneg/9180.bmp   0  87 usneg/9400.bmp
 15   0 W12.bmp   0  78   0 usneg/9180.bmp   1  78 usneg/9180.bmp
 15   0 W12.bmp   0  78   0 usneg/9180.bmp   2  94 usneg/9520.bmp
 15   0 W12.bmp   0  78   0 usneg/9180.bmp   3  86 usneg/9342.bmp
 15   0 W12.bmp   0  78   0 usneg/9180.bmp   4  80 usneg/9220.bmp
 15   0 W12.bmp   0  78   0 usneg/9180.bmp   5  60 usneg/3300.bmp
 15   0 W12.bmp   1  62   0 usneg/6020.bmp   0  58 usneg/3160.bmp
 15   0 W12.bmp   1  62   0 usneg/6020.bmp   1  65 usneg/6530.bmp
 15   0 W12.bmp   1  62   0 usneg/6020.bmp   2  83 usneg/9330.bmp
 15   0 W12.bmp   1  62   0 usneg/6020.bmp   3  51 usneg/2053.bmp
 15   0 W12.bmp   1  62   0 usneg/6020.bmp   4  62 usneg/6020.bmp
 15   0 W12.bmp   1  62   0 usneg/6020.bmp   5  86 usneg/9342.bmp
 15   0 W12.bmp   2  81   0 usneg/9265.bmp   0  52 usneg/2141.bmp
 15   0 W12.bmp   2  81   0 usneg/9265.bmp   1  74 usneg/9007.bmp
 15   0 W12.bmp   2  81   0 usneg/9265.bmp   2  72 usneg/9000.bmp
 15   0 W12.bmp   2  81   0 usneg/9265.bmp   3  81 usneg/9265.bmp
 15   0 W12.bmp   2  81   0 usneg/9265.bmp   4  64 usneg/6311.bmp
 15   0 W12.bmp   2  81   0 usneg/9265.bmp   5  94 usneg/9520.bmp
 15   0 W12.bmp   3  67   0 usneg/6570.1.bmp   0  67 usneg/6570.1.bmp
 15   0 W12.bmp   3  67   0 usneg/6570.1.bmp   1  63 usneg/6242.bmp
 15   0 W12.bmp   3  67   0 usneg/6570.1.bmp   2  53 usneg/2276.bmp
 15   0 W12.bmp   3  67   0 usneg/6570.1.bmp   3  97 usneg/9630.bmp
 15   0 W12.bmp   3  67   0 usneg/6570.1.bmp   4  93 usneg/9500.bmp
 15   0 W12.bmp   3  67   0 usneg/6570.1.bmp   5  89 usneg/9421.bmp
 15   0 W12.bmp   4  91   0 usneg/9432.bmp   0  65 usneg/6530.bmp
 15   0 W12.bmp   4  91   0 usneg/9432.bmp   1  60 usneg/3300.bmp
 15   0 W12.bmp   4  91   0 usneg/9432.bmp   2  75 usneg/9041.bmp
 15   0 W12.bmp   4  91   0 usneg/9432.bmp   3  91 usneg/9432.bmp
 15   0 W12.bmp   4  91   0 usneg/9432.bmp   4  50 usneg/1525.bmp
 15   0 W12.bmp   4  91   0 usneg/9432.bmp   5  96 usneg/9561.bmp
 16   0 Wneu02.bmp   0  70   0 usneg/7380.bmp   0  91 usneg/9432.bmp
 16   0 Wneu02.bmp   0  70   0 usneg/7380.bmp   1  89 usneg/9421.bmp
 16   0 Wneu02.bmp   0  70   0 usneg/7380.bmp   2  83 usneg/9330.bmp
 16   0 Wneu02.bmp   0  70   0 usneg/7380.bmp   3  62 usneg/6020.bmp
 16   0 Wneu02.bmp   0  70   0 usneg/7380.bmp   4  57 usneg/2900.bmp
 16   0 Wneu02.bmp   0  70   0 usneg/7380.bmp   5  70 usneg/7380.bmp
 16   0 Wneu02.bmp   1  60   0 usneg/3300.bmp   0  66 usneg/6555.bmp
 16   0 Wneu02.bmp   1  60   0 usneg/3300.bmp   1  86 usneg/9342.bmp
 16   0 Wneu02.bmp   1  60   0 usneg/3300.bmp   2  60 usneg/3300.bmp
 16   0 Wneu02.bmp   1  60   0 usneg/3300.bmp   3  94 usneg/9520.bmp
 16   0 Wneu02.bmp   1  60   0 usneg/3300.bmp   4  53 usneg/2276.bmp
 16   0 Wneu02.bmp   1  60   0 usneg/3300.bmp   5  81 usneg/9265.bmp
 16   0 Wneu02.bmp   2  76   0 usneg/9050.bmp   0  92 usneg/9435.bmp
 16   0 Wneu02.bmp   2  76   0 usneg/9050.bmp   1  71 usneg/8485.bmp
 16   0 Wneu02.bmp   2  76   0 usneg/9050.bmp   2  82 usneg/9280.bmp
 16   0 Wneu02.bmp   2  76   0 usneg/9050.bmp   3  83 usneg/9330.bmp
 16   0 Wneu02.bmp   2  76   0 usneg/9050.bmp   4  76 usneg/9050.bmp
 16   0 Wneu02.bmp   2  76   0 usneg/9050.bmp   5  56 usneg/2750.bmp
 16   0 Wneu02.bmp   3  69   0 usneg/6838.bmp   0  71 usneg/8485.bmp
 16   0 Wneu02.bmp   3  69   0 usneg/6838.bmp   1  87 usneg/9400.bmp
 16   0 Wneu02.bmp   3  69   0 usneg/6838.bmp   2  77 usneg/9102.bmp
 16   0 Wneu02.bmp   3  69   0 usneg/6838.bmp   3  59 usneg/3220.bmp
 16   0 Wneu02.bmp   3  69   0 usneg/6838.bmp   4  69 usneg/6838.bmp
 16   0 Wneu02.bmp   3  69   0 usneg/6838.bmp   5  90 usneg/9430.bmp
 16   0 Wneu02.bmp   4  68   0 usneg/6831.bmp   0  72 usneg/9000.bmp
 16   0 Wneu02.bmp   4  68   0 usneg/6831.bmp   1  68 usneg/6831.bmp
 16   0 Wneu02.bmp   4  68   0 usneg/6831.bmp   2  73 usneg/9006.bmp
 16   0 Wneu02.bmp   4  68   0 usneg/6831.bmp   3  54 usneg/2375.1.bmp
 16   0 Wneu02.bmp   4  68   0 usneg/6831.bmp   4  94 usneg/9520.bmp
 16   0 Wneu02.bmp   4  68   0 usneg/6831.bmp   5  88 usneg/9404.bmp
 17   1 W19.bmp   0  36   1 uspos/7470.bmp   0  45 uspos/8420.bmp
 17   1 W19.bmp   0  36   1 uspos/7470.bmp   1  33 uspos/7230.bmp
 17   1 W19.bmp   0  36   1 uspos/7470.bmp   2  31 uspos/5910.bmp
 17   1 W19.bmp   0  36   1 uspos/7470.bmp   3  11 uspos/2080.bmp
 17   1 W19.bmp   0  36   1 uspos/7470.bmp   4   4 uspos/1999.bmp
 17   1 W19.bmp   0  36   1 uspos/7470.bmp   5  36 uspos/7470.bmp
 17   1 W19.bmp   1   0   1 uspos/1440.bmp   0  41 uspos/8190.bmp
 17   1 W19.bmp   1   0   1 uspos/1440.bmp   1   3 uspos/1710.bmp
 17   1 W19.bmp   1   0   1 uspos/1440.bmp   2  18 uspos/2340.bmp
 17   1 W19.bmp   1   0   1 uspos/1440.bmp   3  49 uspos/8540.bmp
 17   1 W19.bmp   1   0   1 uspos/1440.bmp   4   0 uspos/1440.bmp
 17   1 W19.bmp   1   0   1 uspos/1440.bmp   5  21 uspos/2791.bmp
 17   1 W19.bmp   2  48   1 uspos/8501.bmp   0  47 uspos/8496.bmp
 17   1 W19.bmp   2  48   1 uspos/8501.bmp   1  23 uspos/4220.bmp
 17   1 W19.bmp   2  48   1 uspos/8501.bmp   2  40 uspos/8170.bmp
 17   1 W19.bmp   2  48   1 uspos/8501.bmp   3  48 uspos/8501.bmp
 17   1 W19.bmp   2  48   1 uspos/8501.bmp   4  37 uspos/7502.bmp
 17   1 W19.bmp   2  48   1 uspos/8501.bmp   5  17 uspos/2311.bmp
 17   1 W19.bmp   3  13   1 uspos/2150.bmp   0  49 uspos/8540.bmp
 17   1 W19.bmp   3  13   1 uspos/2150.bmp   1   2 uspos/1650.bmp
 17   1 W19.bmp   3  13   1 uspos/2150.bmp   2  13 uspos/2150.bmp
 17   1 W19.bmp   3  13   1 uspos/2150.bmp   3  26 uspos/5460.bmp
 17   1 W19.bmp   3  13   1 uspos/2150.bmp   4  31 uspos/5910.bmp
 17   1 W19.bmp   3  13   1 uspos/2150.bmp   5  29 uspos/5830.bmp
 17   1 W19.bmp   4  43   1 uspos/8330.bmp   0  35 uspos/7350.bmp
 17   1 W19.bmp   4  43   1 uspos/8330.bmp   1  43 uspos/8330.bmp
 17   1 W19.bmp   4  43   1 uspos/8330.bmp   2  29 uspos/5830.bmp
 17   1 W19.bmp   4  43   1 uspos/8330.bmp   3  32 uspos/5994.bmp
 17   1 W19.bmp   4  43   1 uspos/8330.bmp   4   8 uspos/2058.bmp
 17   1 W19.bmp   4  43   1 uspos/8330.bmp   5  23 uspos/4220.bmp
 18   1 W16.bmp   0  22   1 uspos/2900.2.bmp   0   5 uspos/2040.bmp
 18   1 W16.bmp   0  22   1 uspos/2900.2.bmp   1  36 uspos/7470.bmp
 18   1 W16.bmp   0  22   1 uspos/2900.2.bmp   2  30 uspos/5831.bmp
 18   1 W16.bmp   0  22   1 uspos/2900.2.bmp   3  22 uspos/2900.2.bmp
 18   1 W16.bmp   0  22   1 uspos/2900.2.bmp   4  26 uspos/5460.bmp
 18   1 W16.bmp   0  22   1 uspos/2900.2.bmp   5   1 uspos/1463.bmp
 18   1 W16.bmp   1  47   1 uspos/8496.bmp   0  49 uspos/8540.bmp
 18   1 W16.bmp   1  47   1 uspos/8496.bmp   1  47 uspos/8496.bmp
 18   1 W16.bmp   1  47   1 uspos/8496.bmp   2  46 uspos/8470.bmp
 18   1 W16.bmp   1  47   1 uspos/8496.bmp   3  42 uspos/8200.bmp
 18   1 W16.bmp   1  47   1 uspos/8496.bmp   4  29 uspos/5830.bmp
 18   1 W16.bmp   1  47   1 uspos/8496.bmp   5  24 uspos/4606.bmp
 18   1 W16.bmp   2  31   1 uspos/5910.bmp   0   1 uspos/1463.bmp
 18   1 W16.bmp   2  31   1 uspos/5910.bmp   1   3 uspos/1710.bmp
 18   1 W16.bmp   2  31   1 uspos/5910.bmp   2   6 uspos/2050.bmp
 18   1 W16.bmp   2  31   1 uspos/5910.bmp   3  26 uspos/5460.bmp
 18   1 W16.bmp   2  31   1 uspos/5910.bmp   4  31 uspos/5910.bmp
 18   1 W16.bmp   2  31   1 uspos/5910.bmp   5  19 uspos/2550.bmp
 18   1 W16.bmp   3  23   1 uspos/4220.bmp   0  48 uspos/8501.bmp
 18   1 W16.bmp   3  23   1 uspos/4220.bmp   1  14 uspos/2160.bmp
 18   1 W16.bmp   3  23   1 uspos/4220.bmp   2   2 uspos/1650.bmp
 18   1 W16.bmp   3  23   1 uspos/4220.bmp   3  38 uspos/7580.bmp
 18   1 W16.bmp   3  23   1 uspos/4220.bmp   4  12 uspos/2091.bmp
 18   1 W16.bmp   3  23   1 uspos/4220.bmp   5  23 uspos/4220.bmp
 18   1 W16.bmp   4  11   1 uspos/2080.bmp   0   8 uspos/2058.bmp
 18   1 W16.bmp   4  11   1 uspos/2080.bmp   1  11 uspos/2080.bmp
 18   1 W16.bmp   4  11   1 uspos/2080.bmp   2  16 uspos/2209.bmp
 18   1 W16.bmp   4  11   1 uspos/2080.bmp   3  24 uspos/4606.bmp
 18   1 W16.bmp   4  11   1 uspos/2080.bmp   4  43 uspos/8330.bmp
 18   1 W16.bmp   4  11   1 uspos/2080.bmp   5  21 uspos/2791.bmp
 19   0 W17.bmp   0  89   0 usneg/9421.bmp   0  55 usneg/2710.bmp
 19   0 W17.bmp   0  89   0 usneg/9421.bmp   1  90 usneg/9430.bmp
 19   0 W17.bmp   0  89   0 usneg/9421.bmp   2  94 usneg/9520.bmp
 19   0 W17.bmp   0  89   0 usneg/9421.bmp   3  89 usneg/9421.bmp
 19   0 W17.bmp   0  89   0 usneg/9421.bmp   4  86 usneg/9342.bmp
 19   0 W17.bmp   0  89   0 usneg/9421.bmp   5  70 usneg/7380.bmp
 19   0 W17.bmp   1  92   0 usneg/9435.bmp   0  83 usneg/9330.bmp
 19   0 W17.bmp   1  92   0 usneg/9435.bmp   1  92 usneg/9435.bmp
 19   0 W17.bmp   1  92   0 usneg/9435.bmp   2  62 usneg/6020.bmp
 19   0 W17.bmp   1  92   0 usneg/9435.bmp   3  57 usneg/2900.bmp
 19   0 W17.bmp   1  92   0 usneg/9435.bmp   4  67 usneg/6570.1.bmp
 19   0 W17.bmp   1  92   0 usneg/9435.bmp   5  54 usneg/2375.1.bmp
 19   0 W17.bmp   2  61   0 usneg/3550.bmp   0  61 usneg/3550.bmp
 19   0 W17.bmp   2  61   0 usneg/3550.bmp   1  76 usneg/9050.bmp
 19   0 W17.bmp   2  61   0 usneg/3550.bmp   2  93 usneg/9500.bmp
 19   0 W17.bmp   2  61   0 usneg/3550.bmp   3  68 usneg/6831.bmp
 19   0 W17.bmp   2  61   0 usneg/3550.bmp   4  70 usneg/7380.bmp
 19   0 W17.bmp   2  61   0 usneg/3550.bmp   5  67 usneg/6570.1.bmp
 19   0 W17.bmp   3  73   0 usneg/9006.bmp   0  98 usneg/9830.bmp
 19   0 W17.bmp   3  73   0 usneg/9006.bmp   1  73 usneg/9006.bmp
 19   0 W17.bmp   3  73   0 usneg/9006.bmp   2  79 usneg/9182.bmp
 19   0 W17.bmp   3  73   0 usneg/9006.bmp   3  72 usneg/9000.bmp
 19   0 W17.bmp   3  73   0 usneg/9006.bmp   4  77 usneg/9102.bmp
 19   0 W17.bmp   3  73   0 usneg/9006.bmp   5  75 usneg/9041.bmp
 19   0 W17.bmp   4  63   0 usneg/6242.bmp   0  91 usneg/9432.bmp
 19   0 W17.bmp   4  63   0 usneg/6242.bmp   1  50 usneg/1525.bmp
 19   0 W17.bmp   4  63   0 usneg/6242.bmp   2  63 usneg/6242.bmp
 19   0 W17.bmp   4  63   0 usneg/6242.bmp   3  72 usneg/9000.bmp
 19   0 W17.bmp   4  63   0 usneg/6242.bmp   4  75 usneg/9041.bmp
 19   0 W17.bmp   4  63   0 usneg/6242.bmp   5  93 usneg/9500.bmp
Darbietung
blocknr, trial, o[trial], shortlist[o[trial]].schonangezeigt, cs-dateiname, uslisten-nr, us-dateiname
  0   0  16   0           Wneu02.bmp  70 usneg/7380.bmp
  0   1   1   0              M13.bmp  59 usneg/3220.bmp
  0   2   6   0              M18.bmp   2 uspos/1650.bmp
  0   3  11   0           Mneu04.bmp  98 usneg/9830.bmp
  0   4  17   0              W19.bmp  36 uspos/7470.bmp
  0   5   9   0           Mneu18.bmp  87 usneg/9400.bmp
  0   6   8   0           Mneu24.bmp  17 uspos/2311.bmp
  0   7   3   0           Mneu25.bmp  96 usneg/9561.bmp
  0   8  15   0              W12.bmp  78 usneg/9180.bmp
  0   9  19   0              W17.bmp  89 usneg/9421.bmp
  0  10  13   0              M02.bmp  16 uspos/2209.bmp
  0  11   7   0              M12.bmp  57 usneg/2900.bmp
  0  12   4   0           Mneu11.bmp  82 usneg/9280.bmp
  0  13   5   0              M07.bmp  41 uspos/8190.bmp
  0  14   0   0              M16.bmp  45 uspos/8420.bmp
  0  15  12   0              M14.bmp  99 usneg/9920.bmp
  0  16  18   0              W16.bmp  22 uspos/2900.2.bmp
  0  17  10   0              W04.bmp  30 uspos/5831.bmp
  0  18   2   0           Mneu20.bmp  15 uspos/2208.bmp
  0  19  14   0              W15.bmp  27 uspos/5594.bmp
  1   0   2   1           Mneu20.bmp   1 uspos/1463.bmp
  1   1   7   1              M12.bmp  51 usneg/2053.bmp
  1   2  10   1              W04.bmp  20 uspos/2660.bmp
  1   3   5   1              M07.bmp  46 uspos/8470.bmp
  1   4  13   1              M02.bmp   9 uspos/2070.bmp
  1   5  17   1              W19.bmp   0 uspos/1440.bmp
  1   6   1   1              M13.bmp  90 usneg/9430.bmp
  1   7  14   1              W15.bmp  40 uspos/8170.bmp
  1   8   9   1           Mneu18.bmp  86 usneg/9342.bmp
  1   9  19   1              W17.bmp  92 usneg/9435.bmp
  1  10   0   1              M16.bmp   3 uspos/1710.bmp
  1  11  11   1           Mneu04.bmp  58 usneg/3160.bmp
  1  12   4   1           Mneu11.bmp  56 usneg/2750.bmp
  1  13  12   1              M14.bmp  84 usneg/9331.bmp
  1  14   8   1           Mneu24.bmp  29 uspos/5830.bmp
  1  15   3   1           Mneu25.bmp  53 usneg/2276.bmp
  1  16  16   1           Wneu02.bmp  60 usneg/3300.bmp
  1  17   6   1              M18.bmp  35 uspos/7350.bmp
  1  18  18   1              W16.bmp  47 uspos/8496.bmp
  1  19  15   1              W12.bmp  62 usneg/6020.bmp
  2   0  16   2           Wneu02.bmp  76 usneg/9050.bmp
  2   1  15   2              W12.bmp  81 usneg/9265.bmp
  2   2   0   2              M16.bmp  24 uspos/4606.bmp
  2   3  17   2              W19.bmp  48 uspos/8501.bmp
  2   4   4   2           Mneu11.bmp  97 usneg/9630.bmp
  2   5   9   2           Mneu18.bmp  95 usneg/9560.bmp
  2   6  11   2           Mneu04.bmp  50 usneg/1525.bmp
  2   7   5   2              M07.bmp  44 uspos/8370.bmp
  2   8   1   2              M13.bmp  66 usneg/6555.bmp
  2   9  10   2              W04.bmp   5 uspos/2040.bmp
  2  10   2   2           Mneu20.bmp  34 uspos/7330.bmp
  2  11  18   2              W16.bmp  31 uspos/5910.bmp
  2  12  14   2              W15.bmp  38 uspos/7580.bmp
  2  13   8   2           Mneu24.bmp   7 uspos/2057.bmp
  2  14  19   2              W17.bmp  61 usneg/3550.bmp
  2  15   7   2              M12.bmp  74 usneg/9007.bmp
  2  16   3   2           Mneu25.bmp  79 usneg/9182.bmp
  2  17  12   2              M14.bmp  72 usneg/9000.bmp
  2  18   6   2              M18.bmp  25 uspos/4622.bmp
  2  19  13   2              M02.bmp  39 uspos/8080.bmp
  3   0   5   3              M07.bmp  33 uspos/7230.bmp
  3   1  19   3              W17.bmp  73 usneg/9006.bmp
  3   2  14   3              W15.bmp  49 uspos/8540.bmp
  3   3   0   3              M16.bmp  28 uspos/5629.bmp
  3   4  13   3              M02.bmp   8 uspos/2058.bmp
  3   5   3   3           Mneu25.bmp  85 usneg/9340.bmp
  3   6   1   3              M13.bmp  71 usneg/8485.bmp
  3   7   9   3           Mneu18.bmp  55 usneg/2710.bmp
  3   8  18   3              W16.bmp  23 uspos/4220.bmp
  3   9   6   3              M18.bmp  18 uspos/2340.bmp
  3  10  16   3           Wneu02.bmp  69 usneg/6838.bmp
  3  11  10   3              W04.bmp  21 uspos/2791.bmp
  3  12   4   3           Mneu11.bmp  65 usneg/6530.bmp
  3  13  11   3           Mneu04.bmp  64 usneg/6311.bmp
  3  14  12   3              M14.bmp  94 usneg/9520.bmp
  3  15   8   3           Mneu24.bmp  19 uspos/2550.bmp
  3  16  17   3              W19.bmp  13 uspos/2150.bmp
  3  17  15   3              W12.bmp  67 usneg/6570.1.bmp
  3  18   2   3           Mneu20.bmp  37 uspos/7502.bmp
  3  19   7   3              M12.bmp  93 usneg/9500.bmp
  4   0  15   4              W12.bmp  91 usneg/9432.bmp
  4   1   3   4           Mneu25.bmp  83 usneg/9330.bmp
  4   2   9   4           Mneu18.bmp  88 usneg/9404.bmp
  4   3  11   4           Mneu04.bmp  77 usneg/9102.bmp
  4   4   4   4           Mneu11.bmp  52 usneg/2141.bmp
  4   5   6   4              M18.bmp  10 uspos/2071.bmp
  4   6   1   4              M13.bmp  80 usneg/9220.bmp
  4   7   8   4           Mneu24.bmp  14 uspos/2160.bmp
  4   8  19   4              W17.bmp  63 usneg/6242.bmp
  4   9   7   4              M12.bmp  75 usneg/9041.bmp
  4  10  10   4              W04.bmp  12 uspos/2091.bmp
  4  11  16   4           Wneu02.bmp  68 usneg/6831.bmp
  4  12  12   4              M14.bmp  54 usneg/2375.1.bmp
  4  13  13   4              M02.bmp   6 uspos/2050.bmp
  4  14   0   4              M16.bmp   4 uspos/1999.bmp
  4  15  14   4              W15.bmp  32 uspos/5994.bmp
  4  16  17   4              W19.bmp  43 uspos/8330.bmp
  4  17   2   4           Mneu20.bmp  26 uspos/5460.bmp
  4  18  18   4              W16.bmp  11 uspos/2080.bmp
  4  19   5   4              M07.bmp  42 uspos/8200.bmp
  5   0   2   0           Mneu20.bmp  15 uspos/2208.bmp
  5   1   1   0              M13.bmp  59 usneg/3220.bmp
  5   2  10   0              W04.bmp  30 uspos/5831.bmp
  5   3  11   0           Mneu04.bmp  98 usneg/9830.bmp
  5   4   3   0           Mneu25.bmp  96 usneg/9561.bmp
  5   5   7   0              M12.bmp  57 usneg/2900.bmp
  5   6  12   0              M14.bmp  99 usneg/9920.bmp
  5   7   0   0              M16.bmp  45 uspos/8420.bmp
  5   8   9   0           Mneu18.bmp  87 usneg/9400.bmp
  5   9  18   0              W16.bmp  22 uspos/2900.2.bmp
  5  10  15   0              W12.bmp  78 usneg/9180.bmp
  5  11  14   0              W15.bmp  27 uspos/5594.bmp
  5  12  17   0              W19.bmp  36 uspos/7470.bmp
  5  13  19   0              W17.bmp  89 usneg/9421.bmp
  5  14   8   0           Mneu24.bmp  17 uspos/2311.bmp
  5  15  16   0           Wneu02.bmp  70 usneg/7380.bmp
  5  16   6   0              M18.bmp   2 uspos/1650.bmp
  5  17   4   0           Mneu11.bmp  82 usneg/9280.bmp
  5  18   5   0              M07.bmp  41 uspos/8190.bmp
  5  19  13   0              M02.bmp  16 uspos/2209.bmp
  6   0  11   1           Mneu04.bmp  58 usneg/3160.bmp
  6   1   5   1              M07.bmp  46 uspos/8470.bmp
  6   2   1   1              M13.bmp  90 usneg/9430.bmp
  6   3  10   1              W04.bmp  20 uspos/2660.bmp
  6   4   2   1           Mneu20.bmp   1 uspos/1463.bmp
  6   5  16   1           Wneu02.bmp  60 usneg/3300.bmp
  6   6   3   1           Mneu25.bmp  53 usneg/2276.bmp
  6   7  15   1              W12.bmp  62 usneg/6020.bmp
  6   8  12   1              M14.bmp  84 usneg/9331.bmp
  6   9  17   1              W19.bmp   0 uspos/1440.bmp
  6  10   9   1           Mneu18.bmp  86 usneg/9342.bmp
  6  11   4   1           Mneu11.bmp  56 usneg/2750.bmp
  6  12   0   1              M16.bmp   3 uspos/1710.bmp
  6  13  14   1              W15.bmp  40 uspos/8170.bmp
  6  14  19   1              W17.bmp  92 usneg/9435.bmp
  6  15  18   1              W16.bmp  47 uspos/8496.bmp
  6  16   6   1              M18.bmp  35 uspos/7350.bmp
  6  17  13   1              M02.bmp   9 uspos/2070.bmp
  6  18   7   1              M12.bmp  51 usneg/2053.bmp
  6  19   8   1           Mneu24.bmp  29 uspos/5830.bmp
  7   0   1   2              M13.bmp  66 usneg/6555.bmp
  7   1   3   2           Mneu25.bmp  79 usneg/9182.bmp
  7   2  19   2              W17.bmp  61 usneg/3550.bmp
  7   3  17   2              W19.bmp  48 uspos/8501.bmp
  7   4