subjnr;loop_m;blocknr;trialnr;cue_left_learn;cue_right_learn; congruence;cue_dur;cue;SOA;mask_dur;mask;target_dur;target;RW_dur;response;RT;kb_rt;response_absolute; fix_onset;cue_onset;cue_offset;mask_onset;mask_offset;target_offset;blank_onset;response_during_mask;response_during_targetalone;response_during_RW;response_during_blank;frame_dur
9;1;1;1;letter190;letter169;congruent;0.04;letter190;0.05;0.07;fullmask;0.3;arrow_left.png;0;c;0.3800232000066899;0.38997269998071715;278099.6150634;2.800021320581436e-06;0.49827250000089407;0.5382906000013463;0.5499910999787971;0.619852899981197;0.8501456999802031;0.8501531999791041;0;0;0;1;0.01
9;1;1;2;letter190;letter169;congruent;0.04;letter169;0.05;0.07;fullmask;0.3;arrow_right.png;0;m;0.26643240003613755;0.269432200002484;278101.383013;2.7999631129205227e-06;0.49676549999276176;0.536789299978409;0.5488073999877088;0.6187147999880835;0.8182403999962844;0.8182428000145592;0;1;0;0;0.01
9;1;1;3;letter190;letter169;congruent;0.04;letter169;0.05;0.07;fullmask;0.3;arrow_right.png;0;m;0.3252791999839246;0.3301408999832347;278103.1430014;3.100023604929447e-06;0.4987058999831788;0.5387279000133276;0.5507848999695852;0.6205600000103004;0.8509526000125334;0.8509590000030585;0;0;0;1;0.01
9;1;1;4;letter190;letter169;congruent;0.04;letter169;0.05;0.07;fullmask;0.3;arrow_right.png;0;m;0.3322393000125885;0.3401445000199601;278104.9111357;2.6999623514711857e-06;0.5023908999864943;0.5424041000078432;0.5544968000031076;0.6240595999988727;0.854564199980814;0.8545858999714255;0;0;0;1;0.01
9;1;1;5;letter190;letter169;congruent;0.04;letter190;0.05;0.07;fullmask;0.3;arrow_left.png;0;c;0.32120469998335466;0.3301707999780774;278106.6712796;2.800021320581436e-06;0.49786659999517724;0.5378875000169501;0.5500059999758378;0.6196741000167094;0.850057800009381;0.8500704999896698;0;0;0;1;0.01
9;1;1;6;letter190;letter169;congruent;0.04;letter190;0.05;0.07;fullmask;0.3;arrow_left.png;0;m;0.24782309995498508;0.24939799995627254;278108.3589905;2.900022082030773e-06;0.500022699998226;0.5400361000210978;0.5521129000117071;0.6220193000044674;0.8015110000269488;0.8015134999877773;0;1;0;0;0.01
9;1;1;7;letter190;letter169;congruent;0.04;letter190;0.05;0.07;fullmask;0.3;arrow_left.png;0;c;0.3645274000009522;0.3700621999450959;278110.3669848;3.4999684430658817e-06;0.49546449998160824;0.5354706000071019;0.5476087999995798;0.6175006999983452;0.8468041999731213;0.8468114999704994;0;0;0;1;0.01
9;1;1;8;letter190;letter169;congruent;0.04;letter169;0.05;0.07;fullmask;0.3;arrow_right.png;0;m;0.2755794999538921;0.2803293999750167;278112.0790773;2.700020559132099e-06;0.4998763999901712;0.5398970000096597;0.5519042999949306;0.621677000017371;0.8322382000042126;0.8322432999848388;0;1;0;0;0.01
9;1;1;9;letter190;letter169;congruent;0.04;letter169;0.05;0.07;fullmask;0.3;arrow_right.png;0;m;0.31432310002855957;0.3200815999880433;278113.8390365;2.700020559132099e-06;0.5023352000280283;0.5423462000326253;0.5544568999903277;0.6241341000422835;0.8545326000312343;0.8545540000195615;0;0;0;1;0.01
9;1;1;10;letter190;letter169;congruent;0.04;letter190;0.05;0.07;fullmask;0.3;arrow_left.png;0;c;0.28541969996877015;0.2903902999823913;278115.5511836;2.6999623514711857e-06;0.4943630999769084;0.534383499994874;0.5464201999711804;0.6163283999776468;0.8368186999578029;0.8368266999605112;0;1;0;0;0.01
9;1;1;11;letter190;letter169;congruent;0.04;letter169;0.05;0.07;fullmask;0.3;arrow_right.png;0;m;0.250136399990879;0.2603432000032626;278117.2471808;2.700020559132099e-06;0.49443270004121587;0.5344522000523284;0.5466466000070795;0.6163130000350066;0.8069923000293784;0.8070005000336096;0;1;0;0;0.01
9;1;1;12;letter190;letter169;congruent;0.04;letter190;0.05;0.07;fullmask;0.3;arrow_left.png;0;c;0.33900720003293827;0.34011030005058274;278119.0470518;2.900022082030773e-06;0.4966533000115305;0.5366824000375345;0.5487575000151992;0.6184524000273086;0.8489076000405475;0.848914300033357;0;0;0;1;0.01
9;1;1;13;letter190;letter169;congruent;0.04;letter190;0.05;0.07;fullmask;0.3;arrow_left.png;0;c;0.4217956000356935;0.42986140004359186;278120.9109764;2.7999631129205227e-06;0.49437039997428656;0.5344106999691576;0.5464613999938592;0.6162318999995477;0.8466158999945037;0.8466219999827445;0;0;0;1;0.01
9;1;1;14;letter190;letter169;congruent;0.04;letter190;0.05;0.07;fullmask;0.3;arrow_left.png;0;m;0.1705210999934934;0.17958439997164533;278122.5109534;3.00002284348011e-06;0.4956703000352718;0.5356873000273481;0.5478003000025637;0.6177069999976084;0.727384100027848;0.7273866000468843;0;1;0;0;0.01
9;1;1;15;letter190;letter169;congruent;0.04;letter169;0.05;0.07;fullmask;0.3;arrow_right.png;0;m;0.341395299998112;0.35014830000000075;278124.5030252;3.0999653972685337e-06;0.5010314999963157;0.5410551999812014;0.5531916000181809;0.6230979000101797;0.8523970000096597;0.8524049000116065;0;0;0;1;0.01
9;1;1;16;letter190;letter169;congruent;0.04;letter169;0.05;0.07;fullmask;0.3;arrow_right.png;0;m;0.29248329997062683;0.30033040000125766;278126.2551513;2.700020559132099e-06;0.500871800002642;0.5409220000146888;0.5528961999807507;0.6226856000139378;0.8532364999991842;0.853244400001131;0;1;0;0;0.01
9;1;1;17;letter190;letter169;congruent;0.04;letter169;0.05;0.07;fullmask;0.3;arrow_right.png;0;m;0.2611765000037849;0.2702938999864273;278127.9749869;3.600027412176132e-06;0.5035107000148855;0.5435265999985859;0.5555251000332646;0.6252963000442833;0.8258200000273064;0.8258225000463426;0;1;0;0;0.01
9;1;1;18;letter190;letter169;congruent;0.04;letter190;0.05;0.07;fullmask;0.3;arrow_left.png;0;c;0.23006359999999404;0.2394250999786891;278129.654951;2.6999623514711857e-06;0.5015780999674462;0.5415994999930263;0.5535745999659412;0.6233525999705307;0.7929990999982692;0.7930017999606207;0;1;0;0;0.01
9;1;1;19;letter190;letter169;congruent;0.04;letter190;0.05;0.07;fullmask;0.3;arrow_left.png;0;m;0.2349201000179164;0.2393283999990672;278131.3509751;2.700020559132099e-06;0.4985325000016019;0.5385654999990948;0.5506177000352181;0.620349700038787;0.7899471000418998;0.7899497000034899;0;1;0;0;0.01
9;1;1;20;letter190;letter169;congruent;0.04;letter169;0.05;0.07;fullmask;0.3;arrow_right.png;0;m;0.2877831000369042;0.29026410001097247;278133.295059;2.800021320581436e-06;0.4995523000252433;0.5395787000306882;0.551626100030262;0.6213113000267185;0.8418937000096776;0.8419020000146702;0;1;0;0;0.01
9;1;1;21;letter190;letter169;congruent;0.04;letter190;0.05;0.07;fullmask;0.3;arrow_left.png;0;m;0.20334569999249652;0.21037310000974685;278134.9509781;2.900022082030773e-06;0.49640260002342984;0.536432099994272;0.5477156999986619;0.6183792999945581;0.758082700020168;0.7580852000392042;0;1;0;0;0.01
9;1;1;22;letter190;letter169;congruent;0.04;letter190;0.05;0.07;fullmask;0.3;arrow_left.png;0;c;0.35425689996918663;0.3609526999644004;278136.9429639;2.5999615900218487e-06;0.502475899993442;0.5425190000096336;0.553652599977795;0.6243234999710694;0.8547084999736398;0.854714699962642;0;0;0;1;0.01
9;1;1;23;letter190;letter169;congruent;0.04;letter169;0.05;0.07;fullmask;0.3;arrow_right.png;0;m;0.272156500024721;0.279318000015337;278138.662973;2.800021320581436e-06;0.4966707000276074;0.5366993000498042;0.5488027000101283;0.6187085000565276;0.8281201000208966;0.8281226000399329;0;1;0;0;0.01
9;1;1;24;letter190;letter169;congruent;0.04;letter169;0.05;0.07;fullmask;0.3;arrow_right.png;0;m;0.3232945000054315;0.33014870004262775;278140.4152137;2.9999646358191967e-06;0.4978826000005938;0.5379360999795608;0.5500143999815919;0.6196823999634944;0.8500751999672502;0.8500961000099778;0;0;0;1;0.01
9;1;1;25;letter190;letter169;congruent;0.04;letter190;0.05;0.07;fullmask;0.3;arrow_left.png;0.13;c;0.8193142000236548;0.8197374999872409;278226.9669789;3.0999653972685337e-06;0.5008633999968879;0.540879699983634;0.5529673999990337;0.6226981999934651;0.8530981999938376;0.9827174000092782;0;0;0;1;0.01
9;1;1;26;letter190;letter169;congruent;0.04;letter190;0.05;0.07;fullmask;0.3;arrow_left.png;0.13;c;0.36629090004134923;0.3699381000478752;278228.7749298;3.200024366378784e-06;0.4983263000031002;0.5383392000221647;0.5499473999952897;0.6197187000070699;0.8500394999864511;1.118749300017953;0;0;1;0;0.01
9;1;1;27;letter190;letter169;congruent;0.04;letter169;0.05;0.07;fullmask;0.3;arrow_right.png;0.13;m;0.5345071000047028;0.540607100003399;278230.9750031;2.800021320581436e-06;0.49682790000224486;0.5368358999839984;0.548988200025633;0.6186807000194676;0.849049800017383;0.9787232000380754;0;0;0;1;0.01
9;1;1;28;letter190;letter169;congruent;0.04;letter190;0.05;0.07;fullmask;0.3;arrow_left.png;0.13;c;0.35924380004871637;0.36002429999643937;278232.7908933;2.9999646358191967e-06;0.4991982999490574;0.5392182999639772;0.5512220999808051;0.6209896999644116;0.8513501999550499;1.1095918999635614;0;0;1;0;0.01
9;1;1;29;letter190;letter169;congruent;0.04;letter190;0.05;0.07;fullmask;0.3;arrow_left.png;0.13;c;0.4178865000139922;0.4198676999658346;278234.8708985;3.1999661587178707e-06;0.4989046999835409;0.5389206999680027;0.5509731999482028;0.6207476999843493;0.8511057999567129;1.1693361999932677;0;0;1;0;0.01
9;1;1;30;letter190;letter169;congruent;0.04;letter169;0.05;0.07;fullmask;0.3;arrow_right.png;0.13;m;0.27057330001844093;0.28026510000927374;278236.7748888;2.7999631129205227e-06;0.49729039997328073;0.537297300004866;0.5493271999876015;0.6190965999849141;0.8295932000037283;0.8295954999630339;0;1;0;0;0.01
9;1;1;31;letter190;letter169;congruent;0.04;letter190;0.05;0.07;fullmask;0.3;arrow_left.png;0.13;c;0.4354653999907896;0.43987070000730455;278238.6709693;2.7999631129205227e-06;0.4997707000002265;0.5397824999527074;0.5518932999693789;0.6215891999891028;0.8519472999614663;0.9816260999650694;0;0;0;1;0.01
9;1;1;32;letter190;letter169;congruent;0.04;letter190;0.05;0.07;fullmask;0.3;arrow_left.png;0.13;c;0.37021009996533394;0.38004799996269867;278240.4869579;2.8999638743698597e-06;0.5026896999916062;0.5427200999693014;0.5548384999856353;0.6247481000027619;0.8540422999649309;1.1331018999917433;0;0;1;0;0.01
9;1;1;33;letter190;letter169;congruent;0.04;letter169;0.05;0.07;fullmask;0.3;arrow_right.png;0.13;m;0.26889619999565184;0.26929639995796606;278242.4069405;3.200024366378784e-06;0.49877980002202094;0.5387826000223868;0.5508958999998868;0.6207127000088803;0.8201917000114918;0.8201940999715589;0;1;0;0;0.01
9;1;1;34;letter190;letter169;congruent;0.04;letter169;0.05;0.07;fullmask;0.3;arrow_right.png;0.13;m;0.35586890002014115;0.36002449999796227;278244.1748883;3.00002284348011e-06;0.4946113000041805;0.5346373000065796;0.5466172000160441;0.6163826999836601;0.8467476000078022;1.1050276000169106;0;0;1;0;0.01
9;1;1;35;letter190;letter169;congruent;0.04;letter169;0.05;0.07;fullmask;0.3;arrow_right.png;0.13;m;0.3714781000162475;0.38107170001603663;278246.1910244;3.100023604929447e-06;0.4956887000007555;0.535691199998837;0.5469200000516139;0.6178245000191964;0.8471193000441417;1.1260879000183195;0;0;1;0;0.01
9;1;1;36;letter190;letter169;congruent;0.04;letter169;0.05;0.07;fullmask;0.3;arrow_right.png;0.13;m;0.44529049994889647;0.44969929999206215;278248.286911;2.700020559132099e-06;0.5024872000212781;0.5424887000117451;0.5544849000289105;0.6243871000478975;0.8545243000262417;0.9841815000399947;0;0;0;1;0.01
9;1;1;37;letter190;letter169;congruent;0.04;letter190;0.05;0.07;fullmask;0.3;arrow_left.png;0.13;c;0.34194959996966645;0.35012739995727316;278250.0548854;2.9999646358191967e-06;0.5003205999964848;0.5403323999489658;0.552436999976635;0.6223491999553517;0.8526369999744929;1.100713399995584;0;0;1;0;0.01
9;1;1;38;letter190;letter169;congruent;0.04;letter169;0.05;0.07;fullmask;0.3;arrow_right.png;0.13;m;0.28873540001222864;0.290137899981346;278251.9828719;2.900022082030773e-06;0.500231200014241;0.5402496000169776;0.5522630999912508;0.6220370000228286;0.8424024000414647;0.8424050000030547;0;1;0;0;0.01
9;1;1;39;letter190;letter169;congruent;0.04;letter169;0.05;0.07;fullmask;0.3;arrow_right.png;0.13;m;0.4936996000469662;0.4999122000299394;278253.918882;2.8999638743698597e-06;0.5004829000099562;0.5402743999729864;0.552202099992428;0.6220679999678396;0.852444399963133;0.9821045999997295;0;0;0;1;0.01
9;1;1;40;letter190;letter169;congruent;0.04;letter190;0.05;0.07;fullmask;0.3;arrow_left.png;0.13;c;0.34231589996488765;0.35007729998324066;278255.7188706;2.8999638743698597e-06;0.49987809994490817;0.5398909999639727;0.5519300999585539;0.6216987999505363;0.8520824000006542;1.1002635999466293;0;0;1;0;0.01
9;1;1;41;letter190;letter169;congruent;0.04;letter169;0.05;0.07;fullmask;0.3;arrow_right.png;0.13;m;0.2877489000093192;0.29024320002645254;278257.6548953;2.800021320581436e-06;0.4949958000215702;0.5350184999988414;0.5463586000259966;0.6171370000229217;0.8366028000018559;0.8366053000208922;0;1;0;0;0.01
9;1;1;42;letter190;letter169;congruent;0.04;letter169;0.05;0.07;fullmask;0.3;arrow_right.png;0.13;m;0.49986450001597404;0.5101044000475667;278259.59887;3.200024366378784e-06;0.500412099994719;0.5404261000221595;0.5524997999891639;0.6222718000062741;0.8526577000156976;0.9823089999845251;0;0;0;1;0.01
9;1;1;43;letter190;letter169;congruent;0.04;letter190;0.05;0.07;fullmask;0.3;arrow_left.png;0.13;c;0.3387254999834113;0.3402258999994956;278261.3990325;3.00002284348011e-06;0.5000896999845281;0.5401513000251725;0.5522229000343941;0.6219146000221372;0.8523589000105858;1.0904624999966472;0;0;1;0;0.01
9;1;1;44;letter190;letter169;congruent;0.04;letter190;0.05;0.07;fullmask;0.3;arrow_left.png;0.13;c;0.4973533999873325;0.4996785999974236;278263.5188605;3.100023604929447e-06;0.4954492000397295;0.5354705000063404;0.5475181000074372;0.6172899000230245;0.8476736000156961;0.9773253999883309;0;0;0;1;0.01
9;1;1;45;letter190;letter169;congruent;0.04;letter190;0.05;0.07;fullmask;0.3;arrow_left.png;0.13;m;0.27096430002711713;0.28117050003493205;278265.2228637;3.00002284348011e-06;0.5017578999977559;0.5417725000297651;0.5529570000362583;0.6237166000064462;0.8341271000099368;0.8341297000297345;0;1;0;0;0.01
9;1;1;46;letter190;letter169;congruent;0.04;letter169;0.05;0.07;fullmask;0.3;arrow_right.png;0.13;m;0.348795700003393;0.35007270000642166;278267.2229291;3.200024366378784e-06;0.5024889000342228;0.5425140000297688;0.5546695000375621;0.6245240000425838;0.8538165000500157;1.1028726000222377;0;0;1;0;0.01
9;1;1;47;letter190;letter169;congruent;0.04;letter169;0.05;0.07;fullmask;0.3;arrow_right.png;0.13;m;0.3034602000261657;0.30923840001923963;278269.1588666;3.0999653972685337e-06;0.4946109000011347;0.5346354999928735;0.546800300013274;0.6158753999625333;0.8460048999986611;1.0549691999913193;0;0;1;0;0.01
9;1;1;48;letter190;letter169;congruent;0.04;letter190;0.05;0.07;fullmask;0.3;arrow_left.png;0.13;c;0.31442569999489933;0.32040679996134713;278271.1109428;2.9999646358191967e-06;0.503404299961403;0.5434253999846987;0.5554453999502584;0.6253589999978431;0.8557401999714784;1.0737799999769777;0;0;1;0;0.01
9;1;2;1;letter190;letter169;congruent;0.04;letter169;0.05;0.07;fullmask;0.25;arrow_right.png;0.13;m;0.6557147999992594;0.6603580999653786;278281.5988572;2.8999638743698597e-06;0.49569339997833595;0.5357265999773517;0.5477805999689735;0.6177322999574244;0.797160099959001;0.9278121999814175;0;0;0;1;0.01
9;1;2;2;letter190;letter169;congruent;0.04;letter169;0.05;0.07;fullmask;0.25;arrow_right.png;0.13;m;0.5423057000152767;0.5495951999910176;278283.5668494;3.300025127828121e-06;0.5027153000119142;0.5427417000173591;0.5548616000451148;0.6247710000025108;0.8042010000208393;0.9348505000234582;0;0;0;1;0.01
9;1;2;3;letter190;letter169;congruent;0.04;letter190;0.05;0.07;fullmask;0.25;arrow_left.png;0.13;c;0.23504669999238104;0.23942679999163374;278285.230852;3.00002284348011e-06;0.49558760004583746;0.5356150000006892;0.5477180000161752;0.6176285000401549;0.7871442000032403;0.7871467000222765;0;1;0;0;0.01
9;1;2;4;letter190;letter169;congruent;0.04;letter190;0.05;0.07;fullmask;0.25;arrow_left.png;0.13;c;0.4958203000132926;0.4994516000151634;278287.1828455;2.900022082030773e-06;0.4989029000280425;0.5389182000071742;0.5511433000210673;0.6206726999953389;0.8012143000378273;0.9308776999823749;0;0;0;1;0.01
9;1;2;5;letter190;letter169;congruent;0.04;letter169;0.05;0.07;fullmask;0.25;arrow_right.png;0.13;m;0.2688551999744959;0.27029279997805133;278288.8869215;2.600019797682762e-06;0.5007527999696322;0.5407720999792218;0.5527942000189796;0.6225653999717906;0.8020879999967292;1.0210921000107192;0;0;1;0;0.01
9;1;2;6;letter190;letter169;congruent;0.04;letter190;0.05;0.07;fullmask;0.25;arrow_left.png;0.13;c;0.26960120000876486;0.2702910999651067;278290.7988958;2.800021320581436e-06;0.500018100021407;0.5400363000226207;0.5520543999737129;0.6218272999976762;0.8013477000058629;1.0203535999753512;0;0;1;0;0.01
9;1;2;7;letter190;letter169;congruent;0.04;letter169;0.05;0.07;fullmask;0.25;arrow_right.png;0.13;m;0.23036990000400692;0.2393750000046566;278292.6709114;2.900022082030773e-06;0.4999025000142865;0.5399126000120305;0.5519371000118554;0.621710899984464;0.7913129000226036;0.7913153999834321;0;1;0;0;0.01
9;1;2;8;letter190;letter169;congruent;0.04;letter169;0.05;0.07;fullmask;0.25;arrow_right.png;0.13;m;0.3781530000269413;0.3811463000020012;278294.4789125;3.00002284348011e-06;0.49542260001180694;0.5354444999829866;0.5465964999748394;0.6166602000012062;0.7969295000075363;1.125814100028947;0;0;1;0;0.01
9;1;2;9;letter190;letter169;congruent;0.04;letter190;0.05;0.07;fullmask;0.25;arrow_left.png;0.13;c;0.32781109999632463;0.3301869999850169;278296.4308091;3.00002284348011e-06;0.4943959999945946;0.5344173000194132;0.5465106000192463;0.6164176000165753;0.7958456000196747;1.0747647999669425;0;0;1;0;0.01
9;1;2;10;letter190;letter169;congruent;0.04;letter190;0.05;0.07;fullmask;0.25;arrow_left.png;0.13;c;0.4167604999965988;0.4198858999880031;278298.4709197;3.100023604929447e-06;0.4991715000360273;0.5391896000364795;0.5511833000346087;0.6209623000468127;0.8004734000423923;0.9311168999993242;0;0;0;1;0.01
9;1;2;11;letter190;letter169;congruent;0.04;letter190;0.05;0.07;fullmask;0.25;arrow_left.png;0.13;c;0.3753704000264406;0.38004939997335896;278300.2708803;2.7999631129205227e-06;0.4978140000021085;0.5378392999991775;0.54998179996619;0.6197998999850824;0.7993190999841318;1.1282186000025831;0;0;1;0;0.01
9;1;2;12;letter190;letter169;congruent;0.04;letter169;0.05;0.07;fullmask;0.25;arrow_right.png;0.13;c;0.25245089997770265;0.2603320999769494;278302.1591541;2.8999638743698597e-06;0.49916840001242235;0.5391983999870718;0.5512380999862216;0.6210080999881029;0.8014306999975815;1.0095219999784604;0;0;1;0;0.01
9;1;2;13;letter190;letter169;congruent;0.04;letter190;0.05;0.07;fullmask;0.25;arrow_left.png;0.13;c;0.24126510001951829;0.2501579000381753;278304.239098;2.700020559132099e-06;0.49514929996803403;0.53518319997238;0.5469878999865614;0.616547100013122;0.7971430000034161;0.7971475999802351;0;1;0;0;0.01
9;1;2;14;letter190;letter169;congruent;0.04;letter169;0.05;0.07;fullmask;0.25;arrow_right.png;0.13;m;0.46169490000465885;0.4697593000018969;278306.1508338;2.700020559132099e-06;0.5015789000317454;0.5415908000431955;0.5536267000134103;0.623401700053364;0.8029186000349;0.933569900051225;0;0;0;1;0.01
9;1;2;15;letter190;letter169;congruent;0.04;letter169;0.05;0.07;fullmask;0.25;arrow_right.png;0.13;m;0.32496629998786375;0.33013319998281077;278307.934849;3.200024366378784e-06;0.5040851000230759;0.54409590002615;0.5556292000110261;0.6254025000380352;0.8059186000027694;1.0844675000407733;0;0;1;0;0.01
9;1;2;16;letter190;letter169;congruent;0.04;letter190;0.05;0.07;fullmask;0.25;arrow_left.png;0.13;c;0.34712509997189045;0.35009049996733665;278309.9189079;2.8999638743698597e-06;0.5003225999535061;0.5405742999864742;0.5525033999583684;0.6221806999528781;0.8016994000063278;1.100714300002437;0;0;1;0;0.01
9;1;2;17;letter190;letter169;congruent;0.04;letter190;0.05;0.07;fullmask;0.25;arrow_left.png;0.13;c;0.42449830000987276;0.43089319998398423;278312.0068277;2.6999623514711857e-06;0.5023092000046745;0.5422964000026695;0.5537331000086851;0.6244203000096604;0.803917300014291;0.9345919999759644;0;0;0;1;0.01
9;1;2;18;letter190;letter169;congruent;0.04;letter190;0.05;0.07;fullmask;0.25;arrow_left.png;0.13;m;0.21665080002276227;0.21941790002165362;278313.6708216;2.9999646358191967e-06;0.49990579998120666;0.5399238999816589;0.5519497999921441;0.6217103999806568;0.7713683999609202;0.7713708999799564;0;1;0;0;0.01
9;1;2;19;letter190;letter169;congruent;0.04;letter169;0.05;0.07;fullmask;0.25;arrow_right.png;0.13;m;0.2994196999934502;0.3002101000165567;278315.6147771;3.300025127828121e-06;0.4972983000334352;0.5373102000448853;0.5493257000343874;0.619098600000143;0.7986131000216119;1.0476772999973036;0;0;1;0;0.01
9;1;2;20;letter190;letter169;congruent;0.04;letter169;0.05;0.07;fullmask;0.25;arrow_right.png;0.13;m;0.2703951000003144;0.2802947000018321;278317.5271219;3.200024366378784e-06;0.4994562999927439;0.5394980999990366;0.5516009000129998;0.6212730000261217;0.8007926999707706;1.029796599992551;0;0;1;0;0.01
9;1;2;21;letter190;letter169;congruent;0.04;letter190;0.05;0.07;fullmask;0.25;arrow_left.png;0.13;c;0.276927099970635;0.2802727000089362;278319.4548895;2.800021320581436e-06;0.5010221999837086;0.5410345999989659;0.5531632999773137;0.622833699977491;0.8033490999951027;1.031397000013385;0;0;1;0;0.01
9;1;2;22;letter190;letter169;congruent;0.04;letter190;0.05;0.07;fullmask;0.25;arrow_left.png;0.13;c;0.35169300000416115;0.35995690000709146;278321.4308199;2.900022082030773e-06;0.4985737999668345;0.5385981000144966;0.550617599976249;0.6203813999891281;0.8008113999967463;1.1089406000101008;0;0;1;0;0.01
9;1;2;23;letter190;letter169;congruent;0.04;letter169;0.05;0.07;fullmask;0.25;arrow_right.png;0.13;m;0.2762753000133671;0.27923080004984513;278323.3667735;2.9999646358191967e-06;0.4949938000063412;0.5350214999634773;0.5471266999957152;0.6161931999959052;0.796466399973724;1.0253333000000566;0;0;1;0;0.01
9;1;2;24;letter190;letter169;congruent;0.04;letter169;0.05;0.07;fullmask;0.25;arrow_right.png;0.13;m;0.34517099999357015;0.3502322999993339;278325.3268915;2.800021320581436e-06;0.4955218000104651;0.5355409000185318;0.5476520000374876;0.6175615999964066;0.7969899000017904;1.095926900045015;0;0;1;0;0.01
9;1;2;25;letter190;letter169;congruent;0.04;letter169;0.05;0.07;fullmask;0.25;arrow_right.png;0.13;m;0.44982479995815083;0.4598165999632329;278327.4228199;3.1999661587178707e-06;0.4992468999698758;0.539266999985557;0.5513656999683008;0.6210637000040151;0.8015789000201039;0.9312088000006042;0;0;0;1;0.01
9;1;2;26;letter190;letter169;congruent;0.04;letter190;0.05;0.07;fullmask;0.25;arrow_left.png;0.13;c;0.3384968999889679;0.34015419997740537;278329.2227918;2.800021320581436e-06;0.49947430001338944;0.5394977999967523;0.5516592999920249;0.6215660000452772;0.8009981000213884;1.0898732999921776;0;0;1;0;0.01
9;1;2;27;letter190;letter169;congruent;0.04;letter190;0.05;0.07;fullmask;0.25;arrow_left.png;0.13;c;0.4053126000217162;0.409918200050015;278331.2708078;2.700020559132099e-06;0.49659500003326684;0.5366152999922633;0.5486724000074901;0.6184445000253618;0.7979733999818563;0.9286149999825284;0;0;0;1;0.01
9;1;2;28;letter190;letter169;congruent;0.04;letter169;0.05;0.07;fullmask;0.25;arrow_right.png;0.13;m;0.3804270999971777;0.3899444999988191;278333.0871133;2.9999646358191967e-06;0.4949311999953352;0.534945199964568;0.5470262999879196;0.6166990000056103;0.796219999960158;0.9268943999777548;0;0;0;1;0.01
9;1;2;29;letter190;letter169;congruent;0.04;letter169;0.05;0.07;fullmask;0.25;arrow_right.png;0.13;m;0.30186630005482584;0.31121660000644624;278334.83906;2.900022082030773e-06;0.4987872000201605;0.5388337000040337;0.5502005000016652;0.6208944999962114;0.80039620003663;1.059149500040803;0;0;1;0;0.01
9;1;2;30;letter190;letter169;congruent;0.04;letter169;0.05;0.07;fullmask;0.25;arrow_right.png;0.13;m;0.2897884999983944;0.2900548000470735;278336.7588874;3.100023604929447e-06;0.49644840002292767;0.5364830999751575;0.548512400011532;0.6181828000117093;0.7987041000160389;1.0368220999953337;0;0;1;0;0.01
9;1;2;31;letter190;letter169;congruent;0.04;letter169;0.05;0.07;fullmask;0.25;arrow_right.png;0.13;m;0.3284247000119649;0.33013459999347106;278338.7187731;3.0999653972685337e-06;0.4974788000108674;0.5374824000173248;0.5495353000005707;0.6193112999899313;0.7988274999661371;1.0778410999919288;0;0;1;0;0.01
9;1;2;32;letter190;letter169;congruent;0.04;letter190;0.05;0.07;fullmask;0.25;arrow_left.png;0.13;c;0.32927879999624565;0.33028870000271127;278340.6709713;2.9999646358191967e-06;0.4954190999851562;0.5354468000004999;0.5475712000043131;0.6174836999853142;0.7969098999747075;1.0757971999701113;0;0;1;0;0.01
9;1;2;33;letter190;letter169;congruent;0.04;letter190;0.05;0.07;fullmask;0.25;arrow_left.png;0.13;c;0.32785830000648275;0.33017650002148;278342.6308312;2.9999646358191967e-06;0.495084099995438;0.5350831999676302;0.5472323999856599;0.6169369000126608;0.7974502999568358;1.0754431000095792;0;0;1;0;0.01
9;1;2;34;letter190;letter169;congruent;0.04;letter169;0.05;0.07;fullmask;0.25;arrow_right.png;0.13;m;0.2488147999974899;0.2493298000190407;278344.5029481;2.9999646358191967e-06;0.4948340999544598;0.5348576999967918;0.5468874999787658;0.6166543999570422;0.7962184999487363;0.7962209999677725;0;1;0;0;0.01
9;1;2;35;letter190;letter169;congruent;0.04;letter190;0.05;0.07;fullmask;0.25;arrow_left.png;0.13;c;0.37966259999666363;0.37989250000100583;278346.3348744;3.300025127828121e-06;0.5030017000390217;0.5430260000284761;0.5550360000343062;0.6248087999993004;0.8043343999888748;1.1334098000079393;0;0;1;0;0.01
9;1;2;36;letter190;letter169;congruent;0.04;letter190;0.05;0.07;fullmask;0.25;arrow_left.png;0.13;c;0.2483795000007376;0.2493430000031367;278348.214866;2.700020559132099e-06;0.5009720000089146;0.5409854000317864;0.5529794000321999;0.6227411000290886;0.8023234999855049;0.8023260000045411;0;1;0;0;0.01
9;1;2;37;letter190;letter169;congruent;0.04;letter190;0.05;0.07;fullmask;0.25;arrow_left.png;0.13;c;0.42363219999242574;0.42998369998531416;278350.071072;3.0999653972685337e-06;0.5006375999655575;0.5406455000047572;0.5524993999861181;0.6222795000066981;0.8028067999985069;0.9324476000037976;0;0;0;1;0.01
9;1;2;38;letter190;letter169;congruent;0.04;letter190;0.05;0.07;fullmask;0.25;arrow_left.png;0.13;c;0.3339700000360608;0.34010090003721416;278351.8628177;2.800021320581436e-06;0.4977807000395842;0.5377974000293761;0.5498358000186272;0.6196187000023201;0.7991290999925695;1.0881572000216693;0;0;1;0;0.01
9;1;2;39;letter190;letter169;congruent;0.04;letter169;0.05;0.07;fullmask;0.25;arrow_right.png;0.13;m;0.3786995999980718;0.38000190001912415;278353.8787665;2.8999638743698597e-06;0.49450039997464046;0.5345213999971747;0.5464979999815114;0.6162724999594502;0.7967892999877222;1.1249026999576017;0;0;1;0;0.01
9;1;2;40;letter190;letter169;congruent;0.04;letter169;0.05;0.07;fullmask;0.25;arrow_right.png;0.13;m;0.30386009998619556;0.310392499959562;278355.8153059;3.00002284348011e-06;0.49619029997847974;0.5362014999845996;0.5482555999769829;0.6180273999925703;0.7975491000106558;1.0565504999831319;0;0;1;0;0.01
9;1;2;41;letter190;letter169;congruent;0.04;letter190;0.05;0.07;fullmask;0.25;arrow_left.png;0.13;c;0.34014899999601766;0.3500381000339985;278357.8229929;2.7999631129205227e-06;0.5014011999592185;0.5414513999712653;0.5536290999734774;0.6232345000025816;0.8037713999510743;1.1018167999573052;0;0;1;0;0.01
9;1;2;42;letter190;letter169;congruent;0.04;letter169;0.05;0.07;fullmask;0.25;arrow_right.png;0.13;c;0.26298669999232516;0.27029890002449974;278359.7269115;3.2999669201672077e-06;0.5003068000078201;0.540385200001765;0.5522954000043683;0.6220668000169098;0.8025900999782607;1.020640500006266;0;0;1;0;0.01
9;1;2;43;letter190;letter169;congruent;0.04;letter169;0.05;0.07;fullmask;0.25;arrow_right.png;0.13;m;0.29235249996418133;0.3011159999878146;278361.8468281;2.900022082030773e-06;0.49461009999504313;0.5346551000257023;0.5458039999939501;0.6164757999940775;0.7959979000152089;1.04497430002084;0;0;1;0;0.01
9;1;2;44;letter190;letter169;congruent;0.04;letter190;0.05;0.07;fullmask;0.25;arrow_left.png;0.13;c;0.35044390003895387;0.3600533000426367;278363.846771;3.0999653972685337e-06;0.5010224999859929;0.5410458999685943;0.5527951999683864;0.6225658999755979;0.8031007999670692;1.111408999946434;0;0;1;0;0.01
9;1;2;45;letter190;letter169;congruent;0.04;letter190;0.05;0.07;fullmask;0.25;arrow_left.png;0.13;c;0.3618941999739036;0.37117170001147315;278365.8389379;2.700020559132099e-06;0.5026155000086874;0.5426478000008501;0.5538454999914393;0.6247445000335574;0.804178900027182;1.1230373000144027;0;0;1;0;0.01
9;1;2;46;letter190;letter169;congruent;0.04;letter169;0.05;0.07;fullmask;0.25;arrow_right.png;0.13;m;0.3015037999721244;0.31009599997196347;278367.7907648;2.700020559132099e-06;0.49982440000167117;0.5398429000051692;0.5519625000306405;0.6216278999927454;0.8011586000211537;1.0601875000284053;0;0;1;0;0.01
9;1;2;47;letter190;letter169;congruent;0.04;letter169;0.05;0.07;fullmask;0.25;arrow_right.png;0.13;m;0.31241579999914393;0.32006270001875237;278369.7427723;2.7999631129205227e-06;0.5026026999694295;0.5423705999855883;0.5543265999876894;0.6240848999586888;0.8045166999800131;1.0727288000052795;0;0;1;0;0.01
9;1;2;48;letter190;letter169;congruent;0.04;letter190;0.05;0.07;fullmask;0.25;arrow_left.png;0.13;c;0.2818954000249505;0.29028730001300573;278371.6627738;2.6999623514711857e-06;0.5035981999826618;0.5436259999987669;0.5548204999649897;0.625734300003387;0.8051537999999709;1.0439691999927163;0;0;1;0;0.01
9;1;3;1;letter190;letter169;congruent;0.04;letter190;0.05;0.07;fullmask;0.2;arrow_left.png;0.13;c;0.33252679998986423;0.3410573999863118;278376.9667695;2.8999638743698597e-06;0.4955299000139348;0.5355449999915436;0.546719599980861;0.6174379999865778;0.7470905999653041;0.8777434999938123;0;0;0;1;0.01
9;1;3;2;letter190;letter169;congruent;0.04;letter169;0.05;0.07;fullmask;0.2;arrow_right.png;0.13;m;0.2644809000194073;0.2692943000001833;278378.6707684;2.6999623514711857e-06;0.5001655999803916;0.5401851999922656;0.5522501000086777;0.6220199000090361;0.7516746000037529;1.0205023000016809;0;0;1;0;0.01
9;1;3;3;letter190;letter169;congruent;0.04;letter190;0.05;0.07;fullmask;0.2;arrow_left.png;0.13;c;0.34135470003820956;0.35010340000735596;278380.6388321;2.900022082030773e-06;0.5019486999954097;0.5419705000240356;0.5539953000261448;0.623775000043679;0.7534204000257887;0.8841101000434719;0;0;0;1;0.01
9;1;3;4;letter190;letter169;congruent;0.04;letter169;0.05;0.07;fullmask;0.2;arrow_right.png;0.13;m;0.2780796000151895;0.28040809999220073;278382.3668504;3.2999669201672077e-06;0.4992517000064254;0.5392561999615282;0.5514152999967337;0.6213151999982074;0.7508739999611862;1.0295727999764495;0;0;1;0;0.01
9;1;3;5;letter190;letter169;congruent;0.04;letter169;0.05;0.07;fullmask;0.2;arrow_right.png;0.13;m;0.2609006999991834;0.2702947999932803;278384.2707756;3.100023604929447e-06;0.4978784000268206;0.5378957000211813;0.5499146000365727;0.619688100006897;0.7493408000445925;1.01821510004811;0;0;1;0;0.01
9;1;3;6;letter190;letter169;congruent;0.04;letter190;0.05;0.07;fullmask;0.2;arrow_left.png;0.13;c;0.26365989999612793;0.2702955999993719;278386.1747676;3.00002284348011e-06;0.4968114000512287;0.5368306000018492;0.5488493000157177;0.618627000018023;0.7482761000283062;1.0171645000227727;0;0;1;0;0.01
9;1;3;7;letter190;letter169;congruent;0.04;letter190;0.05;0.07;fullmask;0.2;arrow_left.png;0.13;c;0.347312800004147;0.35113149997778237;278388.1588452;3.00002284348011e-06;0.49908660002984107;0.5390879000187851;0.5502852000063285;0.6210567000089213;0.7507089000428095;0.8813923000125214;0;0;0;1;0.01
9;1;3;8;letter190;letter169;congruent;0.04;letter169;0.05;0.07;fullmask;0.2;arrow_right.png;0.13;m;0.24535159999504685;0.2504641999839805;278389.8388417;2.7999631129205227e-06;0.49774319998687133;0.5377639000071213;0.5497820000164211;0.6195706999860704;0.7492233999655582;0.9980722999898717;0;0;1;0;0.01
9;1;3;9;letter190;letter169;congruent;0.04;letter169;0.05;0.07;fullmask;0.2;arrow_right.png;0.13;m;0.29399149998789653;0.30026099999668077;278391.7587616;2.800021320581436e-06;0.4950406000134535;0.5350634999922477;0.5471444000140764;0.6170505000045523;0.7466154000139795;1.0454195000347681;0;0;1;0;0.01
9;1;3;10;letter190;letter169;congruent;0.04;letter190;0.05;0.07;fullmask;0.2;arrow_left.png;0.13;c;0.25879260001238436;0.25937440001871437;278393.6548309;3.100023604929447e-06;0.4980313999694772;0.5380495999706909;0.5501526999869384;0.6200663999770768;0.7496290000271983;1.0083735000225715;0;0;1;0;0.01
9;1;3;11;letter190;letter169;congruent;0.04;letter190;0.05;0.07;fullmask;0.2;arrow_left.png;0.13;m;0.26948720001382753;0.27935689996229485;278395.5667766;2.8999638743698597e-06;0.49654540000483394;0.5365689999889582;0.5486822999664582;0.6186004999908619;0.7481522999587469;1.0268941999529488;0;0;1;0;0.01
9;1;3;12;letter190;letter169;congruent;0.04;letter169;0.05;0.07;fullmask;0.2;arrow_right.png;0.13;m;0.35234589996980503;0.3600513999699615;278397.5507944;2.700020559132099e-06;0.4962653000256978;0.5363110000034794;0.5483330999850295;0.6181269999942742;0.7477734999847598;0.8783989999792539;0;0;0;1;0.01
9;1;3;13;letter190;letter169;congruent;0.04;letter169;0.05;0.07;fullmask;0.2;arrow_right.png;0.13;m;0.36716470000101253;0.37002599996048957;278399.3667545;3.00002284348011e-06;0.5018855999805965;0.5418979999958538;0.5539203999796882;0.6236883999663405;0.7533436000230722;0.8839964999933727;0;0;0;1;0.01
9;1;3;14;letter190;letter169;congruent;0.04;letter190;0.05;0.07;fullmask;0.2;arrow_left.png;0.13;c;0.16211929998826236;0.1695592000032775;278400.9827525;3.200024366378784e-06;0.5042275000014342;0.5442665000446141;0.5561228000442497;0.6259001000435092;0.7256826999946497;0.725685200013686;0;1;0;0;0.01
9;1;3;15;letter190;letter169;congruent;0.04;letter190;0.05;0.07;fullmask;0.2;arrow_left.png;0.13;c;0.3390785999945365;0.34010550001403317;278402.7508841;2.800021320581436e-06;0.49801769998157397;0.5380158000043593;0.5500487000099383;0.6198259000084363;0.7494741000118665;0.8801248000236228;0;0;0;1;0.01
9;1;3;16;letter190;letter169;congruent;0.04;letter190;0.05;0.07;fullmask;0.2;arrow_left.png;0.13;c;0.3538748999708332;0.36008339998079464;278404.5669782;2.8999638743698597e-06;0.49962189997313544;0.5396236999658868;0.5517923999577761;0.6214872999698855;0.7511199999717064;0.8817897999542765;0;0;0;1;0.01
9;1;3;17;letter190;letter169;congruent;0.04;letter190;0.05;0.07;fullmask;0.2;arrow_left.png;0.13;m;0.24661750002996996;0.24935070000356063;278406.2707556;3.00002284348011e-06;0.49967970000579953;0.5397206000052392;0.5517149000079371;0.621487700031139;0.7511424000258557;1.0000050999806263;0;0;1;0;0.01
9;1;3;18;letter190;letter169;congruent;0.04;letter190;0.05;0.07;fullmask;0.2;arrow_left.png;0.13;c;0.2653338999953121;0.2692962000146508;278408.1907412;2.900022082030773e-06;0.49605549999978393;0.5360727999941446;0.5481199000496417;0.6178924000123516;0.7475452000508085;1.0163861000328325;0;0;1;0;0.01
9;1;3;19;letter190;letter169;congruent;0.04;letter169;0.05;0.07;fullmask;0.2;arrow_right.png;0.13;m;0.35425560001749545;0.3600517000304535;278410.1907425;2.800021320581436e-06;0.5024317000061274;0.5424533000332303;0.5543396000284702;0.6241154000163078;0.7537695000064559;0.8844157000421546;0;0;0;1;0.01
9;1;3;20;letter190;letter169;congruent;0.04;letter190;0.05;0.07;fullmask;0.2;arrow_left.png;0.13;c;0.431946600030642;0.44095140002900735;278412.0791354;2.900022082030773e-06;0.4962686999933794;0.5362769000348635;0.5477108000195585;0.6178268000367098;0.7481350000016391;0.8777826000005007;0;0;0;1;0.01
9;1;3;21;letter190;letter169;congruent;0.04;letter169;0.05;0.07;fullmask;0.2;arrow_right.png;0.13;c;0.2457560999901034;0.2493974000099115;278413.7748022;2.7999631129205227e-06;0.49744029995054007;0.5374418999999762;0.5495039999950677;0.6194090999779291;0.7489598999964073;0.9977625999599695;0;0;1;0;0.01
9;1;3;22;letter190;letter169;congruent;0.04;letter169;0.05;0.07;fullmask;0.2;arrow_right.png;0.13;m;0.2824489999911748;0.29023420001612976;278415.7027404;2.7999631129205227e-06;0.4991176999756135;0.5391269999672659;0.5512075999868102;0.6209796999464743;0.7506276999483816;1.0394643999752589;0;0;1;0;0.01
9;1;3;23;letter190;letter169;congruent;0.04;letter169;0.05;0.07;fullmask;0.2;arrow_right.png;0.13;m;0.3231507000164129;0.3301805999944918;278417.6947412;2.800021320581436e-06;0.503711800032761;0.5437305000377819;0.5558498000027612;0.6257573000038974;0.7553201999980956;1.0841056000208482;0;0;1;0;0.01
9;1;3;24;letter190;letter169;congruent;0.04;letter169;0.05;0.07;fullmask;0.2;arrow_right.png;0.13;m;0.2983890000032261;0.30011449998710304;278419.6307351;3.100023604929447e-06;0.49952230002963915;0.5395189000410028;0.5511117000132799;0.6207829000195488;0.751432900025975;1.0498367000254802;0;0;1;0;0.01
9;1;3;25;letter190;letter169;congruent;0.04;letter190;0.05;0.07;fullmask;0.2;arrow_left.png;0.13;c;0.362801400013268;0.3700583999743685;278421.6469195;3.500026650726795e-06;0.49976839998271316;0.5397879999945872;0.5519089000299573;0.6216054999968037;0.7512517999857664;0.8819065000279807;0;0;0;1;0.01
9;1;3;26;letter190;letter169;congruent;0.04;letter190;0.05;0.07;fullmask;0.2;arrow_left.png;0.13;m;0.2314345000195317;0.23934289999306202;278423.3267369;3.00002284348011e-06;0.49957179999910295;0.5396125999977812;0.5517241000197828;0.6214623000123538;0.7511150999926031;0.9898989999783225;0;0;1;0;0.01
9;1;3;27;letter190;letter169;congruent;0.04;letter190;0.05;0.07;fullmask;0.2;arrow_left.png;0.13;c;0.3343489000108093;0.34011330001521856;278425.3107277;3.100023604929447e-06;0.4973296000389382;0.5373587000067346;0.5493262000381947;0.6190990000031888;0.7487519000424072;0.8794023999944329;0;0;0;1;0.01
9;1;3;28;letter190;letter169;congruent;0.04;letter190;0.05;0.07;fullmask;0.2;arrow_left.png;0.13;c;0.36313809995772317;0.37002809997648;278427.1107414;2.900022082030773e-06;0.4950354000320658;0.5350563999963924;0.5471117999986745;0.6168852000264451;0.746469400008209;0.8771937999990769;0;0;0;1;0.01
9;1;3;29;letter190;letter169;congruent;0.04;letter169;0.05;0.07;fullmask;0.2;arrow_right.png;0.13;c;4.215916099958122;4.2227703999960795;278432.7747198;2.800021320581436e-06;0.49898179998854175;0.538998999982141;0.5510803000070155;0.6201563000213355;0.7505519000114873;0.8812003000057302;0;0;0;1;0.01
9;1;3;30;letter190;letter169;congruent;0.04;letter169;0.05;0.07;fullmask;0.2;arrow_right.png;0.13;m;0.32237459998577833;0.3301091000321321;278434.5347398;2.700020559132099e-06;0.49915800004964694;0.5391838000505231;0.5511527000344358;0.62092549999943;0.7505788000416942;1.0795393000007607;0;0;1;0;0.01
9;1;3;31;letter190;letter169;congruent;0.04;letter190;0.05;0.07;fullmask;0.2;arrow_left.png;0.13;c;0.33576410001842305;0.34010630002012476;278436.518723;2.800021320581436e-06;0.49480829999083653;0.5348310000263155;0.5461138000246137;0.6168826000066474;0.7465398000204004;0.8761932000052184;0;0;0;1;0.01
9;1;3;32;letter190;letter169;congruent;0.04;letter190;0.05;0.07;fullmask;0.2;arrow_left.png;0.13;c;0.3556684000068344;0.36008710000896826;278438.3107332;2.900022082030773e-06;0.49635999999009073;0.5363852999871597;0.5486355000175536;0.6183323000441305;0.7479582999949344;0.8786352000315674;0;0;0;1;0.01
9;1;3;33;letter190;letter169;congruent;0.04;letter169;0.05;0.07;fullmask;0.2;arrow_right.png;0.13;m;0.2595506999641657;0.2603679000167176;278440.0147193;2.800021320581436e-06;0.5045321999932639;0.5445684000151232;0.5557338999933563;0.626637400011532;0.7562015000148676;1.0148567000287585;0;0;1;0;0.01
9;1;3;34;letter190;letter169;congruent;0.04;letter169;0.05;0.07;fullmask;0.2;arrow_right.png;0.13;c;0.23041670001111925;0.24041999998735264;278441.8868646;2.700020559132099e-06;0.5025708000175655;0.5426024000043981;0.5538348999689333;0.623742499970831;0.754308299976401;0.9929057999979705;0;0;1;0;0.01
9;1;3;35;letter190;letter169;congruent;0.04;letter190;0.05;0.07;fullmask;0.2;arrow_left.png;0.13;c;0.49213279999094084;0.49968140001874417;278444.030714;2.8999638743698597e-06;0.4955646999878809;0.5355728999711573;0.5477330999565311;0.6175941999536008;0.7471577999531291;0.8778116999892518;0;0;0;1;0.01
9;1;3;36;letter190;letter169;congruent;0.04;letter190;0.05;0.07;fullmask;0.2;arrow_left.png;0.13;c;0.36192930000834167;0.3711001999909058;278445.8310642;3.2999669201672077e-06;0.5028599000070244;0.5428802999667823;0.5543315999675542;0.6250204999814741;0.7546602999791503;0.8843277000123635;0;0;0;1;0.01
9;1;3;37;letter190;letter169;congruent;0.04;letter169;0.05;0.07;fullmask;0.2;arrow_right.png;0.13;m;0.2466782999690622;0.2503936999710277;278447.5267162;3.200024366378784e-06;0.49852959997951984;0.5385474999784492;0.5497420000028796;0.6206472999765538;0.7502099999692291;0.9988509999820963;0;0;1;0;0.01
9;1;3;38;letter190;letter169;congruent;0.04;letter169;0.05;0.07;fullmask;0.2;arrow_right.png;0.13;c;0.234621099953074;0.2393748999456875;278449.4067135;2.900022082030773e-06;0.5007924000383355;0.5408135000034235;0.5528374999994412;0.6226110000279732;0.7522639000089839;0.9911267000134103;0;0;1;0;0.01
9;1;3;39;letter190;letter169;congruent;0.04;letter190;0.05;0.07;fullmask;0.2;arrow_left.png;0.13;c;0.3476575999520719;0.3499407999916002;278451.390698;2.7999631129205227e-06;0.5039734999882057;0.5439949000137858;0.555733599991072;0.6253639999777079;0.7560136999818496;0.8856699999887496;0;0;0;1;0.01
9;1;3;40;letter190;letter169;congruent;0.04;letter169;0.05;0.07;fullmask;0.2;arrow_right.png;0.13;m;0.3023828999721445;0.3103365999995731;278453.1269001;3.00002284348011e-06;0.5039280999917537;0.5439436000306159;0.5560156999854371;0.6259224999812432;0.7554894000058994;1.0642761000199243;0;0;1;0;0.01
9;1;3;41;letter190;letter169;congruent;0.04;letter190;0.05;0.07;fullmask;0.2;arrow_left.png;0.13;c;0.3337714999797754;0.3411515000043437;278455.1187074;2.8999638743698597e-06;0.4962179000140168;0.5362450999673456;0.5474601999740116;0.6183629999868572;0.7479282999993302;0.8785832999856211;0;0;0;1;0.01
9;1;3;42;letter190;letter169;congruent;0.04;letter169;0.05;0.07;fullmask;0.2;arrow_right.png;0.13;m;0.2917467000079341;0.3002601000480354;278456.8387108;2.9999646358191967e-06;0.4974223999888636;0.5374412999954075;0.5495588000048883;0.6194796999916434;0.7490315000177361;1.047809400013648;0;0;1;0;0.01
9;1;3;43;letter190;letter169;congruent;0.04;letter169;0.05;0.07;fullmask;0.2;arrow_right.png;0.13;c;0.27060779999010265;0.2794285999843851;278458.7587296;2.9999646358191967e-06;0.4995943999965675;0.5396029999828897;0.5516089999582618;0.6215394999599084;0.7511923999991268;1.0299143999582157;0;0;1;0;0.01
9;1;3;44;letter190;letter169;congruent;0.04;letter169;0.05;0.07;fullmask;0.2;arrow_right.png;0.13;m;0.27733640000224113;0.28034029999980703;278460.6867456;3.0999653972685337e-06;0.49912299995776266;0.5391507999738678;0.5512034999555908;0.6209486000007018;0.7506041000015102;1.0294925999478437;0;0;1;0;0.01
9;1;3;45;letter190;letter169;congruent;0.04;letter169;0.05;0.07;fullmask;0.2;arrow_right.png;0.13;m;0.2682560000102967;0.27029790001688525;278462.5986902;3.00002284348011e-06;0.5035190000198781;0.5435393999796361;0.5553642000304535;0.625135499984026;0.7547884000232443;1.023855099978391;0;0;1;0;0.01
9;1;3;46;letter190;letter169;congruent;0.04;letter190;0.05;0.07;fullmask;0.2;arrow_left.png;0.13;c;0.332933800003957;0.3401082999771461;278464.5747266;3.200024366378784e-06;0.49647860002005473;0.5364991999813356;0.5484487999929115;0.6182223000214435;0.7478747999994084;0.8785261000157334;0;0;0;1;0.01
9;1;3;47;letter190;letter169;congruent;0.04;letter169;0.05;0.07;fullmask;0.2;arrow_right.png;0.13;m;0.24570769997080788;0.24934909999137744;278466.2787008;2.7999631129205227e-06;0.5008045000140555;0.5408265999867581;0.5528239000122994;0.622598799993284;0.7522520999773405;1.0011306999949738;0;0;1;0;0.01
9;1;3;48;letter190;letter169;congruent;0.04;letter190;0.05;0.07;fullmask;0.2;arrow_left.png;0.13;c;0.29238999995868653;0.30011509999167174;278468.2067229;3.00002284348011e-06;0.5021247999975458;0.5421447000117041;0.5542682000086643;0.6239449999993667;0.7535954000195488;1.05249020003248;0;0;1;0;0.01
9;2;11;1;letter181;letter357;congruent;0.04;letter357;0.09;0.07;fullmask;0.3;arrow_right.png;0.13;m;0.482359700021334;0.490536900004372;279436.7739145;3.300025127828121e-06;0.4967884999932721;0.5368140999926254;0.5887097999802791;0.6583121999865398;0.8886957999784499;1.0183530999929644;0;0;0;1;0.01
9;2;11;2;letter181;letter357;congruent;0.04;letter357;0.09;0.07;fullmask;0.3;arrow_right.png;0.13;m;0.40395909996004775;0.41103540000040084;279438.6861897;2.7999631129205227e-06;0.4979143999516964;0.5379223999916576;0.5891960999579169;0.6599796999944374;0.8893432999611832;1.1983460999908857;0;0;1;0;0.01
9;2;11;3;letter181;letter357;congruent;0.04;letter357;0.09;0.07;fullmask;0.3;arrow_right.png;0.13;m;0.505573500005994;0.5094826000276953;279440.8699382;2.700020559132099e-06;0.5004437000025064;0.540476199996192;0.5925381000270136;0.6622153000207618;0.8926005000248551;1.022251899994444;0;0;0;1;0.01
9;2;11;4;letter181;letter357;congruent;0.04;letter181;0.09;0.07;fullmask;0.3;arrow_left.png;0.13;c;0.2765048000146635;0.2803948000073433;279442.6219962;2.900022082030773e-06;0.49767290003364906;0.5376901000272483;0.5895938000176102;0.6593939000158571;0.8699983999831602;0.8700065999873914;0;1;0;0;0.01
9;2;11;5;letter181;letter357;congruent;0.04;letter181;0.09;0.07;fullmask;0.3;arrow_left.png;0.13;c;0.3575918000424281;0.36008850001962855;279444.4538928;3.00002284348011e-06;0.4994929000386037;0.539533700037282;0.5911091000307351;0.6610046999994665;0.891299800015986;1.1499132000026293;0;0;1;0;0.01
9;2;11;6;letter181;letter357;congruent;0.04;letter357;0.09;0.07;fullmask;0.3;arrow_right.png;0.13;m;0.3359702999587171;0.34009779995540157;279446.4539104;3.00002284348011e-06;0.49790860002394766;0.537933100014925;0.5898371000075713;0.6596099000307731;0.8899865000275895;1.128307900042273;0;0;1;0;0.01
9;2;11;7;letter181;letter357;congruent;0.04;letter181;0.09;0.07;fullmask;0.3;arrow_left.png;0.13;c;0.5026053999899887;0.5097016000072472;279448.6219277;2.900022082030773e-06;0.49967809999361634;0.539700300025288;0.5917019000044093;0.6617779000080191;0.8919066000380553;1.0215576000045985;0;0;0;1;0.01
9;2;11;8;letter181;letter357;congruent;0.04;letter181;0.09;0.07;fullmask;0.3;arrow_left.png;0.13;c;0.3215493999887258;0.33028559997910634;279450.4221662;3.0999653972685337e-06;0.49944779998622835;0.5394720999756828;0.5914932999876328;0.6613983999704942;0.891692699980922;1.119858599966392;0;0;1;0;0.01
9;2;11;9;letter181;letter357;congruent;0.04;letter357;0.09;0.07;fullmask;0.3;arrow_right.png;0.13;m;0.25455549999605864;0.2604748000157997;279452.3661239;2.800021320581436e-06;0.503468899987638;0.5434833000181243;0.5951539999805391;0.6650691999820992;0.8556366999982856;0.8556451000040397;0;1;0;0;0.01
9;2;11;10;letter181;letter357;congruent;0.04;letter181;0.09;0.07;fullmask;0.3;arrow_left.png;0.13;c;0.33705500001087785;0.340019499999471;279454.1901181;2.9999646358191967e-06;0.5019922999781556;0.542017699975986;0.5940449999761768;0.6637035000021569;0.89407779998146;1.132406099990476;0;0;1;0;0.01
9;2;11;11;letter181;letter357;congruent;0.04;letter181;0.09;0.07;fullmask;0.3;arrow_left.png;0.13;c;0.3674891999689862;0.37001820001751184;279456.2218958;2.8999638743698597e-06;0.5033041999558918;0.5433249999769032;0.5954090000013821;0.6651806999580003;0.8955612999852747;1.163732799992431;0;0;1;0;0.01
9;2;11;12;letter181;letter357;congruent;0.04;letter357;0.09;0.07;fullmask;0.3;arrow_right.png;0.13;m;0.27882509998744354;0.28040250000776723;279458.1738853;3.00002284348011e-06;0.4957822000142187;0.5358034999808297;0.5872106999740936;0.6571212999988347;0.8676141999894753;0.8676165000069886;0;1;0;0;0.01
9;2;11;13;letter181;letter357;congruent;0.04;letter181;0.09;0.07;fullmask;0.3;arrow_left.png;0.13;c;0.31930620002094656;0.32027770002605394;279459.9659382;2.800021320581436e-06;0.4976533000008203;0.5376700999913737;0.5895103000220843;0.6598002000246197;0.8896892000338994;1.1080385000095703;0;0;1;0;0.01
9;2;11;14;letter181;letter357;congruent;0.04;letter357;0.09;0.07;fullmask;0.3;arrow_right.png;0.13;m;0.2777663000160828;0.2801966000115499;279461.9258899;3.200024366378784e-06;0.5041973000043072;0.5442250000196509;0.5962739000096917;0.6659667000058107;0.876464799977839;0.8764671999961138;0;1;0;0;0.01
9;2;11;15;letter181;letter357;congruent;0.04;letter181;0.09;0.07;fullmask;0.3;arrow_left.png;0.13;c;0.33264999999664724;0.3401047000079416;279463.7418758;3.0999653972685337e-06;0.5021914999815635;0.5422193999984302;0.5942129999748431;0.663988700020127;0.8943682999815792;1.132600500015542;0;0;1;0;0.01
9;2;11;16;letter181;letter357;congruent;0.04;letter181;0.09;0.07;fullmask;0.3;arrow_left.png;0.13;c;0.3115410999744199;0.32006559998262674;279465.7418791;2.900022082030773e-06;0.4957469000364654;0.5357768000103533;0.5875816000043415;0.657262200023979;0.8876428000512533;1.1061715999967419;0;0;1;0;0.01
9;2;11;17;letter181;letter357;congruent;0.04;letter357;0.09;0.07;fullmask;0.3;arrow_right.png;0.13;m;0.26458980003371835;0.2704306000377983;279467.6860646;3.0999653972685337e-06;0.49846979998983443;0.5384837999590673;0.5901384999742731;0.6599111999967135;0.8605791999725625;0.8605872999760322;0;1;0;0;0.01
9;2;11;18;letter181;letter357;congruent;0.04;letter357;0.09;0.07;fullmask;0.3;arrow_right.png;0.13;m;0.3632799999904819;0.3703698999597691;279469.5262448;3.00002284348011e-06;0.49781949998578057;0.5378397000022233;0.5898570999852382;0.659877999976743;0.8892687999759801;1.1582467000116594;0;0;1;0;0.01
9;2;11;19;letter181;letter357;congruent;0.04;letter357;0.09;0.07;fullmask;0.3;arrow_right.png;0.13;c;0.27560509997420013;0.28026169998338446;279471.4698727;3.0999653972685337e-06;0.49646509997546673;0.5364817999652587;0.5884798999759369;0.6582471000147052;0.8687419999623671;0.8687445999821648;0;1;0;0;0.01
9;2;11;20;letter181;letter357;congruent;0.04;letter357;0.09;0.07;fullmask;0.3;arrow_right.png;0.13;m;0.2843396000098437;0.29029000003356487;279473.4298688;3.00002284348011e-06;0.499058099987451;0.5390696999966167;0.5910778000252321;0.6609875000431202;0.8813673999975435;0.8813699000165798;0;1;0;0;0.01
9;2;11;21;letter181;letter357;congruent;0.04;letter181;0.09;0.07;fullmask;0.3;arrow_left.png;0.13;c;0.5197553999605589;0.5206261999555863;279475.4458374;3.00002284348011e-06;0.4993376000202261;0.539347900019493;0.5907517999876291;0.6615207000286318;0.8909067999920808;1.0215599000221118;0;0;0;1;0.01
9;2;11;22;letter181;letter357;congruent;0.04;letter181;0.09;0.07;fullmask;0.3;arrow_left.png;0.13;m;0.25798850000137463;0.2604387000319548;279477.2059441;2.9999646358191967e-06;0.5030979999573901;0.5431194999837317;0.5950711999903433;0.6648652000003494;0.855511799978558;0.8555196999805048;0;1;0;0;0.01
9;2;11;23;letter181;letter357;congruent;0.04;letter357;0.09;0.07;fullmask;0.3;arrow_right.png;0.13;m;0.4147705000359565;0.41989449999528006;279479.2938882;2.8999638743698597e-06;0.49898999999277294;0.5390046999673359;0.5908732999814674;0.6606463000061922;0.8910328999627382;1.209447800007183;0;0;1;0;0.01
9;2;11;24;letter181;letter357;congruent;0.04;letter181;0.09;0.07;fullmask;0.3;arrow_left.png;0.13;c;0.29339240002445877;0.30019820004235953;279481.2538687;2.7999631129205227e-06;0.4968069000169635;0.5368276999797672;0.5886961999931373;0.6584696999634616;0.8888954999856651;0.8888980000047013;0;1;0;0;0.01
9;2;11;25;letter181;letter357;congruent;0.04;letter181;0.09;0.07;fullmask;0.3;arrow_left.png;0.13;c;0.338216400006786;0.3401054000132717;279483.0698688;3.0999653972685337e-06;0.5009041999583133;0.5409239999717101;0.5928313999902457;0.6626082999864593;0.8929895999608561;1.1313164999592118;0;0;1;0;0.01
9;2;11;26;letter181;letter357;congruent;0.04;letter357;0.09;0.07;fullmask;0.3;arrow_right.png;0.13;c;0.2689066999591887;0.2703343000030145;279485.0219895;2.900022082030773e-06;0.5042478000395931;0.5442671999917366;0.5963015999877825;0.665980199992191;0.8666388000128791;0.8666471000178717;0;1;0;0;0.01
9;2;11;27;letter181;letter357;congruent;0.04;letter181;0.09;0.07;fullmask;0.3;arrow_left.png;0.13;c;0.3495827000006102;0.34996029996545985;279487.0538502;2.900022082030773e-06;0.4982257999945432;0.5382546000182629;0.5901962000061758;0.6599333999911323;0.8903111999970861;1.1386418000329286;0;0;1;0;0.01
9;2;11;28;letter181;letter357;congruent;0.04;letter181;0.09;0.07;fullmask;0.3;arrow_left.png;0.13;c;0.28829519997816533;0.29024289996596053;279489.013881;3.200024366378784e-06;0.4953166000195779;0.5353470999980345;0.5872964999871328;0.6570667999912985;0.877540500019677;0.877543099981267;0;1;0;0;0.01
9;2;11;29;letter181;letter357;congruent;0.04;letter357;0.09;0.07;fullmask;0.3;arrow_right.png;0.13;m;0.3332599999848753;0.3401041000033729;279490.8298899;3.400025889277458e-06;0.49577129998942837;0.5357943000271916;0.5876390999765135;0.6574096999829635;0.8877968000015244;1.1261667999788187;0;0;1;0;0.01
9;2;11;30;letter181;letter357;congruent;0.04;letter357;0.09;0.07;fullmask;0.3;arrow_right.png;0.13;m;0.2739088999805972;0.28028109995648265;279492.782014;3.100023604929447e-06;0.5042747000115924;0.54431010002736;0.5963285000179894;0.6660056000109762;0.8766172000323422;0.8766251000342891;0;1;0;0;0.01
9;2;11;31;letter181;letter357;congruent;0.04;letter357;0.09;0.07;fullmask;0.3;arrow_right.png;0.13;m;0.448623200005386;0.4498606000561267;279494.7178525;2.800021320581436e-06;0.5029481000383385;0.5429757000529207;0.5949697000323795;0.6650369000271894;0.8951700000325218;1.0248236000188626;0;0;0;1;0.01
9;2;11;32;letter181;letter357;congruent;0.04;letter181;0.09;0.07;fullmask;0.3;arrow_left.png;0.13;c;0.28233240003464743;0.2912501000100747;279496.4620258;3.2999669201672077e-06;0.503836499992758;0.5438491000095382;0.5950882000033744;0.6658538999618031;0.886346599960234;0.8863549999659881;0;1;0;0;0.01
9;2;11;33;letter181;letter357;congruent;0.04;letter181;0.09;0.07;fullmask;0.3;arrow_left.png;0.13;c;0.28614049998577684;0.2902678000391461;279498.237926;2.800021320581436e-06;0.5019948999979533;0.5420095000299625;0.5942018000059761;0.6638859999948181;0.884472600009758;0.8844808000139892;0;1;0;0;0.01
9;2;11;34;letter181;letter357;congruent;0.04;letter181;0.09;0.07;fullmask;0.3;arrow_left.png;0.13;c;0.32517269998788834;0.33017589995870367;279500.0378411;2.700020559132099e-06;0.49949620000552386;0.5395117000443861;0.5914282000157982;0.6612051000120118;0.8915818000095896;1.119916399999056;0;0;1;0;0.01
9;2;11;35;letter181;letter357;congruent;0.04;letter357;0.09;0.07;fullmask;0.3;arrow_right.png;0.13;m;0.2979106999700889;0.30021159996977076;279502.0218837;3.100023604929447e-06;0.49702930002240464;0.5370486000319943;0.5889712999924086;0.6587481999886222;0.889184000028763;0.8891863999888301;0;1;0;0;0.01
9;2;11;36;letter181;letter357;congruent;0.04;letter357;0.09;0.07;fullmask;0.3;arrow_right.png;0.13;m;0.36511569999856874;0.3700075999950059;279503.8698381;2.700020559132099e-06;0.4952841000049375;0.5352925000479445;0.5868132000323385;0.6565846000448801;0.8869515000260435;1.1557102000224404;0;0;1;0;0.01
9;2;11;37;letter181;letter357;congruent;0.04;letter357;0.09;0.07;fullmask;0.3;arrow_right.png;0.13;m;0.30534220003755763;0.31024590000743046;279505.8619231;2.6999623514711857e-06;0.49701399996411055;0.5370299000060186;0.5890701999887824;0.6588015999877825;0.8891849999781698;1.0973953999928199;0;0;1;0;0.01
9;2;11;38;letter181;letter357;congruent;0.04;letter357;0.09;0.07;fullmask;0.3;arrow_right.png;0.13;m;0.34610290004638955;0.35007250000489876;279507.8938162;2.900022082030773e-06;0.4959089999902062;0.5359236000222154;0.5878255999996327;0.6575922999763861;0.8879763999721035;1.1363294000038877;0;0;1;0;0.01
9;2;11;39;letter181;letter357;congruent;0.04;letter357;0.09;0.07;fullmask;0.3;arrow_right.png;0.13;m;0.3927499999990687;0.3999439999461174;279509.9818406;3.00002284348011e-06;0.4939734000363387;0.5339935999945737;0.5859391000121832;0.6557094000163488;0.8860948000219651;1.184422700025607;0;0;1;0;0.01
9;2;11;40;letter181;letter357;congruent;0.04;letter181;0.09;0.07;fullmask;0.3;arrow_left.png;0.13;c;0.25545959995361045;0.26034729997627437;279511.9259237;3.300025127828121e-06;0.503287100000307;0.5433033999870531;0.5952797000063583;0.6650456999777816;0.855634999985341;0.8556430999888107;0;1;0;0;0.01
9;2;11;41;letter181;letter357;congruent;0.04;letter181;0.09;0.07;fullmask;0.3;arrow_left.png;0.13;c;0.3882840999867767;0.39004169998224825;279513.789896;2.800021320581436e-06;0.49717009998857975;0.537195699987933;0.5891945000039414;0.6591017000027932;0.8893938999972306;1.1776093000080436;0;0;1;0;0.01
9;2;11;42;letter181;letter357;congruent;0.04;letter357;0.09;0.07;fullmask;0.3;arrow_right.png;0.13;m;0.39901709998957813;0.3999527000123635;279515.8619113;2.900022082030773e-06;0.4973697999957949;0.5373845999711193;0.5893337000161409;0.6591131999739446;0.889484099985566;1.1878119999892078;0;0;1;0;0.01
9;2;11;43;letter181;letter357;congruent;0.04;letter181;0.09;0.07;fullmask;0.3;arrow_left.png;0.13;c;0.2915940000093542;0.30021439999109134;279517.8458451;2.900022082030773e-06;0.4981197000015527;0.5381371999974363;0.5900774000328965;0.6598513000062667;0.8902933000354096;0.8902957999962382;0;1;0;0;0.01
9;2;11;44;letter181;letter357;congruent;0.04;letter357;0.09;0.07;fullmask;0.3;arrow_right.png;0.13;m;0.4963931000092998;0.49972890003118664;279519.8218191;2.600019797682762e-06;0.4952151000034064;0.5352352000190876;0.587211899983231;0.6571184000349604;0.8873991000000387;1.0170662000309676;0;0;0;1;0.01
9;2;11;45;letter181;letter357;congruent;0.04;letter357;0.09;0.07;fullmask;0.3;arrow_right.png;0.13;c;0.2431162999710068;0.24978670000564307;279521.5498247;2.7999631129205227e-06;0.4967199999955483;0.5367345999693498;0.5887018999783322;0.6580039999680594;0.8384881999809295;0.8384908000007272;0;1;0;0;0.01
9;2;11;46;letter181;letter357;congruent;0.04;letter181;0.09;0.07;fullmask;0.3;arrow_left.png;0.13;c;0.3718327999813482;0.3800612000050023;279523.5898402;3.0999653972685337e-06;0.5000286999857053;0.5400118999532424;0.5920378999435343;0.661930299946107;0.8922227000002749;1.170429099991452;0;0;1;0;0.01
9;2;11;47;letter181;letter357;congruent;0.04;letter181;0.09;0.07;fullmask;0.3;arrow_left.png;0.13;c;0.3263477000291459;0.3301319000311196;279525.6058148;2.700020559132099e-06;0.49677630001679063;0.5367943000164814;0.5889516000170261;0.6587238000356592;0.889109899988398;1.1171592000173405;0;0;1;0;0.01
9;2;11;48;letter181;letter357;congruent;0.04;letter181;0.09;0.07;fullmask;0.3;arrow_left.png;0.13;c;0.34342569997534156;0.35024519998114556;279527.6140199;2.900022082030773e-06;0.4950809000292793;0.535102800000459;0.5870923000038601;0.6569982999935746;0.8872884000302292;1.1354929000372067;0;0;1;0;0.01
9;2;12;1;letter181;letter357;congruent;0.04;letter181;0.09;0.07;fullmask;0.25;arrow_left.png;0.13;c;0.3243175999959931;0.3301655999966897;279532.2778217;3.200024366378784e-06;0.5010792000102811;0.5410996000282466;0.5929705000016838;0.6627738000242971;0.8432964999810793;1.1214863000204787;0;0;1;0;0.01
9;2;12;2;letter181;letter357;congruent;0.04;letter357;0.09;0.07;fullmask;0.25;arrow_right.png;0.13;c;0.24709179997444153;0.250350599992089;279534.2218308;3.0999653972685337e-06;0.4969013999798335;0.5369136999943294;0.588715499965474;0.6584871999802999;0.839066999964416;0.8390696999849752;0;1;0;0;0.01
9;2;12;3;letter181;letter357;congruent;0.04;letter357;0.09;0.07;fullmask;0.25;arrow_right.png;0.13;m;0.3777094000251964;0.38003220001701266;279536.2939011;3.00002284348011e-06;0.49515680002514273;0.5351792000001296;0.5871767000062391;0.6568758999928832;0.8373773000203073;1.1656010000151582;0;0;1;0;0.01
9;2;12;4;letter181;letter357;congruent;0.04;letter357;0.09;0.07;fullmask;0.25;arrow_right.png;0.13;m;0.36435899999924004;0.3700565999606624;279538.3418266;2.7999631129205227e-06;0.5039919000118971;0.5440021000104025;0.5959333999780938;0.6657013999647461;0.8462533999700099;1.1644183999742381;0;0;1;0;0.01
9;2;12;5;letter181;letter357;congruent;0.04;letter181;0.09;0.07;fullmask;0.25;arrow_left.png;0.13;c;0.28915170003892854;0.2902429000241682;279540.3178845;2.8999638743698597e-06;0.4971324999933131;0.5371516000013798;0.5890098999952897;0.6587815000093542;0.8392984999809414;1.077509899972938;0;0;1;0;0.01
9;2;12;6;letter181;letter357;congruent;0.04;letter357;0.09;0.07;fullmask;0.25;arrow_right.png;0.13;m;0.34761040000012144;0.3500798000022769;279542.3578201;2.800021320581436e-06;0.500799699977506;0.5408100999775343;0.5928710000007413;0.6626443000277504;0.8421637000283226;1.1412255999748595;0;0;1;0;0.01
9;2;12;7;letter181;letter357;congruent;0.04;letter357;0.09;0.07;fullmask;0.25;arrow_right.png;0.13;m;0.3063494999660179;0.31009879999328405;279544.35782;3.0999653972685337e-06;0.4980845999671146;0.538097899989225;0.5901055000140332;0.6598066000151448;0.8403269000118598;1.0984761000145227;0;0;1;0;0.01
9;2;12;8;letter181;letter357;congruent;0.04;letter181;0.09;0.07;fullmask;0.25;arrow_left.png;0.13;c;0.2991939000203274;0.30021170002873987;279546.3418936;2.6999623514711857e-06;0.5029442999511957;0.5429966999799944;0.5949023999855854;0.6646684999577701;0.8451839999761432;1.0933256999705918;0;0;1;0;0.01
9;2;12;9;letter181;letter357;congruent;0.04;letter357;0.09;0.07;fullmask;0.25;arrow_right.png;0.13;m;0.29369130003033206;0.30025020003085956;279548.3178082;2.6999623514711857e-06;0.4981723999953829;0.5381907999981195;0.5902576999505982;0.6601545999874361;0.8395824999897741;1.088577999966219;0;0;1;0;0.01
9;2;12;10;letter181;letter357;congruent;0.04;letter181;0.09;0.07;fullmask;0.25;arrow_left.png;0.13;c;0.3125482000177726;0.32015829998999834;279550.3178063;2.9999646358191967e-06;0.49723749997792765;0.5372732999967411;0.5891776999924332;0.6589517999673262;0.839461499999743;1.1076224999851547;0;0;1;0;0.01
9;2;12;11;letter181;letter357;congruent;0.04;letter181;0.09;0.07;fullmask;0.25;arrow_left.png;0.13;c;0.33336619997862726;0.3401192000019364;279552.3498772;2.8999638743698597e-06;0.49759699997957796;0.5376239999895915;0.5894999000011012;0.6592954999650829;0.8398127999971621;1.1280194999999367;0;0;1;0;0.01
9;2;12;12;letter181;letter357;congruent;0.04;letter181;0.09;0.07;fullmask;0.25;arrow_left.png;0.13;c;0.3203485999838449;0.33013499999651685;279554.3578534;3.100023604929447e-06;0.4977909000008367;0.537821400037501;0.5893620999995619;0.659134500019718;0.839651100046467;1.1181869000429288;0;0;1;0;0.01
9;2;12;13;letter181;letter357;congruent;0.04;letter357;0.09;0.07;fullmask;0.25;arrow_right.png;0.13;m;0.5247254999703728;0.5306041999720037;279556.5738026;2.800021320581436e-06;0.5042448000167497;0.5442598000518046;0.596081200055778;0.6658554000314325;0.8463724000030197;0.9760258000460453;0;0;0;1;0.01
9;2;12;14;letter181;letter357;congruent;0.04;letter181;0.09;0.07;fullmask;0.25;arrow_left.png;0.13;c;0.32739399996353313;0.3302621999755502;279558.3978703;3.2999669201672077e-06;0.5028906000079587;0.5429078000015579;0.59482429997297;0.6645914999535307;0.8451287999632768;1.1232917999732308;0;0;1;0;0.01
9;2;12;15;letter181;letter357;congruent;0.04;letter357;0.09;0.07;fullmask;0.25;arrow_right.png;0.13;m;0.2959438000107184;0.3003580000367947;279560.3978334;2.900022082030773e-06;0.49741190002532676;0.5374258999945596;0.5894186000223272;0.6594821999897249;0.8397474000230432;1.0877646000008099;0;0;1;0;0.01
9;2;12;16;letter181;letter357;congruent;0.04;letter181;0.09;0.07;fullmask;0.25;arrow_left.png;0.13;c;0.3007653999957256;0.31018650002079085;279562.3738374;2.900022082030773e-06;0.49491130001842976;0.5349400999839418;0.5868588000303134;0.6566358000272885;0.8371412000269629;1.095300999993924;0;0;1;0;0.01
9;2;12;17;letter181;letter357;congruent;0.04;letter181;0.09;0.07;fullmask;0.25;arrow_left.png;0.13;c;0.28541899996344;0.2902347999624908;279564.3498023;2.800021320581436e-06;0.5044539000373334;0.5444709000294097;0.5964107000036165;0.6661775000393391;0.8466990000451915;1.0848219000035897;0;0;1;0;0.01
9;2;12;18;letter181;letter357;congruent;0.04;letter357;0.09;0.07;fullmask;0.25;arrow_right.png;0.13;m;0.2961490000016056;0.3002404000144452;279566.3418828;2.800021320581436e-06;0.5039186000358313;0.5439430000260472;0.5959625000250526;0.6656369999982417;0.8461782000376843;1.0943319000070915;0;0;1;0;0.01
9;2;12;19;letter181;letter357;congruent;0.04;letter181;0.09;0.07;fullmask;0.25;arrow_left.png;0.13;c;0.2987977999728173;0.3001295999856666;279568.3258376;2.900022082030773e-06;0.4948978000320494;0.5349281000089832;0.5869524999870919;0.6566264000139199;0.8371439999900758;1.0852782999863848;0;0;1;0;0.01
9;2;12;20;letter181;letter357;congruent;0.04;letter357;0.09;0.07;fullmask;0.25;arrow_right.png;0.13;c;2.667564900009893;2.671916500024963;279572.6857877;2.7999631129205227e-06;0.5032509000157006;0.5432631999719888;0.595197000016924;0.6651034000096843;0.8455310999997891;0.9751856999937445;0;0;0;1;0.01
9;2;12;21;letter181;letter357;congruent;0.04;letter181;0.09;0.07;fullmask;0.25;arrow_left.png;0.13;c;0.3193372000241652;0.320285200024955;279574.7498088;2.5999615900218487e-06;0.4970369999646209;0.5370267999824136;0.5883426999789663;0.6591081999940798;0.8386279999976978;1.1074073999770917;0;0;1;0;0.01
9;2;12;22;letter181;letter357;congruent;0.04;letter181;0.09;0.07;fullmask;0.25;arrow_left.png;0.13;c;0.4054294999805279;0.40991719998419285;279576.8377886;2.900022082030773e-06;0.5040523000061512;0.5440694999997504;0.5959690000163391;0.6657414000364952;0.8462589000118896;0.9759197999956086;0;0;0;1;0.01
9;2;12;23;letter181;letter357;congruent;0.04;letter357;0.09;0.07;fullmask;0.25;arrow_right.png;0.13;m;0.2721741999848746;0.28026249998947605;279578.6058172;3.00002284348011e-06;0.5023735000286251;0.5424009999842383;0.5943420000257902;0.6641127000330016;0.8446305000106804;1.0727333000395447;0;0;1;0;0.01
9;2;12;24;letter181;letter357;congruent;0.04;letter357;0.09;0.07;fullmask;0.25;arrow_right.png;0.13;m;0.29083229997195303;0.30026019999058917;279580.6057866;2.9999646358191967e-06;0.5003299000090919;0.5403478000080213;0.5923235999653116;0.6622337999870069;0.8416606999817304;1.0907031999668106;0;0;1;0;0.01
9;2;12;25;letter181;letter357;congruent;0.04;letter357;0.09;0.07;fullmask;0.25;arrow_right.png;0.13;m;0.2838291999651119;0.290321699983906;279582.5901538;2.7999631129205227e-06;0.5019177999929525;0.5419437999953516;0.5939818999613635;0.6638770999852568;0.8433097999659367;1.0822823999915272;0;0;1;0;0.01
9;2;12;26;letter181;letter357;congruent;0.04;letter357;0.09;0.07;fullmask;0.25;arrow_right.png;0.13;m;0.2804512999719009;0.2903491999604739;279584.5579209;2.900022082030773e-06;0.4958416000008583;0.5358530000085011;0.5877729000058025;0.6575548000400886;0.8380729000200517;1.0762032000347972;0;0;1;0;0.01
9;2;12;27;letter181;letter357;congruent;0.04;letter181;0.09;0.07;fullmask;0.25;arrow_left.png;0.13;c;0.3309400000143796;0.3401956000016071;279586.5897705;2.800021320581436e-06;0.4976140999933705;0.5376370999729261;0.5896347999805585;0.6595817999914289;0.8390128000173718;1.1280247999820858;0;0;1;0;0.01
9;2;12;28;letter181;letter357;congruent;0.04;letter357;0.09;0.07;fullmask;0.25;arrow_right.png;0.13;m;0.313723300001584;0.320153400010895;279588.6137763;2.800021320581436e-06;0.5035692999954335;0.543600500037428;0.5955039000255056;0.6652753000380471;0.8457871000282466;1.1139814000343904;0;0;1;0;0.01
9;2;12;29;letter181;letter357;congruent;0.04;letter357;0.09;0.07;fullmask;0.25;arrow_right.png;0.13;m;0.2944732999894768;0.30026779999025166;279590.6058378;2.800021320581436e-06;0.5044500000076368;0.5444681000080891;0.5963820000179112;0.6661564000532962;0.846694000007119;1.094823700026609;0;0;1;0;0.01
9;2;12;30;letter181;letter357;congruent;0.04;letter357;0.09;0.07;fullmask;0.25;arrow_right.png;0.13;m;0.2672362000448629;0.27032400004100055;279592.5499505;2.800021320581436e-06;0.49724480003351346;0.5372769000241533;0.5892642000108026;0.6589483999996446;0.8395026000216603;1.0576093000127003;0;0;1;0;0.01
9;2;12;31;letter181;letter357;congruent;0.04;letter181;0.09;0.07;fullmask;0.25;arrow_left.png;0.13;c;0.3236049000406638;0.3301346999942325;279594.5577787;3.0999653972685337e-06;0.4969235999742523;0.5369438999914564;0.5891303999815136;0.6589049999602139;0.8384186999755912;1.1173214999726042;0;0;1;0;0.01
9;2;12;32;letter181;letter357;congruent;0.04;letter181;0.09;0.07;fullmask;0.25;arrow_left.png;0.13;c;0.30491930001880974;0.31018390000099316;279596.5497681;2.900022082030773e-06;0.4995880000060424;0.5396194999921136;0.5911711999797262;0.6609399000299163;0.8414596000220627;1.0999794999952428;0;0;1;0;0.01
9;2;12;33;letter181;letter357;congruent;0.04;letter181;0.09;0.07;fullmask;0.25;arrow_left.png;0.13;c;0.2737561000394635;0.2802660000161268;279598.5098255;2.900022082030773e-06;0.4985663000261411;0.5385854999767616;0.5900739000062458;0.6598452000180259;0.8403619999880902;1.0689599000033922;0;0;1;0;0.01
9;2;12;34;letter181;letter357;congruent;0.04;letter181;0.09;0.07;fullmask;0.25;arrow_left.png;0.13;c;0.27023490000283346;0.28021920000901446;279600.4780285;3.00002284348011e-06;0.501106699986849;0.5411238000378944;0.5930483000120148;0.6627289000316523;0.8432690000045113;1.071459099999629;0;0;1;0;0.01
9;2;12;35;letter181;letter357;congruent;0.04;letter357;0.09;0.07;fullmask;0.25;arrow_right.png;0.13;m;0.31676690001040697;0.32016469998052344;279602.4858062;2.9999646358191967e-06;0.4953277999884449;0.5353503999649547;0.5872610000078566;0.6570330999675207;0.8375510000041686;1.1057401999714784;0;0;1;0;0.01
9;2;12;36;letter181;letter357;congruent;0.04;letter181;0.09;0.07;fullmask;0.25;arrow_left.png;0.13;c;0.27545909996842965;0.28026669996324927;279604.4457621;2.800021320581436e-06;0.5023256000131369;0.5423170999856666;0.5941922999918461;0.6639659000211395;0.8444819999858737;1.0726826000027359;0;0;1;0;0.01
9;2;12;37;letter181;letter357;congruent;0.04;letter181;0.09;0.07;fullmask;0.25;arrow_left.png;0.13;c;0.31816610001260415;0.32018400001106784;279606.4298585;3.200024366378784e-06;0.4962828000425361;0.5362978000193834;0.5883141999947838;0.657974700035993;0.8385155000141822;1.1066801000270061;0;0;1;0;0.01
9;2;12;38;letter181;letter357;congruent;0.04;letter181;0.09;0.07;fullmask;0.25;arrow_left.png;0.13;c;0.27478730003349483;0.28016640001442283;279608.3977807;2.8999638743698597e-06;0.49672549997922033;0.5367619000026025;0.588754299969878;0.6584291000035591;0.8389374999678694;1.0670908999745734;0;0;1;0;0.01
9;2;12;39;letter181;letter357;congruent;0.04;letter181;0.09;0.07;fullmask;0.25;arrow_left.png;0.13;c;0.2455953999888152;0.25034089997643605;279610.3097538;2.800021320581436e-06;0.5005583000020124;0.5405703000142239;0.592486200039275;0.662254800030496;0.8428283000248484;0.8428307000431232;0;1;0;0;0.01
9;2;12;40;letter181;letter357;congruent;0.04;letter181;0.09;0.07;fullmask;0.25;arrow_left.png;0.13;c;0.2985888000112027;0.30021310003940016;279612.0938555;2.700020559132099e-06;0.5027682000072673;0.5427872000145726;0.5946817999938503;0.6644535000086762;0.8449731000000611;1.0931599999894388;0;0;1;0;0.01
9;2;12;41;letter181;letter357;congruent;0.04;letter357;0.09;0.07;fullmask;0.25;arrow_right.png;0.13;c;0.25786429998697713;0.2602234000223689;279614.0137586;2.9999646358191967e-06;0.5002892999909818;0.5403136999811977;0.5915594999678433;0.6623208000091836;0.8417529999860562;1.050635699997656;0;0;1;0;0.01
9;2;12;42;letter181;letter357;congruent;0.04;letter357;0.09;0.07;fullmask;0.25;arrow_right.png;0.13;m;0.2875905000255443;0.2900080000399612;279616.1657218;2.9999646358191967e-06;0.4969797999947332;0.5369875999749638;0.5891142999753356;0.658649199991487;0.8391714000026695;1.0773464000085369;0;0;1;0;0.01
9;2;12;43;letter181;letter357;congruent;0.04;letter357;0.09;0.07;fullmask;0.25;arrow_right.png;0.13;c;0.2685168000170961;0.27034220000496134;279618.117791;2.900022082030773e-06;0.4958597999648191;0.5358685000101104;0.5878498000092804;0.6579163999995217;0.8371878999751061;1.0562217999831773;0;0;1;0;0.01
9;2;12;44;letter181;letter357;congruent;0.04;letter357;0.09;0.07;fullmask;0.25;arrow_right.png;0.13;c;0.2549785999581218;0.25932069995906204;279620.2457469;3.100023604929447e-06;0.49872360000154004;0.5387605000287294;0.5908444999950007;0.6606167000136338;0.8401359000126831;1.0491121000377461;0;0;1;0;0.01
9;2;12;45;letter181;letter357;congruent;0.04;letter357;0.09;0.07;fullmask;0.25;arrow_right.png;0.13;m;0.3219768999842927;0.3301684999605641;279622.4540351;3.0999653972685337e-06;0.5020308999810368;0.5420562999788672;0.5940419999533333;0.6637433999567293;0.8442473000031896;1.1224364999798127;0;0;1;0;0.01
9;2;12;46;letter181;letter357;congruent;0.04;letter181;0.09;0.07;fullmask;0.25;arrow_left.png;0.13;c;0.31832500000018626;0.32022400002460927;279624.4617243;2.9999646358191967e-06;0.49719899997580796;0.5372128999442793;0.5892332999501377;0.6591332999523729;0.838570499967318;1.1075809999601915;0;0;1;0;0.01
9;2;12;47;letter181;letter357;congruent;0.04;letter181;0.09;0.07;fullmask;0.25;arrow_left.png;0.13;c;0.2772594999987632;0.2802659999579191;279626.4217471;2.8999638743698597e-06;0.5024776999489404;0.5424950000015087;0.5943181999609806;0.6640871999552473;0.8446034999797121;1.0728690999676473;0;0;1;0;0.01
9;2;12;48;letter181;letter357;congruent;0.04;letter357;0.09;0.07;fullmask;0.25;arrow_right.png;0.13;m;0.2780174999497831;0.2802651999518275;279628.3737808;2.9999646358191967e-06;0.49834170000394806;0.5383609000127763;0.5901768999756314;0.6599450999638066;0.8404620999936014;1.06869009998627;0;0;1;0;0.01
9;2;13;1;letter181;letter357;congruent;0.04;letter181;0.09;0.07;fullmask;0.2;arrow_left.png;0.13;c;0.3264981000102125;0.33017430000472814;279633.6457387;2.800021320581436e-06;0.4967134000035003;0.5367380999960005;0.5886534000164829;0.6584610000136308;0.7881153000053018;1.1171229000319727;0;0;1;0;0.01
9;2;13;2;letter181;letter357;congruent;0.04;letter357;0.09;0.07;fullmask;0.2;arrow_right.png;0.13;m;0.2912494999472983;0.30021659994963557;279635.6218164;2.800021320581436e-06;0.49641810002503917;0.5364322999957949;0.5883763000019826;0.6581489000236616;0.7878012000001036;1.0867855999968015;0;0;1;0;0.01
9;2;13;3;letter181;letter357;congruent;0.04;letter357;0.09;0.07;fullmask;0.2;arrow_right.png;0.13;m;0.26234180002938956;0.2703386000357568;279637.573739;2.7999631129205227e-06;0.5011050999746658;0.5411216999636963;0.5926114000030793;0.662427100003697;0.7930795999709517;1.0614709999645129;0;0;1;0;0.01
9;2;13;4;letter181;letter357;congruent;0.04;letter181;0.09;0.07;fullmask;0.2;arrow_left.png;0.13;c;0.3366482999990694;0.3401298000244424;279639.5897948;2.700020559132099e-06;0.49679760000435635;0.5368230000021867;0.5888133000116795;0.6585108000435866;0.7891300999908708;0.9188114000135101;0;0;0;1;0.01
9;2;13;5;letter181;letter357;congruent;0.04;letter181;0.09;0.07;fullmask;0.2;arrow_left.png;0.13;c;0.34148160001495853;0.35007610003231093;279641.4057306;3.100023604929447e-06;0.49770960002206266;0.5377285000286065;0.5896320000174455;0.6594038000330329;0.7890587000292726;0.9197082000318915;0;0;0;1;0.01
9;2;13;6;letter181;letter357;congruent;0.04;letter357;0.09;0.07;fullmask;0.2;arrow_right.png;0.13;m;0.25420279998797923;0.25936949998140335;279643.149739;2.6999623514711857e-06;0.5000489999656565;0.5400704999919981;0.5920810999814421;0.6619884999818169;0.7915531999897212;1.0503964999807067;0;0;1;0;0.01
9;2;13;7;letter181;letter357;congruent;0.04;letter357;0.09;0.07;fullmask;0.2;arrow_right.png;0.13;m;0.2449748000362888;0.2493992000236176;279645.0617374;3.100023604929447e-06;0.4954402000294067;0.5354634000104852;0.5874683000147343;0.6573745000059716;0.7869393000146374;1.035797399992589;0;0;1;0;0.01
9;2;13;8;letter181;letter357;congruent;0.04;letter357;0.09;0.07;fullmask;0.2;arrow_right.png;0.13;m;0.2744587999768555;0.28041639999719337;279647.0218899;2.800021320581436e-06;0.49500600004103035;0.5350320999859832;0.5864482999895699;0.6563592000165954;0.7869138999958523;1.0653829000075348;0;0;1;0;0.01
9;2;13;9;letter181;letter357;congruent;0.04;letter181;0.09;0.07;fullmask;0.2;arrow_left.png;0.13;c;0.32669519999762997;0.3301814000005834;279649.0457417;2.900022082030773e-06;0.49695870000869036;0.5369702000170946;0.5887269000522792;0.6586376000195742;0.7891961000277661;1.117356100003235;0;0;1;0;0.01
9;2;13;10;letter181;letter357;congruent;0.04;letter181;0.09;0.07;fullmask;0.2;arrow_left.png;0.13;c;0.3071163999848068;0.30945199995767325;279651.037726;2.900022082030773e-06;0.4961007999954745;0.5361243999795988;0.5881323000066914;0.6580416000215337;0.787605200021062;1.0964939999976195;0;0;1;0;0.01
9;2;13;11;letter181;letter357;congruent;0.04;letter357;0.09;0.07;fullmask;0.2;arrow_right.png;0.13;m;0.3159371000365354;0.32016280002426356;279653.037726;2.6999623514711857e-06;0.5047177000087686;0.544743100006599;0.5966221999842674;0.6663958000135608;0.7960541999782436;1.115096299967263;0;0;1;0;0.01
9;2;13;12;letter181;letter357;congruent;0.04;letter181;0.09;0.07;fullmask;0.2;arrow_left.png;0.13;c;0.31650810001883656;0.3202227000147104;279655.0297319;2.600019797682762e-06;0.4982589000137523;0.5382517999969423;0.5902991999755614;0.6602319999947213;0.789783600019291;1.1086356000159867;0;0;1;0;0.01
9;2;13;13;letter181;letter357;congruent;0.04;letter357;0.09;0.07;fullmask;0.2;arrow_right.png;0.13;m;0.24325419997330755;0.24939529999392107;279656.9577272;2.600019797682762e-06;0.5023104000138119;0.5423273000051267;0.5943176000146195;0.6642253000172786;0.7937888000160456;1.0426505000214092;0;0;1;0;0.01
9;2;13;14;letter181;letter357;congruent;0.04;letter181;0.09;0.07;fullmask;0.2;arrow_left.png;0.13;c;0.2687636999762617;0.2703305999748409;279658.9338069;2.800021320581436e-06;0.5039541000151075;0.5439581000246108;0.5952836999786086;0.6659826000104658;0.7956126999924891;1.0643215000163764;0;0;1;0;0.01
9;2;13;15;letter181;letter357;congruent;0.04;letter181;0.09;0.07;fullmask;0.2;arrow_left.png;0.13;c;0.3227613000199199;0.3301324999774806;279660.9497251;2.8999638743698597e-06;0.497288899961859;0.5373151999665424;0.5892631000024267;0.6590387999895029;0.7886907999636605;1.1176943999598734;0;0;1;0;0.01
9;2;13;16;letter181;letter357;congruent;0.04;letter357;0.09;0.07;fullmask;0.2;arrow_right.png;0.13;m;0.341537399974186;0.35006859997520223;279662.9897849;2.800021320581436e-06;0.4978684000088833;0.5378834000439383;0.5898123999941163;0.6595726000377908;0.789227600034792;0.91988240001956;0;0;0;1;0.01
9;2;13;17;letter181;letter357;congruent;0.04;letter357;0.09;0.07;fullmask;0.2;arrow_right.png;0.13;m;0.29250079998746514;0.3003337000263855;279664.7819286;2.9999646358191967e-06;0.5037782999570481;0.5437884999555536;0.5956983999931253;0.6654706999543123;0.7951237999950536;1.0941385999904014;0;0;1;0;0.01
9;2;13;18;letter181;letter357;congruent;0.04;letter357;0.09;0.07;fullmask;0.2;arrow_right.png;0.13;c;0.18921900005079806;0.19054209999740124;279666.6700059;3.100023604929447e-06;0.5036277000326663;0.543652500025928;0.5956460000015795;0.6653186000185087;0.7861911000218242;0.7861991000245325;0;1;0;0;0.01
9;2;13;19;letter181;letter357;congruent;0.04;letter181;0.09;0.07;fullmask;0.2;arrow_left.png;0.13;c;0.35590260004391894;0.360050700022839;279668.5177229;3.200024366378784e-06;0.49663270002929494;0.5366737000294961;0.5885767000145279;0.658348000026308;0.7880056999856606;0.9186539000365883;0;0;0;1;0.01
9;2;13;20;letter181;letter357;congruent;0.04;letter181;0.09;0.07;fullmask;0.2;arrow_left.png;0.13;c;0.31064630002947524;0.3202080000191927;279670.2937186;2.700020559132099e-06;0.494938199990429;0.5349684000248089;0.5869558000122197;0.6568789000157267;0.7863419000059366;1.1053296999889426;0;0;1;0;0.01
9;2;13;21;letter181;letter357;congruent;0.04;letter181;0.09;0.07;fullmask;0.2;arrow_left.png;0.13;m;2.847399700025562;2.851438000041526;279674.821765;3.00002284348011e-06;0.5028723999857903;0.5428985999897122;0.5948923000250943;0.6648003000300378;0.7942774000111967;0.9250744000310078;0;0;0;1;0.01
9;2;13;22;letter181;letter357;congruent;0.04;letter357;0.09;0.07;fullmask;0.2;arrow_right.png;0.13;m;0.3567102999659255;0.3600529999821447;279676.6537859;2.900022082030773e-06;0.5019033999997191;0.5419383000116795;0.593833299994003;0.6636069000232965;0.7932609000126831;0.9239110000198707;0;0;0;1;0.01
9;2;13;23;letter181;letter357;congruent;0.04;letter357;0.09;0.07;fullmask;0.2;arrow_right.png;0.13;c;0.21942350000608712;0.22033250000094995;279678.3577595;2.800021320581436e-06;0.5032030000002123;0.5432162000215612;0.5951978000230156;0.6651165999937803;0.7945260999840684;1.0135293999919668;0;0;1;0;0.01
9;2;13;24;letter181;letter357;congruent;0.04;letter181;0.09;0.07;fullmask;0.2;arrow_left.png;0.13;c;0.3462184999953024;0.3502335000084713;279680.3657886;2.800021320581436e-06;0.5013147999998182;0.5413391999900341;0.5933373000007123;0.663244700001087;0.7928075999952853;0.9234557000454515;0;0;0;1;0.01
9;2;13;25;letter181;letter357;congruent;0.04;letter181;0.09;0.07;fullmask;0.2;arrow_left.png;0.13;c;0.3513447999721393;0.3601312999962829;279682.1819502;2.900022082030773e-06;0.5024582999758422;0.5424845999805257;0.5943469000048935;0.664256900025066;0.7948202000115998;0.9244494999875315;0;0;0;1;0.01
9;2;13;26;letter181;letter357;congruent;0.04;letter181;0.09;0.07;fullmask;0.2;arrow_left.png;0.13;c;0.3097404000000097;0.3100990999955684;279683.9818276;2.700020559132099e-06;0.5039458000101149;0.543976700049825;0.5961089000338688;0.6658730000490323;0.7955251000239514;1.10433900001226;0;0;1;0;0.01
9;2;13;27;letter181;letter357;congruent;0.04;letter357;0.09;0.07;fullmask;0.2;arrow_right.png;0.13;m;0.2545121000148356;0.26031619997229427;279685.9177038;3.00002284348011e-06;0.5012422000290826;0.5412593000219204;0.5932134000468068;0.6629793000174686;0.7926404000027105;1.0515886000357568;0;0;1;0;0.01
9;2;13;28;letter181;letter357;congruent;0.04;letter357;0.09;0.07;fullmask;0.2;arrow_right.png;0.13;m;0.26742879999801517;0.27042150002671406;279687.8617796;3.400025889277458e-06;0.4986287000356242;0.5386483000474982;0.5905196000239812;0.6602919000433758;0.7899502000072971;1.0589931000140496;0;0;1;0;0.01
9;2;13;29;letter181;letter357;congruent;0.04;letter181;0.09;0.07;fullmask;0.2;arrow_left.png;0.13;c;0.30595159996300936;0.31023139995522797;279689.861736;3.300025127828121e-06;0.5048079999978654;0.5448286000173539;0.5968706000130624;0.666545300045982;0.7962292000302114;1.1052015000022948;0;0;1;0;0.01
9;2;13;30;letter181;letter357;congruent;0.04;letter181;0.09;0.07;fullmask;0.2;arrow_left.png;0.13;c;0.34907459997339174;0.3500789999961853;279691.8857614;2.8999638743698597e-06;0.4964820999884978;0.536515399988275;0.5881479999516159;0.6579180999542587;0.7885691999690607;0.9182238999637775;0;0;0;1;0.01
9;2;13;31;letter181;letter357;congruent;0.04;letter357;0.09;0.07;fullmask;0.2;arrow_right.png;0.13;m;0.2516071000136435;0.2603153999662027;279693.6297268;2.8999638743698597e-06;0.4972517999703996;0.5372789999819361;0.5891662999638356;0.6589326999965124;0.7885848999721929;1.0476411000126973;0;0;1;0;0.01
9;2;13;32;letter181;letter357;congruent;0.04;letter181;0.09;0.07;fullmask;0.2;arrow_left.png;0.13;c;0.2863286000210792;0.29031900002155453;279695.6057835;3.1999661587178707e-06;0.4975448999903165;0.537560599972494;0.5895287999883294;0.6592842999962159;0.7889395999955013;1.0779218999668956;0;0;1;0;0.01
9;2;13;33;letter181;letter357;congruent;0.04;letter181;0.09;0.07;fullmask;0.2;arrow_left.png;0.13;c;0.3229754000203684;0.33015290001640096;279697.6137332;2.700020559132099e-06;0.49518550001084805;0.535203300009016;0.5872017000219785;0.6568677000468597;0.7875358000164852;1.1156133000040427;0;0;1;0;0.01
9;2;13;34;letter181;letter357;congruent;0.04;letter357;0.09;0.07;fullmask;0.2;arrow_right.png;0.13;m;0.2656927999923937;0.2702920999727212;279699.5576838;3.300025127828121e-06;0.5022255000076257;0.5422781000379473;0.5941754999803379;0.6639490000088699;0.793600500037428;1.0625979999895208;0;0;1;0;0.01
9;2;13;35;letter181;letter357;congruent;0.04;letter357;0.09;0.07;fullmask;0.2;arrow_right.png;0.13;m;0.25031470000976697;0.25934140000026673;279701.4938407;2.9999646358191967e-06;0.4976893999846652;0.5377027000067756;0.5898984000086784;0.659670399967581;0.7892922000028193;1.048036599997431;0;0;1;0;0.01
9;2;13;36;letter181;letter357;congruent;0.04;letter357;0.09;0.07;fullmask;0.2;arrow_right.png;0.13;m;0.25539629999548197;0.26032599998870865;279703.4297876;2.9999646358191967e-06;0.4950400999514386;0.5350505999522284;0.5868725999607705;0.6566342999576591;0.7871928999666125;1.0454009999521077;0;0;1;0;0.01
9;2;13;37;letter181;letter357;congruent;0.04;letter357;0.09;0.07;fullmask;0.2;arrow_right.png;0.13;m;0.26637940004002303;0.27030169998761266;279705.3817762;2.900022082030773e-06;0.4987531000515446;0.5387924000388011;0.5903221000335179;0.6601165000465699;0.7907685000100173;1.059120200050529;0;0;1;0;0.01
9;2;13;38;letter181;letter357;congruent;0.04;letter357;0.09;0.07;fullmask;0.2;arrow_right.png;0.13;m;0.2526316000148654;0.260367100010626;279707.3097124;2.9999646358191967e-06;0.5016639999812469;0.5416828999877907;0.5936618999694474;0.663534699997399;0.7931321999640204;1.0520220999605954;0;0;1;0;0.01
9;2;13;39;letter181;letter357;congruent;0.04;letter181;0.09;0.07;fullmask;0.2;arrow_left.png;0.13;c;0.323244400031399;0.3300409000366926;279709.3416723;3.200024366378784e-06;0.4987171000102535;0.5387536999769509;0.5907949000247754;0.6604732000268996;0.7901273000170477;1.1191123999888077;0;0;1;0;0.01
9;2;13;40;letter181;letter357;congruent;0.04;letter181;0.09;0.07;fullmask;0.2;arrow_left.png;0.13;c;0.2581237999838777;0.2604660000069998;279711.277772;2.900022082030773e-06;0.5037302999990061;0.543736900028307;0.5957302000024356;0.6657923000166193;0.7951928999973461;1.0541013000183739;0;0;1;0;0.01
9;2;13;41;letter181;letter357;congruent;0.04;letter357;0.09;0.07;fullmask;0.2;arrow_right.png;0.13;c;0.25489979999838397;0.2603242000332102;279713.2056827;3.200024366378784e-06;0.5001284999889322;0.5401587000233121;0.5920090000145137;0.6617821000399999;0.7914346000179648;1.0504704000195488;0;0;1;0;0.01
9;2;13;42;letter181;letter357;congruent;0.04;letter181;0.09;0.07;fullmask;0.2;arrow_left.png;0.13;m;0.25383309996686876;0.26032000000122935;279715.1256796;2.900022082030773e-06;0.4959455000353046;0.5359670000034384;0.587658200005535;0.6574368000146933;0.7880807000328787;1.0463134000310674;0;0;1;0;0.01
9;2;13;43;letter181;letter357;congruent;0.04;letter181;0.09;0.07;fullmask;0.2;arrow_left.png;0.13;c;0.28890970000065863;0.2901976000284776;279717.1018499;2.7999631129205227e-06;0.49864229996455833;0.538678599987179;0.5901838999707252;0.6599234999739565;0.7905663999845274;1.0790382999693975;0;0;1;0;0.01
9;2;13;44;letter181;letter357;congruent;0.04;letter357;0.09;0.07;fullmask;0.2;arrow_right.png;0.13;m;0.2609468000009656;0.27032909996341914;279719.0458378;2.700020559132099e-06;0.4996219000313431;0.5396378000150435;0.5918371999869123;0.6615400000009686;0.7911810000077821;1.0599760999903083;0;0;1;0;0.01
9;2;13;45;letter181;letter357;congruent;0.04;letter181;0.09;0.07;fullmask;0.2;arrow_left.png;0.13;c;0.31779140001162887;0.32016160001512617;279721.0537121;2.700020559132099e-06;0.5011164000025019;0.5411317000398412;0.5930919999955222;0.6628588000312448;0.7925099999993108;1.1115015000104904;0;0;1;0;0.01
9;2;13;46;letter181;letter357;congruent;0.04;letter181;0.09;0.07;fullmask;0.2;arrow_left.png;0.13;c;0.26490569999441504;0.27033939998364076;279722.98166;3.00002284348011e-06;0.49521700001787394;0.5352112000109628;0.5867247999995016;0.6566316999960691;0.7871938000316732;1.0555545000243;0;0;1;0;0.01
9;2;13;47;letter181;letter357;congruent;0.04;letter357;0.09;0.07;fullmask;0.2;arrow_right.png;0.13;m;0.24989500001538545;0.25026410003192723;279724.9177247;2.800021320581436e-06;0.4993143000174314;0.5393356999848038;0.5906628000084311;0.6614561000023969;0.7910860999836586;1.0396645999862812;0;0;1;0;0.01
9;2;13;48;letter181;letter357;congruent;0.04;letter357;0.09;0.07;fullmask;0.2;arrow_right.png;0.13;m;0.2545655000139959;0.26021670002955943;279726.8536868;3.00002284348011e-06;0.5010233000502922;0.5410497999982908;0.5924068000167608;0.6630828000488691;0.7927039000205696;1.0513764000497758;0;0;1;0;0.01
