subjnr;loop_m;blocknr;trialnr;cue_left_learn;cue_right_learn; congruence;cue_dur;cue;SOA;mask_dur;mask;target_dur;target;RW_dur;response;RT;kb_rt;response_absolute; fix_onset;cue_onset;cue_offset;mask_onset;mask_offset;target_offset;blank_onset;response_during_mask;response_during_targetalone;response_during_RW;response_during_blank;frame_dur
3;1;1;1;letter169;letter190;congruent;0.04;letter169;0.05;0.07;fullmask;0.3;arrow_left.png;0;c;0.3690176000000065;0.3699560000004567;4816.2040455;2.6999996407539584e-06;0.4958323000000746;0.5358508999997866;0.5475132000001395;0.6172394000004715;0.8476018999999724;0.8476080000000366;0;0;0;1;0.01
3;1;1;2;letter169;letter190;congruent;0.04;letter190;0.05;0.07;fullmask;0.3;arrow_right.png;0;m;0.3374421999997139;0.34010439999929076;4818.0840391;2.7999994927085936e-06;0.5019266999997853;0.5419490999993286;0.5539534999998068;0.6237244999992981;0.8541090999997323;0.8541151999997965;0;0;0;1;0.01
3;1;1;3;letter169;letter190;congruent;0.04;letter169;0.05;0.07;fullmask;0.3;arrow_left.png;0;c;0.24829529999988154;0.24939539999923;4819.7561051;2.6999996407539584e-06;0.49689070000022184;0.5369070999995529;0.5490038999996614;0.6189090999996552;0.7983984000002238;0.7984005999996953;0;1;0;0;0.01
3;1;1;4;letter169;letter190;congruent;0.04;letter169;0.05;0.07;fullmask;0.3;arrow_left.png;0;c;0.2953053999999611;0.3002408000002106;4821.4841207;2.499999936844688e-06;0.5017323000001852;0.5417520000000877;0.5537685999997848;0.6235661000000619;0.8540140000004612;0.8540183000004617;0;1;0;0;0.01
3;1;1;5;letter169;letter190;congruent;0.04;letter190;0.05;0.07;fullmask;0.3;arrow_right.png;0;m;0.31032580000010057;0.3201576000001296;4823.2600934;2.8000004022032954e-06;0.5024865000004866;0.5424783000007665;0.5543219000001045;0.6240855000005467;0.8544694000001982;0.8544754000004104;0;0;0;1;0.01
3;1;1;6;letter169;letter190;congruent;0.04;letter169;0.05;0.07;fullmask;0.3;arrow_left.png;0;c;0.27576719999979105;0.2801718000000619;4824.9960291;2.499999936844688e-06;0.5022628999995504;0.5422788999994737;0.5534645999996428;0.624139099999411;0.8336350999998103;0.8336371999994299;0;1;0;0;0.01
3;1;1;7;letter169;letter190;congruent;0.04;letter169;0.05;0.07;fullmask;0.3;arrow_left.png;0;c;0.3858633000008922;0.38997180000023945;4826.8280903;2.499999936844688e-06;0.5025062999993679;0.5425361999996312;0.5545836000001145;0.6243588999996064;0.8547418999996808;0.8547479999997449;0;0;0;1;0.01
3;1;1;8;letter169;letter190;congruent;0.04;letter190;0.05;0.07;fullmask;0.3;arrow_right.png;0;m;0.3036528000002363;0.31120580000060727;4828.5563027;2.4000000848900527e-06;0.4946671999996397;0.5346912999993947;0.546007599999939;0.6158719999993991;0.8461589999997159;0.8461794999993799;0;0;0;1;0.01
3;1;1;9;letter169;letter190;congruent;0.04;letter169;0.05;0.07;fullmask;0.3;arrow_left.png;0;c;0.2975957999997263;0.30020989999957237;4830.2920937;2.499999936844688e-06;0.49445230000037554;0.5344740000000456;0.5465229999999792;0.6162924000000203;0.8467338999998901;0.8467360000004192;0;1;0;0;0.01
3;1;1;10;letter169;letter190;congruent;0.04;letter190;0.05;0.07;fullmask;0.3;arrow_right.png;0;m;0.3323705000002519;0.34008799999992334;4832.0680282;2.600000698294025e-06;0.498993000000155;0.539019300000291;0.5510991000001013;0.6208771000001434;0.8512364000007437;0.8512430000000677;0;0;0;1;0.01
3;1;1;11;letter169;letter190;congruent;0.04;letter190;0.05;0.07;fullmask;0.3;arrow_right.png;0;c;0.17621369999960734;0.18044000000008964;4833.6920868;2.5000008463393897e-06;0.500707400000465;0.5407285999999658;0.5518795000007231;0.62255660000028;0.7323184000006222;0.7323204000003898;0;1;0;0;0.01
3;1;1;12;letter169;letter190;congruent;0.04;letter190;0.05;0.07;fullmask;0.3;arrow_right.png;0;m;0.30809079999926325;0.31033079999997426;4835.6360994;2.3000002329354174e-06;0.495256000000154;0.535276800000247;0.5474076000000423;0.6173121000001629;0.8476024999999936;0.8476223999996364;0;0;0;1;0.01
3;1;1;13;letter169;letter190;congruent;0.04;letter190;0.05;0.07;fullmask;0.3;arrow_right.png;0;m;0.2630589999998847;0.26944749999984197;4837.3320311;2.8000004022032954e-06;0.503313100000014;0.5433311000006142;0.5553051000006235;0.6251542999998492;0.8247535000000425;0.8247557000004235;0;1;0;0;0.01
3;1;1;14;letter169;letter190;congruent;0.04;letter169;0.05;0.07;fullmask;0.3;arrow_left.png;0;c;0.3599043999993228;0.37002189999930124;4839.1400569;2.6999996407539584e-06;0.5007070000001477;0.5407403999997769;0.5527668000004269;0.6225370000001931;0.8529245999998238;0.852930699999888;0;0;0;1;0.01
3;1;1;15;letter169;letter190;congruent;0.04;letter169;0.05;0.07;fullmask;0.3;arrow_left.png;0;c;0.38956230000076175;0.3908389000007446;4840.9800117;2.499999936844688e-06;0.5002528000004531;0.540285899999617;0.5514525999997204;0.6220868999998856;0.8524739000004047;0.8524800000004689;0;0;0;1;0.01
3;1;1;16;letter169;letter190;congruent;0.04;letter169;0.05;0.07;fullmask;0.3;arrow_left.png;0;c;0.3614466999997603;0.3700696000005337;4842.7640212;2.4000000848900527e-06;0.49976189999961207;0.5397880000000441;0.5519263999995019;0.6218337000000247;0.8511273999993136;0.8511337999998432;0;0;0;1;0.01
3;1;1;17;letter169;letter190;congruent;0.04;letter190;0.05;0.07;fullmask;0.3;arrow_right.png;0;m;0.297270899999603;0.30025909999949363;4844.5001501;2.499999936844688e-06;0.5001595000003363;0.540193900000304;0.5514787000001888;0.6213825000004363;0.8517369000001054;0.8517389000007825;0;1;0;0;0.01
3;1;1;18;letter169;letter190;congruent;0.04;letter169;0.05;0.07;fullmask;0.3;arrow_left.png;0;c;0.3734285999998974;0.38003110000045126;4846.3082557;2.499999936844688e-06;0.49788059999991674;0.5379368000003524;0.5500503000002936;0.6197450999998182;0.8501163999999335;0.8501225999998496;0;0;0;1;0.01
3;1;1;19;letter169;letter190;congruent;0.04;letter190;0.05;0.07;fullmask;0.3;arrow_right.png;0;m;0.31416449999960605;0.32015789999968547;4848.0600531;2.4000000848900527e-06;0.5034797999996954;0.5434958999994706;0.5555266000001211;0.625299499999528;0.8556843999995181;0.8556902999998783;0;0;0;1;0.01
3;1;1;20;letter169;letter190;congruent;0.04;letter190;0.05;0.07;fullmask;0.3;arrow_right.png;0;c;0.17909570000028907;0.17945589999999356;4849.6760765;2.3000002329354174e-06;0.5042065999996339;0.5442296000001079;0.5562347999994017;0.6260068000001411;0.7356918999994377;0.7356939000001148;0;1;0;0;0.01
3;1;1;21;letter169;letter190;congruent;0.04;letter190;0.05;0.07;fullmask;0.3;arrow_right.png;0;m;0.3117357000000993;0.3202041000004101;4851.6200177;2.4000000848900527e-06;0.4966801000000487;0.53669600000012;0.5488359000000855;0.6187414999994871;0.8480383999994956;0.8480444999995598;0;0;0;1;0.01
3;1;1;22;letter169;letter190;congruent;0.04;letter169;0.05;0.07;fullmask;0.3;arrow_left.png;0;c;0.3107752999994773;0.3202024000001984;4853.3801699;2.499999936844688e-06;0.5040394999996352;0.5440558000000237;0.5561874000004536;0.6258888000002116;0.8562347999995836;0.856254500000432;0;0;0;1;0.01
3;1;1;23;letter169;letter190;congruent;0.04;letter169;0.05;0.07;fullmask;0.3;arrow_left.png;0;m;0.2843097000004491;0.2902970000004643;4855.124033;2.499999936844688e-06;0.4987787999998545;0.5388203999991674;0.5501226999995197;0.6200261999993018;0.8404190999999628;0.8404215000000477;0;1;0;0;0.01
3;1;1;24;letter169;letter190;congruent;0.04;letter190;0.05;0.07;fullmask;0.3;arrow_right.png;0;m;0.28827779999937775;0.28927309999926365;4857.0600803;2.599999788799323e-06;0.4969742999992377;0.5369958000001134;0.5491437000000587;0.6189123999993171;0.8384161999993012;0.8384181999999782;0;1;0;0;0.01
3;1;1;25;letter169;letter190;congruent;0.04;letter190;0.05;0.07;fullmask;0.3;arrow_right.png;0.13;m;0.7489014000002499;0.75001070000053;4906.3321021;2.599999788799323e-06;0.4997925999996369;0.5398010999997496;0.5520035999998072;0.6218672000004517;0.8511619000000792;0.9818102999997791;0;0;0;1;0.01
3;1;1;26;letter169;letter190;congruent;0.04;letter190;0.05;0.07;fullmask;0.3;arrow_right.png;0.13;m;0.5576559999999517;0.5605131000002075;4908.3319952;2.5000008463393897e-06;0.5047793000003367;0.5447995000004084;0.5567312000002858;0.6265017000005173;0.8568881000001056;0.9865389000005962;0;0;0;1;0.01
3;1;1;27;letter169;letter190;congruent;0.04;letter190;0.05;0.07;fullmask;0.3;arrow_right.png;0.13;m;0.2762173000000985;0.2801853000000847;4910.0520448;2.8000004022032954e-06;0.5026155000005019;0.5426390000002357;0.5547760000008566;0.6244751000003816;0.8349570000000313;0.8349599000002854;0;1;0;0;0.01
3;1;1;28;letter169;letter190;congruent;0.04;letter169;0.05;0.07;fullmask;0.3;arrow_left.png;0.13;m;0.6510772000001452;0.6602927000003547;4912.1479805;2.4000000848900527e-06;0.5008281000000352;0.5408410000000003;0.5529436999995596;0.6228473999999551;0.8521470999994563;0.9827982999995584;0;0;0;1;0.01
3;1;1;29;letter169;letter190;congruent;0.04;letter169;0.05;0.07;fullmask;0.3;arrow_left.png;0.13;c;0.42984550000073796;0.43980980000014824;4914.2280606;2.499999936844688e-06;0.5005983000000924;0.5406292000006943;0.5525603000005503;0.6223259000007602;0.85269050000079;0.98226700000032;0;0;0;1;0.01
3;1;1;30;letter169;letter190;congruent;0.04;letter169;0.05;0.07;fullmask;0.3;arrow_left.png;0.13;c;0.5886525999994774;0.5905049999992116;4916.2681973;2.499999936844688e-06;0.49807419999979174;0.5380975999996735;0.5501507999997557;0.6199249999999665;0.8503057999996599;0.9799594999994952;0;0;0;1;0.01
3;1;1;31;letter169;letter190;congruent;0.04;letter190;0.05;0.07;fullmask;0.3;arrow_right.png;0.13;m;0.2613688000001275;0.2704367000005732;4918.0523114;2.499999936844688e-06;0.49929619999966235;0.5393268999996508;0.5514233000003514;0.6213276999997106;0.8218682999995508;0.8218753000001016;0;1;0;0;0.01
3;1;1;32;letter169;letter190;congruent;0.04;letter190;0.05;0.07;fullmask;0.3;arrow_right.png;0.13;m;0.3440184000000954;0.35007690000020375;4919.8359972;2.70000055024866e-06;0.49678290000065317;0.5368084000001545;0.5488409000008687;0.6185079000006226;0.8489958000000115;1.0971629000005123;0;0;1;0;0.01
3;1;1;33;letter169;letter190;congruent;0.04;letter190;0.05;0.07;fullmask;0.3;arrow_right.png;0.13;m;0.3608551000006628;0.370025700000042;4921.8439919;2.499999936844688e-06;0.5026957999998558;0.5427196000000549;0.5546323999997185;0.6244056999994427;0.8547934999996869;1.1230938999997306;0;0;1;0;0.01
3;1;1;34;letter169;letter190;congruent;0.04;letter190;0.05;0.07;fullmask;0.3;arrow_right.png;0.13;m;0.2953568000002633;0.29925939999975526;4923.7799886;2.599999788799323e-06;0.5015374999993583;0.5415356999992582;0.5536683000000266;0.6234826999998404;0.8529271999996126;0.8529292999992322;0;1;0;0;0.01
3;1;1;35;letter169;letter190;congruent;0.04;letter169;0.05;0.07;fullmask;0.3;arrow_left.png;0.13;c;0.6343675999996776;0.6402105999995911;4925.8600768;2.4000000848900527e-06;0.5030788000003668;0.5430951000007553;0.5551930999999968;0.624886399999923;0.855257199999869;0.9849248000000443;0;0;0;1;0.01
3;1;1;36;letter169;letter190;congruent;0.04;letter190;0.05;0.07;fullmask;0.3;arrow_right.png;0.13;m;0.5273244999998496;0.5306486999998015;4927.8439781;2.499999936844688e-06;0.5014829000001555;0.5415149999998903;0.5531975000003513;0.6229707000002236;0.8533549000003404;0.983057700000245;0;0;0;1;0.01
3;1;1;37;letter169;letter190;congruent;0.04;letter169;0.05;0.07;fullmask;0.3;arrow_left.png;0.13;c;0.4498422999995455;0.45978699999977835;4929.7480915;2.600000698294025e-06;0.5011776999999711;0.5411995000004026;0.5532152000005226;0.6229886000000988;0.8533734000002369;0.9830273000006855;0;0;0;1;0.01
3;1;1;38;letter169;letter190;congruent;0.04;letter169;0.05;0.07;fullmask;0.3;arrow_left.png;0.13;c;0.35839130000022124;0.3600540999996156;4931.5479868;2.600000698294025e-06;0.5010621000001265;0.5410666000007041;0.5532118000000992;0.6229847000004156;0.8523732000003292;1.1114555000003747;0;0;1;0;0.01
3;1;1;39;letter169;letter190;congruent;0.04;letter190;0.05;0.07;fullmask;0.3;arrow_right.png;0.13;m;0.5153067999999621;0.5197527999998783;4933.7160677;2.499999936844688e-06;0.4970528000003469;0.5370671999999104;0.5490871000001789;0.618882400000075;0.8492340000002514;0.9789145000004282;0;0;0;1;0.01
3;1;1;40;letter169;letter190;congruent;0.04;letter169;0.05;0.07;fullmask;0.3;arrow_left.png;0.13;c;0.26594120000027033;0.2692941000004794;4935.4279834;2.4000000848900527e-06;0.5029402999998638;0.5429706000004444;0.5550051999998686;0.6247793000002275;0.8243006000002424;0.82430260000001;0;1;0;0;0.01
3;1;1;41;letter169;letter190;congruent;0.04;letter169;0.05;0.07;fullmask;0.3;arrow_left.png;0.13;c;0.5568139999995765;0.5594863999995141;4937.42005;2.6999996407539584e-06;0.4974992999996175;0.5375309000000925;0.5496571999992739;0.6195631999999023;0.848863899999742;0.979514300000119;0;0;0;1;0.01
3;1;1;42;letter169;letter190;congruent;0.04;letter169;0.05;0.07;fullmask;0.3;arrow_left.png;0.13;m;0.2994939999998678;0.3102340000004915;4939.1639878;2.8000004022032954e-06;0.5003678000002765;0.540390699999989;0.5525030000007973;0.6224101000007067;0.8517072000004191;1.060739000000467;0;0;1;0;0.01
3;1;1;43;letter169;letter190;congruent;0.04;letter169;0.05;0.07;fullmask;0.3;arrow_left.png;0.13;c;0.518027200000688;0.5194954000007783;4941.5239791;2.599999788799323e-06;0.49712279999948805;0.5371656999996048;0.5493434999998499;0.6189868999999817;0.8493829999997615;0.9790274999995745;0;0;0;1;0.01
3;1;1;44;letter169;letter190;congruent;0.04;letter190;0.05;0.07;fullmask;0.3;arrow_right.png;0.13;m;0.5330431000002136;0.5406407000000399;4943.5001884;2.499999936844688e-06;0.4965100999997958;0.5365348000004815;0.5486755000001722;0.6183694000001196;0.848749100000532;0.9783885000006194;0;0;0;1;0.01
3;1;1;45;letter169;letter190;congruent;0.04;letter169;0.05;0.07;fullmask;0.3;arrow_left.png;0.13;c;0.2716840000002776;0.28026580000005197;4945.2199791;2.599999788799323e-06;0.4982549000005747;0.5382669000000533;0.5502803999997923;0.6200527999999395;0.8305474999997386;0.8305496000002677;0;1;0;0;0.01
3;1;1;46;letter169;letter190;congruent;0.04;letter169;0.05;0.07;fullmask;0.3;arrow_left.png;0.13;c;0.5184854999997697;0.5196684000002278;4947.1879899;2.8000004022032954e-06;0.49726690000079543;0.5372909000006985;0.5494068000007246;0.6193143000000418;0.8486071000006632;0.979263300000639;0;0;0;1;0.01
3;1;1;47;letter169;letter190;congruent;0.04;letter190;0.05;0.07;fullmask;0.3;arrow_right.png;0.13;m;0.2941848000000391;0.30025800000021263;4948.9240191;2.499999936844688e-06;0.504326399999627;0.5443545999996786;0.5555298999997831;0.6264296999997896;0.8557872999999745;0.855789499999446;0;1;0;0;0.01
3;1;1;48;letter169;letter190;congruent;0.04;letter190;0.05;0.07;fullmask;0.3;arrow_right.png;0.13;m;0.4943046999997023;0.499793399999362;4950.8761021;2.599999788799323e-06;0.5000609999997323;0.5400747000003321;0.5521011000000726;0.6218890999998621;0.8522474999999758;0.9819244999998773;0;0;0;1;0.01
3;1;2;1;letter169;letter190;congruent;0.04;letter190;0.05;0.07;fullmask;0.25;arrow_right.png;0.13;m;0.5890836999997191;0.5905227999992348;4969.5719601;2.499999936844688e-06;0.4996655000004466;0.5396824999997989;0.5508388999996896;0.6217821999998705;0.8012114000002839;0.9318634999999631;0;0;0;1;0.01
3;1;2;2;letter169;letter190;congruent;0.04;letter190;0.05;0.07;fullmask;0.25;arrow_right.png;0.13;c;0.25578330000007554;0.2601352000001498;4971.2599517;2.499999936844688e-06;0.4953138000000763;0.5353205999999773;0.5464732999998887;0.6172303999992437;0.7976610999994591;1.0056343999995079;0;0;1;0;0.01
3;1;2;3;letter169;letter190;congruent;0.04;letter169;0.05;0.07;fullmask;0.25;arrow_left.png;0.13;c;0.31409979999989446;0.32007900000007794;4973.4199957;2.499999936844688e-06;0.5024196999993364;0.5424979999997959;0.5539729999991323;0.6237457999995968;0.8041681999993671;1.072805399999197;0;0;1;0;0.01
3;1;2;4;letter169;letter190;congruent;0.04;letter169;0.05;0.07;fullmask;0.25;arrow_left.png;0.13;c;0.3562857000006261;0.3600506000002497;4975.4439613;2.70000055024866e-06;0.5042744000002131;0.5443258000004789;0.5563223999997717;0.6260958000002574;0.8056174000003011;1.114661000000524;0;0;1;0;0.01
3;1;2;5;letter169;letter190;congruent;0.04;letter169;0.05;0.07;fullmask;0.25;arrow_left.png;0.13;c;0.37508619999971415;0.3799998999993477;4977.4440377;2.499999936844688e-06;0.4974478000003728;0.5374501000005694;0.5494888000002902;0.619263100000353;0.798782900000333;1.1278397000005498;0;0;1;0;0.01
3;1;2;6;letter169;letter190;congruent;0.04;letter190;0.05;0.07;fullmask;0.25;arrow_right.png;0.13;m;0.3499877000003835;0.3600516000005882;4979.4200621;2.499999936844688e-06;0.49668930000007094;0.5367090999998254;0.5485797000001185;0.6183517999998003;0.7988693000006606;1.1070770000005723;0;0;1;0;0.01
3;1;2;7;letter169;letter190;congruent;0.04;letter190;0.05;0.07;fullmask;0.25;arrow_right.png;0.13;m;0.32444930000019667;0.3301658000000316;4981.4360987;2.499999936844688e-06;0.49839760000031674;0.5384180000000924;0.5505538000006709;0.620249500000682;0.7997587999998359;1.0787663999999495;0;0;1;0;0.01
3;1;2;8;letter169;letter190;congruent;0.04;letter190;0.05;0.07;fullmask;0.25;arrow_right.png;0.13;m;0.27387199999975564;0.2802670000000944;4983.355946;2.4000000848900527e-06;0.4986658999996507;0.5386867999995957;0.5499936999995043;0.6207657999993899;0.8002856999992218;1.029043300000012;0;0;1;0;0.01
3;1;2;9;letter169;letter190;congruent;0.04;letter169;0.05;0.07;fullmask;0.25;arrow_left.png;0.13;c;0.3118764000000738;0.32020379999994475;4985.3159501;2.600000698294025e-06;0.49952030000076775;0.539537399999972;0.5515990000003512;0.6215018000002601;0.8009380000003148;1.069882200000393;0;0;1;0;0.01
3;1;2;10;letter169;letter190;congruent;0.04;letter169;0.05;0.07;fullmask;0.25;arrow_left.png;0.13;c;0.3586526999997659;0.3600877999997465;4987.3239566;2.9000002541579306e-06;0.5019969000004494;0.5420254000000568;0.5540304000005563;0.6240909000007377;0.8033543000001373;1.112375300000167;0;0;1;0;0.01
3;1;2;11;letter169;letter190;congruent;0.04;letter190;0.05;0.07;fullmask;0.25;arrow_right.png;0.13;m;0.25541160000011587;0.25936730000012176;4989.2119841;2.9000002541579306e-06;0.498654500000157;0.538672000000588;0.5506924999999683;0.6205948000006174;0.8000277999999525;1.0089886000005208;0;0;1;0;0.01
3;1;2;12;letter169;letter190;congruent;0.04;letter169;0.05;0.07;fullmask;0.25;arrow_left.png;0.13;c;0.2662552000001597;0.2704142000002321;4991.1240305;2.6999996407539584e-06;0.49744339999961085;0.5374666999996407;0.5494683999995686;0.6192579999997179;0.7997734000000492;1.0178003999999419;0;0;1;0;0.01
3;1;2;13;letter169;letter190;congruent;0.04;letter190;0.05;0.07;fullmask;0.25;arrow_right.png;0.13;m;0.28373759999976755;0.29023719999986497;4993.0519542;2.599999788799323e-06;0.49494079999931273;0.5349568000001454;0.5461580999999569;0.6169282000000749;0.7964479000002029;1.0352702999998655;0;0;1;0;0.01
3;1;2;14;letter169;letter190;congruent;0.04;letter190;0.05;0.07;fullmask;0.25;arrow_right.png;0.13;m;0.2859158999999636;0.29024070000014035;4994.9960231;2.599999788799323e-06;0.5003239999996367;0.54035709999971;0.552204200000233;0.6219843999997465;0.8024957999996332;1.0406661999995777;0;0;1;0;0.01
3;1;2;15;letter169;letter190;congruent;0.04;letter169;0.05;0.07;fullmask;0.25;arrow_left.png;0.13;c;0.44840879999992467;0.4498140000005151;4997.0999525;2.600000698294025e-06;0.501400800000738;0.5414045000006809;0.5534551999999167;0.6232315000006565;0.8027492000001075;0.9334023999999772;0;0;0;1;0.01
3;1;2;16;letter169;letter190;congruent;0.04;letter190;0.05;0.07;fullmask;0.25;arrow_right.png;0.13;m;0.2592645000004268;0.26035349999983737;4998.8120262;2.5000008463393897e-06;0.4977286000003005;0.5377375000007305;0.5497846000007485;0.6195730000008552;0.8000892000000022;1.0080608000007487;0;0;1;0;0.01
3;1;2;17;letter169;letter190;congruent;0.04;letter190;0.05;0.07;fullmask;0.25;arrow_right.png;0.13;c;0.23803140000018175;0.23937740000019403;5000.6919848;2.599999788799323e-06;0.49729000000024826;0.5373055999998542;0.5493157000000792;0.6190937999999733;0.7886943000003157;0.7886964999997872;0;1;0;0;0.01
3;1;2;18;letter169;letter190;congruent;0.04;letter190;0.05;0.07;fullmask;0.25;arrow_right.png;0.13;m;0.32694770000034623;0.3300381999997626;5002.6519851;2.4000000848900527e-06;0.501248200000191;0.5412746000001789;0.5531675000001997;0.6228472000002512;0.8033641000001808;1.0816328000000794;0;0;1;0;0.01
3;1;2;19;letter169;letter190;congruent;0.04;letter190;0.05;0.07;fullmask;0.25;arrow_right.png;0.13;m;0.29033260000051087;0.2911371999998664;5004.5959154;2.7999994927085936e-06;0.5041008999996848;0.5441227999999683;0.5553042999999889;0.6259750999997777;0.8054920999993556;1.0444510999996055;0;0;1;0;0.01
3;1;2;20;letter169;letter190;congruent;0.04;letter169;0.05;0.07;fullmask;0.25;arrow_left.png;0.13;c;0.3021713999996791;0.3101167999993777;5006.5399736;2.599999788799323e-06;0.4966900999997961;0.5367136999993818;0.5488706999994974;0.6185654000000795;0.7980902999997852;1.057054299999436;0;0;1;0;0.01
3;1;2;21;letter169;letter190;congruent;0.04;letter169;0.05;0.07;fullmask;0.25;arrow_left.png;0.13;c;0.301025199999458;0.31018609999955515;5008.4999487;2.499999936844688e-06;0.5026286000002074;0.5426321000004464;0.5546424000003753;0.6244161000004169;0.803939100000207;1.0629723000001832;0;0;1;0;0.01
3;1;2;22;letter169;letter190;congruent;0.04;letter169;0.05;0.07;fullmask;0.25;arrow_left.png;0.13;c;0.3097810999997819;0.310201600000255;5010.4600032;2.4000000848900527e-06;0.5025723999997354;0.5425936999999976;0.5546531999998479;0.6245563000002221;0.8039880999995148;1.0629390000003696;0;0;1;0;0.01
3;1;2;23;letter169;letter190;congruent;0.04;letter169;0.05;0.07;fullmask;0.25;arrow_left.png;0.13;c;0.31341039999915665;0.32120319999921776;5012.4040018;2.8000004022032954e-06;0.49728529999993043;0.5373138000004474;0.5484869000001709;0.6193872000003466;0.7988214999995762;1.0676500999998098;0;0;1;0;0.01
3;1;2;24;letter169;letter190;congruent;0.04;letter169;0.05;0.07;fullmask;0.25;arrow_left.png;0.13;c;0.7211305000000721;0.7301014000004216;5014.7639375;2.599999788799323e-06;0.4983769000000393;0.5384014999999636;0.5505408999997599;0.6204385000000912;0.799875400000019;0.9305082999999286;0;0;0;1;0.01
3;1;2;25;letter169;letter190;congruent;0.04;letter190;0.05;0.07;fullmask;0.25;arrow_right.png;0.13;m;0.3359796999993705;0.34024369999951887;5016.5400162;2.599999788799323e-06;0.4987106999997195;0.5387291999995796;0.5506982999995671;0.6205935999996655;0.8010146999995413;1.0890803000002052;0;0;1;0;0.01
3;1;2;26;letter169;letter190;congruent;0.04;letter169;0.05;0.07;fullmask;0.25;arrow_left.png;0.13;c;0.29664749999938067;0.3002096000000165;5018.4920059;2.599999788799323e-06;0.49878889999945386;0.5388225999995484;0.5508352999995623;0.6206044999998994;0.8001267999998163;1.0491290999998455;0;0;1;0;0.01
3;1;2;27;letter169;letter190;congruent;0.04;letter169;0.05;0.07;fullmask;0.25;arrow_left.png;0.13;m;0.21123910000005708;0.21947280000040337;5020.3479497;2.499999936844688e-06;0.5044670999996015;0.5444664999995439;0.5566024999998263;0.6265069000000949;0.776074499999595;0.776076699999976;0;1;0;0;0.01
3;1;2;28;letter169;letter190;congruent;0.04;letter190;0.05;0.07;fullmask;0.25;arrow_right.png;0.13;m;0.3501553000005515;0.36020019999978103;5022.3480679;2.70000055024866e-06;0.49713510000037786;0.5371627000004082;0.5493016000000353;0.6191951000000699;0.7986287000003358;1.107545900000332;0;0;1;0;0.01
3;1;2;29;letter169;letter190;congruent;0.04;letter169;0.05;0.07;fullmask;0.25;arrow_left.png;0.13;c;0.3411346000002595;0.35017510000034235;5024.3399958;2.499999936844688e-06;0.5044815000001108;0.5445078000002468;0.5562911000006352;0.6260573999998087;0.8065811000005851;1.1048592000006465;0;0;1;0;0.01
3;1;2;30;letter169;letter190;congruent;0.04;letter169;0.05;0.07;fullmask;0.25;arrow_left.png;0.13;c;0.2617129999998724;0.27028950000021723;5026.2519942;2.6999996407539584e-06;0.4979412000002412;0.5379443000001629;0.5498861999994915;0.6196580999994694;0.8001745999999912;1.0182659000001877;0;0;1;0;0.01
3;1;2;31;letter169;letter190;congruent;0.04;letter190;0.05;0.07;fullmask;0.25;arrow_right.png;0.13;m;0.3123749999995198;0.3201593999992838;5028.203936;2.4000000848900527e-06;0.5031817999997656;0.5432031000000279;0.5551966000002722;0.6249714000005042;0.8044909000000189;1.0735420999999405;0;0;1;0;0.01
3;1;2;32;letter169;letter190;congruent;0.04;letter169;0.05;0.07;fullmask;0.25;arrow_left.png;0.13;c;0.2619332000003851;0.2702004000002489;5030.1239334;2.499999936844688e-06;0.5040116000000125;0.5440324999999575;0.5551992999999129;0.6258741000001464;0.8053960000006555;1.024329900000339;0;0;1;0;0.01
3;1;2;33;letter169;letter190;congruent;0.04;letter169;0.05;0.07;fullmask;0.25;arrow_left.png;0.13;c;0.2679036999998061;0.2703387000001385;5032.0520172;2.599999788799323e-06;0.5023425999997926;0.5423627000000124;0.5544224999994185;0.6241205999995145;0.8046520999996574;1.0226990000001024;0;0;1;0;0.01
3;1;2;34;letter169;letter190;congruent;0.04;letter190;0.05;0.07;fullmask;0.25;arrow_right.png;0.13;m;0.27454760000000533;0.28024569999979576;5033.9799241;2.599999788799323e-06;0.5012362999996185;0.5412243999999191;0.5533036999995602;0.6230581999998321;0.8025798999997278;1.0315499999996973;0;0;1;0;0.01
3;1;2;35;letter169;letter190;congruent;0.04;letter190;0.05;0.07;fullmask;0.25;arrow_right.png;0.13;m;0.3073954000001322;0.31018440000025294;5035.9239679;2.599999788799323e-06;0.4966485000004468;0.5366586999998617;0.5487051000000065;0.6184786000003442;0.7979968999998164;1.0569729999997435;0;0;1;0;0.01
3;1;2;36;letter169;letter190;congruent;0.04;letter190;0.05;0.07;fullmask;0.25;arrow_right.png;0.13;m;0.3641107000003103;0.37002490000031685;5037.9319389;2.599999788799323e-06;0.49431430000004184;0.5343386999993527;0.5463876999992863;0.6161615999999412;0.7956826999998157;1.114713999999367;0;0;1;0;0.01
3;1;2;37;letter169;letter190;congruent;0.04;letter190;0.05;0.07;fullmask;0.25;arrow_right.png;0.13;m;0.27483590000065306;0.28029420000075334;5039.8440441;2.599999788799323e-06;0.49649909999970987;0.5365038999998433;0.5486628999997265;0.6183539000003293;0.7988752999999633;1.0268298000000868;0;0;1;0;0.01
3;1;2;38;letter169;letter190;congruent;0.04;letter169;0.05;0.07;fullmask;0.25;arrow_left.png;0.13;c;0.3723129999998491;0.38090980000015406;5041.8519461;2.499999936844688e-06;0.5006864999995742;0.5407126000000062;0.5520562000001519;0.6228185999998459;0.8023388999999952;1.131092599999647;0;0;1;0;0.01
3;1;2;39;letter169;letter190;congruent;0.04;letter169;0.05;0.07;fullmask;0.25;arrow_left.png;0.13;c;0.39038239999990765;0.39994650000062393;5043.8919497;2.8000004022032954e-06;0.49679720000040106;0.5368294999998398;0.5487952000003133;0.6185684000001856;0.7980893000003562;0.9287387000003946;0;0;0;1;0.01
3;1;2;40;letter169;letter190;congruent;0.04;letter169;0.05;0.07;fullmask;0.25;arrow_left.png;0.13;c;0.2970444000002317;0.30035339999994903;5045.6199275;2.499999936844688e-06;0.496503099999245;0.5365225999994436;0.5486560999997891;0.6185629999999946;0.7979919999997946;1.0468633999998929;0;0;1;0;0.01
3;1;2;41;letter169;letter190;congruent;0.04;letter190;0.05;0.07;fullmask;0.25;arrow_right.png;0.13;m;0.31291160000000673;0.3213012999995044;5047.5561047;2.600000698294025e-06;0.49934639999992214;0.5393684000000576;0.5505628000000797;0.6214657999998963;0.8008921999999075;1.069698199999948;0;0;1;0;0.01
3;1;2;42;letter169;letter190;congruent;0.04;letter169;0.05;0.07;fullmask;0.25;arrow_left.png;0.13;c;0.3290787999994791;0.33004449999953067;5049.5239845;2.499999936844688e-06;0.49662139999963983;0.536637499999415;0.5483017999995354;0.618069999999534;0.798499699999411;1.0772390000001906;0;0;1;0;0.01
3;1;2;43;letter169;letter190;congruent;0.04;letter190;0.05;0.07;fullmask;0.25;arrow_right.png;0.13;m;0.30149009999968257;0.31018370000037976;5051.4680228;2.4000000848900527e-06;0.5030083999999988;0.542993099999876;0.5550255999996807;0.624801099999786;0.8043219000001045;1.0633440999999948;0;0;1;0;0.01
3;1;2;44;letter169;letter190;congruent;0.04;letter190;0.05;0.07;fullmask;0.25;arrow_right.png;0.13;m;0.4170467000003555;0.42088890000013635;5053.5239591;2.499999936844688e-06;0.49644439999974566;0.5364640999996482;0.5476158000001305;0.6183909000001222;0.7979089000000386;0.9285468999996738;0;0;0;1;0.01
3;1;2;45;letter169;letter190;congruent;0.04;letter169;0.05;0.07;fullmask;0.25;arrow_left.png;0.13;c;0.22689319999972213;0.2294339999998556;5055.1959737;4.5000006139162e-06;0.4987505000008241;0.5387698000004093;0.5508975000002465;0.6205797000002349;0.7803343000005043;0.7803409000007377;0;1;0;0;0.01
3;1;2;46;letter169;letter190;congruent;0.04;letter190;0.05;0.07;fullmask;0.25;arrow_right.png;0.13;m;0.29823820000001433;0.3002103000007992;5056.9479323;2.4000000848900527e-06;0.5012973000002603;0.5413214999998672;0.5529784000000291;0.6227618000002622;0.8032731000002968;1.0516710000001694;0;0;1;0;0.01
3;1;2;47;letter169;letter190;congruent;0.04;letter169;0.05;0.07;fullmask;0.25;arrow_left.png;0.13;c;0.29677709999941726;0.30021469999974215;5058.8679649;2.9000002541579306e-06;0.49993170000016107;0.5399391000000833;0.5518696999997701;0.6216418000003614;0.8021571999997832;1.0502886000003855;0;0;1;0;0.01
3;1;2;48;letter169;letter190;congruent;0.04;letter190;0.05;0.07;fullmask;0.25;arrow_right.png;0.13;m;0.2773632999997062;0.28026169999975536;5060.7798926;2.599999788799323e-06;0.4986754999999903;0.5386798999998064;0.5507045999993352;0.6204775999995036;0.7999945999999909;1.029017500000009;0;0;1;0;0.01
3;1;3;1;letter169;letter190;congruent;0.04;letter169;0.05;0.07;fullmask;0.2;arrow_left.png;0.13;c;0.49316929999986314;0.49971459999960643;5073.8039206;2.599999788799323e-06;0.49782199999935983;0.5378679999994347;0.549852799999826;0.6196593999993638;0.7493133999996644;0.8799638000000414;0;0;0;1;0.01
3;1;3;2;letter169;letter190;congruent;0.04;letter190;0.05;0.07;fullmask;0.2;arrow_right.png;0.13;m;0.3438706999995702;0.3501225999998496;5075.5959469;2.600000698294025e-06;0.5039841000007073;0.5439967000002071;0.5560957000006965;0.6251634000000195;0.7555640000000494;0.8862155000006169;0;0;0;1;0.01
3;1;3;3;letter169;letter190;congruent;0.04;letter190;0.05;0.07;fullmask;0.2;arrow_right.png;0.13;m;0.27155339999990247;0.2802637999993749;5077.3239307;2.499999936844688e-06;0.4989448000005723;0.5389567000001989;0.5501995000004172;0.6209844000004523;0.7506118999999671;1.029275200000484;0;0;1;0;0.01
3;1;3;4;letter169;letter190;congruent;0.04;letter190;0.05;0.07;fullmask;0.2;arrow_right.png;0.13;m;0.26348159999997733;0.27021179999974265;5079.2279477;2.4000000848900527e-06;0.49853259999963484;0.538554099999601;0.5506654999999228;0.6203332999994018;0.7500038999996832;1.0188767999998163;0;0;1;0;0.01
3;1;3;5;letter169;letter190;congruent;0.04;letter169;0.05;0.07;fullmask;0.2;arrow_left.png;0.13;c;0.262275199999749;0.26929549999931623;5081.1479792;2.499999936844688e-06;0.5039996000004976;0.5440169000003152;0.5561225999999806;0.6258993999999802;0.7555493999998362;1.0243326999998317;0;0;1;0;0.01
3;1;3;6;letter169;letter190;congruent;0.04;letter190;0.05;0.07;fullmask;0.2;arrow_right.png;0.13;m;0.24704939999992348;0.24935009999990143;5083.0439227;2.599999788799323e-06;0.49974289999954635;0.5397573999998713;0.5518060999993395;0.621581100000185;0.7512357999994492;1.0000577000000703;0;0;1;0;0.01
3;1;3;7;letter169;letter190;congruent;0.04;letter169;0.05;0.07;fullmask;0.2;arrow_left.png;0.13;c;0.34406940000008035;0.35012019999976474;5085.0122092;2.4000000848900527e-06;0.49715329999980895;0.537179500000093;0.5492966000001616;0.6189721000000645;0.7486300999999003;0.8792978999999832;0;0;0;1;0.01
3;1;3;8;letter169;letter190;congruent;0.04;letter169;0.05;0.07;fullmask;0.2;arrow_left.png;0.13;m;0.2572845000004236;0.2604465000003984;5086.7160236;2.599999788799323e-06;0.502307099999598;0.5423351999997976;0.5538939999996728;0.6236648999993122;0.7543541999993977;1.0126436999998987;0;0;1;0;0.01
3;1;3;9;letter169;letter190;congruent;0.04;letter169;0.05;0.07;fullmask;0.2;arrow_left.png;0.13;c;0.3913831999998365;0.3999466000004759;5088.7319443;2.8000004022032954e-06;0.4950010000002294;0.5350225000001956;0.5471974000001865;0.6170572999999422;0.7466221000004225;0.8772741000002497;0;0;0;1;0.01
3;1;3;10;letter169;letter190;congruent;0.04;letter169;0.05;0.07;fullmask;0.2;arrow_left.png;0.13;c;0.33292470000014873;0.3400086999999985;5090.5239548;2.499999936844688e-06;0.4989190999995117;0.5389269999996031;0.550387000000228;0.6210591999997632;0.750711699999556;0.8803650999998354;0;0;0;1;0.01
3;1;3;11;letter169;letter190;congruent;0.04;letter190;0.05;0.07;fullmask;0.2;arrow_right.png;0.13;m;0.2638141999996151;0.2702927999998792;5092.2359129;2.4000000848900527e-06;0.49714750000021013;0.5371715999999651;0.5485447999999451;0.6183177000002615;0.7489675000006173;1.0174743000006856;0;0;1;0;0.01
3;1;3;12;letter169;letter190;congruent;0.04;letter190;0.05;0.07;fullmask;0.2;arrow_right.png;0.13;m;0.3179223000006459;0.3201987000002191;5094.211989;2.499999936844688e-06;0.49727620000066963;0.5373036000000866;0.5494065000002593;0.6190974000001006;0.7486987000002046;1.0676348000006328;0;0;1;0;0.01
3;1;3;13;letter169;letter190;congruent;0.04;letter169;0.05;0.07;fullmask;0.2;arrow_left.png;0.13;c;0.26064669999959733;0.2692853999997169;5096.1159208;3.000000106112566e-06;0.5002711000006457;0.5403491000006397;0.5523546000003989;0.6221181999999317;0.7517735999999786;1.0206033000004027;0;0;1;0;0.01
3;1;3;14;letter169;letter190;congruent;0.04;letter169;0.05;0.07;fullmask;0.2;arrow_left.png;0.13;c;0.3495074000002205;0.35012450000067474;5098.1159448;2.6999996407539584e-06;0.5049848999997266;0.5450079000002006;0.5570121999999174;0.626916600000186;0.756482199999482;0.8871326999997109;0;0;0;1;0.01
3;1;3;15;letter169;letter190;congruent;0.04;letter190;0.05;0.07;fullmask;0.2;arrow_right.png;0.13;m;0.22912950000045385;0.23030340000059368;5099.7958735;2.499999936844688e-06;0.5038180000001375;0.5438340999999127;0.5549885000000359;0.6257493000002796;0.7553146999998717;0.9841341999999713;0;0;1;0;0.01
3;1;3;16;letter169;letter190;congruent;0.04;letter169;0.05;0.07;fullmask;0.2;arrow_left.png;0.13;c;0.2610700999994151;0.2693839999992633;5101.6999282;2.600000698294025e-06;0.49888700000065;0.5389134000006379;0.5509731000001921;0.6208765000001222;0.7504433000003701;1.0192498000005799;0;0;1;0;0.01
3;1;3;17;letter169;letter190;congruent;0.04;letter190;0.05;0.07;fullmask;0.2;arrow_right.png;0.13;c;0.2540188000002672;0.2604564000002938;5103.6040574;2.499999936844688e-06;0.5023410000003423;0.5423663000001397;0.554368400000385;0.6242664999999761;0.7538492000003316;1.0126805999998396;0;0;1;0;0.01
3;1;3;18;letter169;letter190;congruent;0.04;letter190;0.05;0.07;fullmask;0.2;arrow_right.png;0.13;m;0.306612800000039;0.31013849999999366;5105.5479259;2.499999936844688e-06;0.49589840000044205;0.5359163000002809;0.5479812000003221;0.6177087000005486;0.7473616000006587;1.0562556000004406;0;0;1;0;0.01
3;1;3;19;letter169;letter190;congruent;0.04;letter190;0.05;0.07;fullmask;0.2;arrow_right.png;0.13;c;0.19546540000010282;0.1994832000000315;5107.3879408;2.599999788799323e-06;0.5035729000001083;0.5435894000002008;0.5555716999997458;0.6253466999996817;0.7550560999998197;0.7550581999994392;0;1;0;0;0.01
3;1;3;20;letter169;letter190;congruent;0.04;letter190;0.05;0.07;fullmask;0.2;arrow_right.png;0.13;m;0.35283780000008846;0.3600513999999748;5109.1959188;2.499999936844688e-06;0.49737240000013117;0.5373974000003727;0.548917099999926;0.6186896999997771;0.7493400000003021;0.8789942000003066;0;0;0;1;0.01
3;1;3;21;letter169;letter190;congruent;0.04;letter190;0.05;0.07;fullmask;0.2;arrow_right.png;0.13;m;0.28123279999999795;0.2901709999996456;5110.915944;2.4000000848900527e-06;0.4956412999999884;0.535638199999994;0.5476558999998815;0.61735200000021;0.747004000000743;1.0359814000003098;0;0;1;0;0.01
3;1;3;22;letter169;letter190;congruent;0.04;letter169;0.05;0.07;fullmask;0.2;arrow_left.png;0.13;c;0.27999720000025263;0.2802528000001985;5112.8359511;2.499999936844688e-06;0.4952663999993092;0.5352835999992749;0.5472964999999022;0.6172004000000015;0.746763899999678;1.025602699999581;0;0;1;0;0.01
3;1;3;23;letter169;letter190;congruent;0.04;letter169;0.05;0.07;fullmask;0.2;arrow_left.png;0.13;c;0.32070759999987786;0.3301363999999012;5114.7879;2.6999996407539584e-06;0.49487069999941014;0.5348985000000539;0.5469106999998985;0.6165836000000127;0.7463337999997748;1.0752410999994026;0;0;1;0;0.01
3;1;3;24;letter169;letter190;congruent;0.04;letter169;0.05;0.07;fullmask;0.2;arrow_left.png;0.13;m;0.2614352000000508;0.2702839000003223;5116.6999005;2.4000000848900527e-06;0.5030979000002844;0.543117400000483;0.5551538999998229;0.6249228000006042;0.7545738999997411;1.0234325999999783;0;0;1;0;0.01
3;1;3;25;letter169;letter190;congruent;0.04;letter190;0.05;0.07;fullmask;0.2;arrow_right.png;0.13;m;0.2481232000000091;0.24938290000045527;5118.5879243;2.599999788799323e-06;0.503984599999967;0.5440085999998701;0.5561521999998149;0.6260473000002094;0.7556099000003087;1.0043140999996467;0;0;1;0;0.01
3;1;3;26;letter169;letter190;congruent;0.04;letter190;0.05;0.07;fullmask;0.2;arrow_right.png;0.13;m;0.2812157999996998;0.2903510999994978;5120.4920948;2.4000000848900527e-06;0.49600740000005317;0.5360190999999759;0.5480371000003288;0.6178092999998626;0.7474775000000591;1.0363423999997394;0;0;1;0;0.01
3;1;3;27;letter169;letter190;congruent;0.04;letter169;0.05;0.07;fullmask;0.2;arrow_left.png;0.13;c;0.28776960000050167;0.2902377999998862;5122.4198979;2.70000055024866e-06;0.49798939999982395;0.5380056000003606;0.5500435000003563;0.6198163999997632;0.7494740000001912;1.038331100000505;0;0;1;0;0.01
3;1;3;28;letter169;letter190;congruent;0.04;letter190;0.05;0.07;fullmask;0.2;arrow_right.png;0.13;m;0.23493340000004537;0.24036879999948724;5124.3079008;2.499999936844688e-06;0.5004561999994621;0.540470799999639;0.5521063999995022;0.6218777999993108;0.7525296999992861;0.9907798999993247;0;0;1;0;0.01
3;1;3;29;letter169;letter190;congruent;0.04;letter190;0.05;0.07;fullmask;0.2;arrow_right.png;0.13;m;0.329345000000103;0.3301320999999007;5126.2839359;2.499999936844688e-06;0.5010625999993863;0.5410781999999017;0.5531172999999399;0.6228979999996227;0.7525437999993301;1.0814314999997805;0;0;1;0;0.01
3;1;3;30;letter169;letter190;congruent;0.04;letter190;0.05;0.07;fullmask;0.2;arrow_right.png;0.13;m;0.2864927999999054;0.29026599999997416;5128.2119648;2.4000000848900527e-06;0.5013533999999709;0.5413952999997491;0.5530392000000575;0.6227313999997932;0.7533653999998933;1.041727400000127;0;0;1;0;0.01
3;1;3;31;letter169;letter190;congruent;0.04;letter190;0.05;0.07;fullmask;0.2;arrow_right.png;0.13;m;0.22886749999997846;0.22940170000038052;5130.0759479;2.499999936844688e-06;0.503743399999621;0.5437596000001577;0.5557895000001736;0.6255606999993688;0.7552191999993738;0.9840481000001091;0;0;1;0;0.01
3;1;3;32;letter169;letter190;congruent;0.04;letter169;0.05;0.07;fullmask;0.2;arrow_left.png;0.13;m;0.25557279999975435;0.25936879999972007;5131.963947;2.4000000848900527e-06;0.49524250000013126;0.5352625000004991;0.54739840000002;0.6173085000000356;0.7468668999999863;1.0055671999998594;0;0;1;0;0.01
3;1;3;33;letter169;letter190;congruent;0.04;letter190;0.05;0.07;fullmask;0.2;arrow_right.png;0.13;m;0.2204182999994373;0.22950679999939894;5133.8200043;2.4000000848900527e-06;0.4964097000001857;0.5364345999996658;0.548564400000032;0.6184790999996039;0.7480342999997447;0.9767221000001882;0;0;1;0;0.01
3;1;3;34;letter169;letter190;congruent;0.04;letter169;0.05;0.07;fullmask;0.2;arrow_left.png;0.13;c;0.37520109999968554;0.38004319999981817;5135.8358662;2.499999936844688e-06;0.5002862999999707;0.5403124000004027;0.5523279999997612;0.6222309000004316;0.7517930000003616;0.882434000000103;0;0;0;1;0.01
3;1;3;35;letter169;letter190;congruent;0.04;letter169;0.05;0.07;fullmask;0.2;arrow_left.png;0.13;m;0.1680716000000757;0.16970600000058766;5137.4599615;2.5000008463393897e-06;0.5038629000000583;0.5438741000007212;0.5559372000006988;0.6258457000003546;0.7256506000003355;0.7256577000007383;0;1;0;0;0.01
3;1;3;36;letter169;letter190;congruent;0.04;letter190;0.05;0.07;fullmask;0.2;arrow_right.png;0.13;m;0.2289252000000488;0.22944570000072417;5139.1319385;4.5000006139162e-06;0.49959430000035354;0.5396172000000661;0.551768300000731;0.621671900000365;0.7512360000000626;0.9799092000002929;0;0;1;0;0.01
3;1;3;37;letter169;letter190;congruent;0.04;letter190;0.05;0.07;fullmask;0.2;arrow_right.png;0.13;m;0.28384210000058374;0.2902391000006901;5141.0679336;2.4000000848900527e-06;0.5035987999999634;0.5436217999995279;0.5556353000001764;0.6254092999997738;0.7550616999997146;1.0439464000000953;0;0;1;0;0.01
3;1;3;38;letter169;letter190;congruent;0.04;letter169;0.05;0.07;fullmask;0.2;arrow_left.png;0.13;c;0.22369809999963763;0.23056180000003224;5142.9482044;2.599999788799323e-06;0.5041418000000704;0.5441566999998031;0.5553405999999086;0.6262423999996827;0.7558046000003742;0.984460399999989;0;0;1;0;0.01
3;1;3;39;letter169;letter190;congruent;0.04;letter169;0.05;0.07;fullmask;0.2;arrow_left.png;0.13;c;0.3832843000000139;0.3900194999996529;5144.9798792;2.4000000848900527e-06;0.4988647000000128;0.5388897000002544;0.5509566999999151;0.6210216999998011;0.7504238000001351;0.8810763000001316;0;0;0;1;0.01
3;1;3;40;letter169;letter190;congruent;0.04;letter169;0.05;0.07;fullmask;0.2;arrow_left.png;0.13;m;0.31813879999936034;0.3201605999993262;5146.7558936;2.599999788799323e-06;0.5010538999995333;0.5410638999992443;0.5531144999995377;0.622887599999558;0.7525409999998374;1.0714095999992423;0;0;1;0;0.01
3;1;3;41;letter169;letter190;congruent;0.04;letter169;0.05;0.07;fullmask;0.2;arrow_left.png;0.13;m;0.2768826999999874;0.2802237000005334;5148.6759131;2.5000008463393897e-06;0.5021842000005563;0.5422410000001037;0.5542789000000994;0.6240175000002637;0.7536632000001191;1.0325391000005766;0;0;1;0;0.01
3;1;3;42;letter169;letter190;congruent;0.04;letter190;0.05;0.07;fullmask;0.2;arrow_right.png;0.13;m;0.26969310000004043;0.27020010000069306;5150.5799916;2.4000000848900527e-06;0.4977476999993087;0.5377652999995917;0.5498770999993212;0.6196011000001818;0.7492185999999492;1.0180904999997438;0;0;1;0;0.01
3;1;3;43;letter169;letter190;congruent;0.04;letter169;0.05;0.07;fullmask;0.2;arrow_left.png;0.13;c;0.29850930000066;0.30012430000078893;5152.5398677;2.599999788799323e-06;0.5031748999999763;0.5431724999998551;0.555105999999796;0.6247770999998465;0.7544429999998101;1.0535047000003033;0;0;1;0;0.01
3;1;3;44;letter169;letter190;congruent;0.04;letter190;0.05;0.07;fullmask;0.2;arrow_right.png;0.13;m;0.33515320000060456;0.3401047000006656;5154.5078559;2.499999936844688e-06;0.500815600000351;0.5408348999999362;0.5528760000006514;0.6226477999998679;0.7523021000006338;0.882954200000313;0;0;0;1;0.01
3;1;3;45;letter169;letter190;congruent;0.04;letter169;0.05;0.07;fullmask;0.2;arrow_left.png;0.13;c;0.32202740000047925;0.3301662000003489;5156.2758788;2.600000698294025e-06;0.49614830000064103;0.536163700000543;0.548179300000811;0.6182332000007591;0.7476344000006065;1.076511200000823;0;0;1;0;0.01
3;1;3;46;letter169;letter190;congruent;0.04;letter169;0.05;0.07;fullmask;0.2;arrow_left.png;0.13;c;0.3247566000000006;0.33017370000015944;5158.259966;2.6999996407539584e-06;0.4954889999999068;0.53550180000002;0.5476275999999416;0.6173408000004201;0.7469671999997445;1.0758622000003015;0;0;1;0;0.01
3;1;3;47;letter169;letter190;congruent;0.04;letter190;0.05;0.07;fullmask;0.2;arrow_right.png;0.13;m;0.3273927000000185;0.33006380000006175;5160.243866;2.599999788799323e-06;0.5046825999997964;0.5447277999992366;0.5568337999993673;0.626514199999292;0.756178099999488;1.0851001999999426;0;0;1;0;0.01
3;1;3;48;letter169;letter190;congruent;0.04;letter169;0.05;0.07;fullmask;0.2;arrow_left.png;0.13;c;0.23620980000032432;0.2393725000001723;5162.1238666;2.499999936844688e-06;0.5013905000005252;0.5414047000003848;0.5534331000008024;0.6232057000006535;0.7528583000002982;0.9917123000004722;0;0;1;0;0.01
3;2;11;1;letter181;letter357;congruent;0.04;letter357;0.09;0.07;fullmask;0.3;arrow_right.png;0.13;m;0.357033300000694;0.35993820000021515;6418.3712499;2.499999936844688e-06;0.4945167000005313;0.5345340000003489;0.5862741999999344;0.6559282000007443;0.8863117999999304;1.1449316000007457;0;0;1;0;0.01
3;2;11;2;letter181;letter357;congruent;0.04;letter357;0.09;0.07;fullmask;0.3;arrow_right.png;0.13;m;0.3675822999994125;0.370074299999942;6420.403353;2.4000000848900527e-06;0.49766790000012406;0.5376708000003418;0.5896682000002329;0.6593681000003926;0.8897495999999592;1.1580719000003228;0;0;1;0;0.01
3;2;11;3;letter181;letter357;congruent;0.04;letter181;0.09;0.07;fullmask;0.3;arrow_left.png;0.13;c;0.3242449999997916;0.3301333999997951;6422.4112754;2.8000004022032954e-06;0.49647880000065925;0.5364889000002222;0.5884116000006543;0.6581879000004847;0.8885668000002624;1.1168667000001733;0;0;1;0;0.01
3;2;11;4;letter181;letter357;congruent;0.04;letter181;0.09;0.07;fullmask;0.3;arrow_left.png;0.13;c;0.3149195999994845;0.3203100999999151;6424.4033093;2.499999936844688e-06;0.5022146999999677;0.5422409999991942;0.5942480999992767;0.6641691999993782;0.8945544999996855;1.1126246999992873;0;0;1;0;0.01
3;2;11;5;letter181;letter357;congruent;0.04;letter357;0.09;0.07;fullmask;0.3;arrow_right.png;0.13;m;0.3001611999998204;0.31018609999955515;6426.3793636;2.499999936844688e-06;0.5026565999996819;0.5426784999999654;0.5942264999994222;0.6639992999998867;0.894277699999293;1.103041200000007;0;0;1;0;0.01
3;2;11;6;letter181;letter357;congruent;0.04;letter357;0.09;0.07;fullmask;0.3;arrow_right.png;0.13;m;0.35639499999979307;0.3600847999996404;6428.4273486;2.599999788799323e-06;0.5027906999994229;0.5428094999997484;0.5948207999999795;0.6645171000000119;0.8948975000002974;1.1532189999998081;0;0;1;0;0.01
3;2;11;7;letter181;letter357;congruent;0.04;letter181;0.09;0.07;fullmask;0.3;arrow_left.png;0.13;c;0.3650907000001098;0.37017699999978504;6430.4672704;2.499999936844688e-06;0.5012659999993048;0.5412639999995008;0.593201699999554;0.6631264999996347;0.8935116999991806;1.1616858999996111;0;0;1;0;0.01
3;2;11;8;letter181;letter357;congruent;0.04;letter181;0.09;0.07;fullmask;0.3;arrow_left.png;0.13;c;0.355666100000235;0.3600963999997475;6432.4992646;2.70000055024866e-06;0.5014438000007431;0.5414636000004975;0.5935101000004579;0.6633234999999331;0.8937089999999444;1.1518589000006614;0;0;1;0;0.01
3;2;11;9;letter181;letter357;congruent;0.04;letter357;0.09;0.07;fullmask;0.3;arrow_right.png;0.13;m;0.3344995999996172;0.34013639999920997;6434.4992732;3.1999998100218363e-06;0.49679939999987255;0.5368211999993946;0.5887395999998262;0.6585114999998041;0.8889277999996921;1.1272140000000945;0;0;1;0;0.01
3;2;11;10;letter181;letter357;congruent;0.04;letter357;0.09;0.07;fullmask;0.3;arrow_right.png;0.13;m;0.3711329999996451;0.38006099999984144;6436.5473254;2.499999936844688e-06;0.49915229999987787;0.5391714999996111;0.5912142999995922;0.661121600000115;0.8914085999995223;1.1695695999997042;0;0;1;0;0.01
3;2;11;11;letter181;letter357;congruent;0.04;letter181;0.09;0.07;fullmask;0.3;arrow_left.png;0.13;c;0.335875799999485;0.34024959999987914;6438.5633443;2.4000000848900527e-06;0.5001997999997911;0.5402438000000984;0.5922411000001375;0.6623089999993681;0.8924417999996876;1.130613799999992;0;0;1;0;0.01
3;2;11;12;letter181;letter357;congruent;0.04;letter181;0.09;0.07;fullmask;0.3;arrow_left.png;0.13;c;0.3565978999995423;0.36009889999968436;6440.5953745;2.499999936844688e-06;0.4947931000006065;0.5348101999998107;0.5868349000002127;0.6567397999997411;0.8870327000004181;1.1452103999999963;0;0;1;0;0.01
3;2;11;13;letter181;letter357;congruent;0.04;letter357;0.09;0.07;fullmask;0.3;arrow_right.png;0.13;m;0.3413276000001133;0.3501358000003165;6442.6112863;2.599999788799323e-06;0.5007136000003811;0.5407320000003892;0.5926440000002913;0.6625599999997576;0.8928556999999273;1.1411266000004616;0;0;1;0;0.01
3;2;11;14;letter181;letter357;congruent;0.04;letter357;0.09;0.07;fullmask;0.3;arrow_right.png;0.13;m;0.35796550000031857;0.3602055000001201;6444.6993576;2.600000698294025e-06;0.49892490000002;0.5389432000001761;0.5909583000002385;0.6610260000006747;0.8911600000001272;1.1493694000000687;0;0;1;0;0.01
3;2;11;15;letter181;letter357;congruent;0.04;letter181;0.09;0.07;fullmask;0.3;arrow_left.png;0.13;c;0.310705599999892;0.3201920000001337;6446.683327;2.6999996407539584e-06;0.5033641999998508;0.5433880000000499;0.5953024000000369;0.6651969000004101;0.8954904000001989;1.1137562000003527;0;0;1;0;0.01
3;2;11;16;letter181;letter357;congruent;0.04;letter181;0.09;0.07;fullmask;0.3;arrow_left.png;0.13;c;0.3512604999996256;0.3600989999995363;6448.7152496;2.4000000848900527e-06;0.5039182999998957;0.5439494000002014;0.5959560000001147;0.6657715999999709;0.8961570999999822;1.1543343000003006;0;0;1;0;0.01
3;2;11;17;letter181;letter357;congruent;0.04;letter181;0.09;0.07;fullmask;0.3;arrow_left.png;0.13;c;0.35209260000010545;0.3600517000004402;6450.7472811;2.499999936844688e-06;0.5009460999999646;0.540960699999232;0.5928727999998955;0.6626455999994505;0.8930303999995886;1.1513523999992685;0;0;1;0;0.01
3;2;11;18;letter181;letter357;congruent;0.04;letter181;0.09;0.07;fullmask;0.3;arrow_left.png;0.13;c;0.3609502999997858;0.37017110000033426;6452.7874218;2.7999994927085936e-06;0.4992413999998462;0.5392594999993889;0.5911513000000923;0.6610555999995995;0.8913490999993883;1.159674399999858;0;0;1;0;0.01
3;2;11;19;letter181;letter357;congruent;0.04;letter357;0.09;0.07;fullmask;0.3;arrow_right.png;0.13;m;0.37543079999977635;0.3800442000001567;6454.8432888;2.599999788799323e-06;0.4987964000001739;0.5388153000003513;0.5907820000002175;0.6607586999998603;0.890983100000085;1.169224199999917;0;0;1;0;0.01
3;2;11;20;letter181;letter357;congruent;0.04;letter357;0.09;0.07;fullmask;0.3;arrow_right.png;0.13;m;0.38209770000048593;0.3900044000001799;6456.8913614;2.499999936844688e-06;0.4995542000006026;0.5395735000001878;0.5916259000005084;0.6615187000006699;0.8917277999998987;1.1799816000002465;0;0;1;0;0.01
3;2;11;21;letter181;letter357;congruent;0.04;letter181;0.09;0.07;fullmask;0.3;arrow_left.png;0.13;c;0.38350919999993494;0.3910211000002164;6458.9632659;2.499999936844688e-06;0.5029396999998426;0.5429569999996602;0.5941892000000735;0.6651001000000178;0.8943969000001744;1.1833796999999322;0;0;1;0;0.01
3;2;11;22;letter181;letter357;congruent;0.04;letter357;0.09;0.07;fullmask;0.3;arrow_right.png;0.13;m;0.3054093999999168;0.31022919999941223;6460.9472585;2.70000055024866e-06;0.5026040000002467;0.5426068000006126;0.5946039000000383;0.6644176999998308;0.8948008000006666;1.102978400000211;0;0;1;0;0.01
3;2;11;23;letter181;letter357;congruent;0.04;letter357;0.09;0.07;fullmask;0.3;arrow_right.png;0.13;m;0.4204319000000396;0.42997990000003483;6463.0435209;2.4000000848900527e-06;0.4978060000003097;0.5378244000003178;0.5897800000002462;0.6595740000002479;0.8899270000001707;1.218266300000323;0;0;1;0;0.01
3;2;11;24;letter181;letter357;congruent;0.04;letter181;0.09;0.07;fullmask;0.3;arrow_left.png;0.13;c;0.3450929000000542;0.35005760000058217;6465.0592578;2.499999936844688e-06;0.49788470000021334;0.5379181999996945;0.5896045999998023;0.6593549999997776;0.8897368999996615;1.1383232999996835;0;0;1;0;0.01
3;2;11;25;letter181;letter357;congruent;0.04;letter357;0.09;0.07;fullmask;0.3;arrow_right.png;0.13;m;0.34150380000028235;0.3500770000000557;6467.0672173;2.6999996407539584e-06;0.4992499999998472;0.5392762000001312;0.5912150999993173;0.6609945000000153;0.8913726999999199;1.1396647000001394;0;0;1;0;0.01
3;2;11;26;letter181;letter357;congruent;0.04;letter181;0.09;0.07;fullmask;0.3;arrow_left.png;0.13;c;0.3259872999997242;0.33013779999964754;6469.0833489;2.600000698294025e-06;0.5026344000007157;0.5426565000007031;0.5949551000003339;0.6646356999999625;0.8940016000005926;1.1230285000001459;0;0;1;0;0.01
3;2;11;27;letter181;letter357;congruent;0.04;letter181;0.09;0.07;fullmask;0.3;arrow_left.png;0.13;c;0.4537177000001975;0.46087790000001405;6471.2114719;2.499999936844688e-06;0.49964379999983066;0.5396742000002632;0.5910598999998911;0.6618221999997331;0.891213500000049;1.0218610000001718;0;0;0;1;0.01
3;2;11;28;letter181;letter357;congruent;0.04;letter357;0.09;0.07;fullmask;0.3;arrow_right.png;0.13;m;0.3456748000007792;0.35010980000060954;6473.0352693;2.6999996407539584e-06;0.49725260000013805;0.5372654000002512;0.589273300000059;0.6589703999998164;0.8893519000002925;1.1376715999995213;0;0;1;0;0.01
3;2;11;29;letter181;letter357;congruent;0.04;letter357;0.09;0.07;fullmask;0.3;arrow_right.png;0.13;m;0.3324515000003885;0.34010699999998906;6475.0432539;2.6999996407539584e-06;0.5000099999997474;0.5400323000003482;0.5919314000002487;0.6617073999996137;0.8920886999994764;1.1304093999997349;0;0;1;0;0.01
3;2;11;30;letter181;letter357;congruent;0.04;letter181;0.09;0.07;fullmask;0.3;arrow_left.png;0.13;c;0.335139299999355;0.34010459999990417;6477.0672545;2.4000000848900527e-06;0.5007239999995363;0.5407224000000497;0.5926565999998274;0.6624324999993405;0.8928127999997741;1.1311308999993344;0;0;1;0;0.01
3;2;11;31;letter181;letter357;congruent;0.04;letter181;0.09;0.07;fullmask;0.3;arrow_left.png;0.13;c;0.40586350000012317;0.409861500000261;6479.2192812;2.4000000848900527e-06;0.49815639999997074;0.5381644999997661;0.5900612999994337;0.6597438999997394;0.8901419999992868;1.1986065999999482;0;0;1;0;0.01
3;2;11;32;letter181;letter357;congruent;0.04;letter357;0.09;0.07;fullmask;0.3;arrow_right.png;0.13;m;0.3463152000003902;0.35012379999989207;6481.2512462;2.499999936844688e-06;0.5002119000000675;0.5402260000000751;0.5922911999996359;0.6621947000003274;0.8924919000000955;1.1406270999996195;0;0;1;0;0.01
3;2;11;33;letter181;letter357;congruent;0.04;letter357;0.09;0.07;fullmask;0.3;arrow_right.png;0.13;m;0.33123780000005354;0.34011350000037055;6483.2673225;2.4000000848900527e-06;0.5008440999999948;0.540834100000211;0.5927477999994153;0.6625199000000066;0.8929056999995737;1.131217999999535;0;0;1;0;0.01
3;2;11;34;letter181;letter357;congruent;0.04;letter181;0.09;0.07;fullmask;0.3;arrow_left.png;0.13;c;0.3257787999991706;0.3301382999998168;6485.2832432;2.6999996407539584e-06;0.49597129999983736;0.5359899999994013;0.5879766999996718;0.6577497999996922;0.8881341999995129;1.1163643999998385;0;0;1;0;0.01
3;2;11;35;letter181;letter357;congruent;0.04;letter181;0.09;0.07;fullmask;0.3;arrow_left.png;0.13;c;0.33066150000013295;0.3401531999998042;6487.2994159;2.600000698294025e-06;0.5011550000008356;0.5411718000004839;0.5931615000008605;0.6628764000006413;0.8932604000001447;1.131546900000103;0;0;1;0;0.01
3;2;11;36;letter181;letter357;congruent;0.04;letter357;0.09;0.07;fullmask;0.3;arrow_right.png;0.13;m;0.3800093999998353;0.3801307000003362;6489.3793289;2.4000000848900527e-06;0.5036486999997578;0.5436890999999378;0.5949189000002661;0.6649914999998146;0.8952896000000692;1.1740756999997757;0;0;1;0;0.01
3;2;11;37;letter181;letter357;congruent;0.04;letter357;0.09;0.07;fullmask;0.3;arrow_right.png;0.13;m;0.3478801999999632;0.3500841999994009;6491.4192554;2.499999936844688e-06;0.49875750000046537;0.538769499999944;0.590732300000127;0.6605036000000837;0.8913888000006409;1.1391638000004605;0;0;1;0;0.01
3;2;11;38;letter181;letter357;congruent;0.04;letter181;0.09;0.07;fullmask;0.3;arrow_left.png;0.13;c;0.37266730000010284;0.3799944000002142;6493.475246;2.499999936844688e-06;0.49893690000044444;0.5389702000002217;0.5908297000005405;0.6606004000004759;0.8909800999999788;1.169363300000441;0;0;1;0;0.01
3;2;11;39;letter181;letter357;congruent;0.04;letter181;0.09;0.07;fullmask;0.3;arrow_left.png;0.13;c;0.33318039999994653;0.3400192999997671;6495.5072444;2.4000000848900527e-06;0.5040736999999353;0.5440937000003032;0.5961311000000933;0.6658286000001681;0.8962000000001353;1.1344841999998607;0;0;1;0;0.01
3;2;11;40;letter181;letter357;congruent;0.04;letter357;0.09;0.07;fullmask;0.3;arrow_right.png;0.13;m;0.41197860000011133;0.4198945999996795;6497.627282;3.000000106112566e-06;0.5027356999999029;0.5427674000002298;0.594713800000136;0.6644770000002609;0.8948723000003156;1.2131933999999092;0;0;1;0;0.01
3;2;11;41;letter181;letter357;congruent;0.04;letter181;0.09;0.07;fullmask;0.3;arrow_left.png;0.13;c;0.3426318000001629;0.3500743999993574;6499.6592446;2.7999994927085936e-06;0.49604619999990973;0.5360692000003837;0.5879861000003075;0.6577555000003485;0.8881392000002961;1.136458599999969;0;0;1;0;0.01
3;2;11;42;letter181;letter357;congruent;0.04;letter357;0.09;0.07;fullmask;0.3;arrow_right.png;0.13;m;0.42934470000000147;0.42985609999959706;6501.7872733;2.4000000848900527e-06;0.49735659999987547;0.5373805999997785;0.5892972000001464;0.6590734000001248;0.8894530999996277;1.21781749999991;0;0;1;0;0.01
3;2;11;43;letter181;letter357;congruent;0.04;letter357;0.09;0.07;fullmask;0.3;arrow_right.png;0.13;m;0.34796280000045954;0.3502232999999251;6503.827317;2.599999788799323e-06;0.5019864999994752;0.5420219999996334;0.5939963999999236;0.663900300000023;0.8941918999998961;1.1424004000000423;0;0;1;0;0.01
3;2;11;44;letter181;letter357;congruent;0.04;letter181;0.09;0.07;fullmask;0.3;arrow_left.png;0.13;c;0.32066649999978836;0.3301762000000963;6505.8512529;2.499999936844688e-06;0.503358500000104;0.5433671000000686;0.5952715000003082;0.6651719000001322;0.8954694000003656;1.1237547999999151;0;0;1;0;0.01
3;2;11;45;letter181;letter357;congruent;0.04;letter181;0.09;0.07;fullmask;0.3;arrow_left.png;0.13;c;0.34932149999985995;0.3501204999993206;6507.8912017;2.599999788799323e-06;0.49900309999975434;0.5390133000000787;0.5909082999996826;0.6608128999996552;0.8911071000002266;1.1393935999994937;0;0;1;0;0.01
3;2;11;46;letter181;letter357;congruent;0.04;letter181;0.09;0.07;fullmask;0.3;arrow_left.png;0.13;c;0.34800319999976637;0.350226699999439;6509.9313131;2.599999788799323e-06;0.5033864999995785;0.5434089999998832;0.5954283999999461;0.6653337999996438;0.8956227999997282;1.1438242999993236;0;0;1;0;0.01
3;2;11;47;letter181;letter357;congruent;0.04;letter357;0.09;0.07;fullmask;0.3;arrow_right.png;0.13;m;0.37096629999996367;0.38002659999983734;6511.9953032;2.499999936844688e-06;0.5023801999996067;0.5424181999997018;0.5941335999996227;0.663900300000023;0.8941926999996213;1.1728064999997514;0;0;1;0;0.01
3;2;11;48;letter181;letter357;congruent;0.04;letter357;0.09;0.07;fullmask;0.3;arrow_right.png;0.13;m;0.3892614999995203;0.390010699999948;6514.0752305;2.599999788799323e-06;0.5031787999996595;0.5431939999998576;0.5952283999995416;0.6651206999995338;0.8954188999996404;1.1836003999997047;0;0;1;0;0.01
3;2;12;1;letter181;letter357;congruent;0.04;letter357;0.09;0.07;fullmask;0.25;arrow_right.png;0.13;m;0.4767766000004485;0.4798553999999058;6537.0273315;2.599999788799323e-06;0.4994195999997828;0.5394224000001486;0.591374800000267;0.6612440999997489;0.840783100000408;0.9714344000003621;0;0;0;1;0.01
3;2;12;2;letter181;letter357;congruent;0.04;letter181;0.09;0.07;fullmask;0.25;arrow_left.png;0.13;c;0.3534385000002658;0.36004979999961506;6538.8752737;2.599999788799323e-06;0.5035841999997501;0.5436090000002878;0.5955527999994956;0.6653212999999596;0.845842900000207;1.1540041999996902;0;0;1;0;0.01
3;2;12;3;letter181;letter357;congruent;0.04;letter357;0.09;0.07;fullmask;0.25;arrow_right.png;0.13;m;0.3200815000000148;0.3202128000002631;6540.8832807;2.499999936844688e-06;0.49878760000046896;0.5388131999998222;0.5908229000006031;0.6607319000004281;0.8402534000006199;1.109189100000549;0;0;1;0;0.01
3;2;12;4;letter181;letter357;congruent;0.04;letter181;0.09;0.07;fullmask;0.25;arrow_left.png;0.13;c;0.3368235000007189;0.34014079999997193;6542.8913116;2.499999936844688e-06;0.4978032999997595;0.5378191999998307;0.5898369999995339;0.6595145999999659;0.8400460999991992;1.1281945999999152;0;0;1;0;0.01
3;2;12;5;letter181;letter357;congruent;0.04;letter181;0.09;0.07;fullmask;0.25;arrow_left.png;0.13;c;0.3196953000006033;0.3200707000005423;6544.8752689;2.7999994927085936e-06;0.4959509000000253;0.5359720999995261;0.5877777999994578;0.6575302000001102;0.838056300000062;1.1063453999995545;0;0;1;0;0.01
3;2;12;6;letter181;letter357;congruent;0.04;letter357;0.09;0.07;fullmask;0.25;arrow_right.png;0.13;m;0.3262428000007276;0.3301295000001119;6546.8832239;2.499999936844688e-06;0.5004041000001962;0.5404433000003337;0.592362200000025;0.6621320000003834;0.8426564999999755;1.1208036999996693;0;0;1;0;0.01
3;2;12;7;letter181;letter357;congruent;0.04;letter181;0.09;0.07;fullmask;0.25;arrow_left.png;0.13;c;0.3490649999994275;0.3500751000001401;6548.907348;2.499999936844688e-06;0.5013194000002841;0.5413401000005251;0.5932935999999245;0.6630635000001348;0.8435834000001705;1.1417224000006172;0;0;1;0;0.01
3;2;12;8;letter181;letter357;congruent;0.04;letter181;0.09;0.07;fullmask;0.25;arrow_left.png;0.13;c;0.2897147000003315;0.2901128000003155;6550.8593455;2.6999996407539584e-06;0.49641109999993205;0.5364277999997284;0.588443499999812;0.6581413000003522;0.8386504000000059;1.0767723999997543;0;0;1;0;0.01
3;2;12;9;letter181;letter357;congruent;0.04;letter357;0.09;0.07;fullmask;0.25;arrow_right.png;0.13;m;0.2945472000001246;0.30020950000016455;6552.8352439;2.599999788799323e-06;0.5008529000006092;0.5408757000004698;0.5926798999998937;0.6624516000001677;0.8429690000002665;1.091224400000101;0;0;1;0;0.01
3;2;12;10;letter181;letter357;congruent;0.04;letter181;0.09;0.07;fullmask;0.25;arrow_left.png;0.13;c;0.3371279000002687;0.3401127999995879;6554.8592163;2.499999936844688e-06;0.5029607999995278;0.5429770999999164;0.5949195999992298;0.6646929999997155;0.8452158999998574;1.1333836999992855;0;0;1;0;0.01
3;2;12;11;letter181;letter357;congruent;0.04;letter357;0.09;0.07;fullmask;0.25;arrow_right.png;0.13;m;0.313674600000013;0.32015640000008716;6556.8672225;2.499999936844688e-06;0.5021194999999352;0.5421449999994365;0.5942293999996764;0.6639996999992945;0.8435214999999516;1.112523699999656;0;0;1;0;0.01
3;2;12;12;letter181;letter357;congruent;0.04;letter357;0.09;0.07;fullmask;0.25;arrow_right.png;0.13;m;0.34266999999999825;0.3501155000003564;6558.9074622;2.499999936844688e-06;0.5026417999997648;0.5426666000003024;0.5947081000003891;0.6644052000001466;0.8449086999999054;1.1430503999999928;0;0;1;0;0.01
3;2;12;13;letter181;letter357;congruent;0.04;letter181;0.09;0.07;fullmask;0.25;arrow_left.png;0.13;c;0.3112881000006382;0.32015430000046763;6560.9071774;2.8000004022032954e-06;0.5028408999996827;0.5428689999998824;0.5946918999998161;0.6644666000001962;0.8449794999996811;1.113230800000565;0;0;1;0;0.01
3;2;12;14;letter181;letter357;congruent;0.04;letter181;0.09;0.07;fullmask;0.25;arrow_left.png;0.13;c;0.35795210000014777;0.36005130000012286;6562.9552098;2.499999936844688e-06;0.5028161000000182;0.5428351000000475;0.5947467999994842;0.6645197999996526;0.8450343999993493;1.1532236999992165;0;0;1;0;0.01
3;2;12;15;letter181;letter357;congruent;0.04;letter181;0.09;0.07;fullmask;0.25;arrow_left.png;0.13;c;0.3186524999991889;0.3201577999998335;6564.947208;2.599999788799323e-06;0.5037981999994372;0.5438245999994251;0.5957343999998557;0.6655074000000241;0.8460270999994464;1.1141983999996228;0;0;1;0;0.01
3;2;12;16;letter181;letter357;congruent;0.04;letter357;0.09;0.07;fullmask;0.25;arrow_right.png;0.13;m;0.29732700000022305;0.3003887000004397;6566.9472883;2.499999936844688e-06;0.49566349999986414;0.5356584000001021;0.587655000000268;0.6575032000000647;0.8370014000001902;1.0859840000002805;0;0;1;0;0.01
3;2;12;17;letter181;letter357;congruent;0.04;letter181;0.09;0.07;fullmask;0.25;arrow_left.png;0.13;c;0.34600070000033156;0.35022550000030606;6568.9872796;2.600000698294025e-06;0.4983607000003758;0.5383719999999812;0.5904261000005135;0.6603285000001051;0.8407546000007642;1.1387598000001162;0;0;1;0;0.01
3;2;12;18;letter181;letter357;congruent;0.04;letter357;0.09;0.07;fullmask;0.25;arrow_right.png;0.13;m;0.3948636000004626;0.4000876000000062;6571.067208;2.7999994927085936e-06;0.5023484000003009;0.54236469999978;0.5941602000002604;0.6640741000001071;0.8445946000001641;0.9742465999997876;0;0;0;1;0.01
3;2;12;19;letter181;letter357;congruent;0.04;letter181;0.09;0.07;fullmask;0.25;arrow_left.png;0.13;c;0.29554970000026515;0.3002057000003333;6572.8592439;2.599999788799323e-06;0.5027151999993293;0.5427421999993385;0.594686599999477;0.66445289999956;0.8449691999994684;1.0930938000001333;0;0;1;0;0.01
3;2;12;20;letter181;letter357;congruent;0.04;letter357;0.09;0.07;fullmask;0.25;arrow_right.png;0.13;m;0.3345429000000877;0.34010229999967123;6574.8992398;2.499999936844688e-06;0.49946600000021135;0.5394857999999658;0.5911434999998164;0.6609146000000692;0.8414312000004429;1.129862000000685;0;0;1;0;0.01
3;2;12;21;letter181;letter357;congruent;0.04;letter357;0.09;0.07;fullmask;0.25;arrow_right.png;0.13;m;0.464984899999763;0.46970599999986007;6577.051281;2.499999936844688e-06;0.5001156999996965;0.5401416000004247;0.59210929999972;0.6617937000000893;0.8423209000002316;0.9719522000004872;0;0;0;1;0.01
3;2;12;22;letter181;letter357;congruent;0.04;letter357;0.09;0.07;fullmask;0.25;arrow_right.png;0.13;m;0.3435938000002352;0.35012319999987085;6578.8911974;2.4000000848900527e-06;0.5018271999997523;0.5418512999995073;0.5938643999998021;0.663932599999498;0.8432004999995115;1.1422378999996;0;0;1;0;0.01
3;2;12;23;letter181;letter357;congruent;0.04;letter357;0.09;0.07;fullmask;0.25;arrow_right.png;0.13;m;0.3363828999999896;0.3401047999996081;6580.9151995;2.599999788799323e-06;0.4995301999997537;0.5395433000003322;0.5914703999997073;0.6612408000000869;0.8417604000005667;1.1299272000005658;0;0;1;0;0.01
3;2;12;24;letter181;letter357;congruent;0.04;letter181;0.09;0.07;fullmask;0.25;arrow_left.png;0.13;c;0.29149559999950725;0.3002120000001014;6582.8911971;2.7999994927085936e-06;0.4980218999999124;0.5380458999998154;0.5895452999993722;0.6593190999992657;0.8398417999997037;1.0883965999992142;0;0;1;0;0.01
3;2;12;25;letter181;letter357;congruent;0.04;letter181;0.09;0.07;fullmask;0.25;arrow_left.png;0.13;m;0.15170599999964907;0.15963000000010652;6584.7231993;2.499999936844688e-06;0.5004451000004337;0.5404566000006525;0.5924942999999985;0.6621983000004548;0.7521280000000843;0.7521344000006138;0;1;0;0;0.01
3;2;12;26;letter181;letter357;congruent;0.04;letter181;0.09;0.07;fullmask;0.25;arrow_left.png;0.13;c;0.348548099999789;0.35042239999984304;6586.7712107;2.499999936844688e-06;0.5026724999997896;0.5426933999997345;0.5947106000003259;0.6644760999997743;0.8439963999999236;1.14307910000025;0;0;1;0;0.01
3;2;12;27;letter181;letter357;congruent;0.04;letter181;0.09;0.07;fullmask;0.25;arrow_left.png;0.13;c;0.3513498000002073;0.36006650000035734;6588.7952212;2.4000000848900527e-06;0.4984567999999854;0.5384880000001431;0.5904026999996859;0.6601743000001079;0.8406924999999319;1.1488752000004752;0;0;1;0;0.01
3;2;12;28;letter181;letter357;congruent;0.04;letter181;0.09;0.07;fullmask;0.25;arrow_left.png;0.13;c;0.2860061000001224;0.290259800000058;6590.851337;2.499999936844688e-06;0.5030097999997452;0.5430403999998816;0.5950572000001557;0.6647408999997424;0.8452852999998868;1.0833849000000555;0;0;1;0;0.01
3;2;12;29;letter181;letter357;congruent;0.04;letter357;0.09;0.07;fullmask;0.25;arrow_right.png;0.13;m;0.2725999000003867;0.28018100000008417;6592.8192058;2.499999936844688e-06;0.5040783000004012;0.5440969000001132;0.5961320000005799;0.6658121000000392;0.8463278999997783;1.0744450000001962;0;0;1;0;0.01
3;2;12;30;letter181;letter357;congruent;0.04;letter357;0.09;0.07;fullmask;0.25;arrow_right.png;0.13;m;0.31145639999976993;0.3201573999995162;6594.8192355;2.600000698294025e-06;0.5013961000004201;0.5414002000006803;0.5933407000002262;0.6631162000003314;0.8436307000001761;1.111769699999968;0;0;1;0;0.01
3;2;12;31;letter181;letter357;congruent;0.04;letter357;0.09;0.07;fullmask;0.25;arrow_right.png;0.13;c;0.26412619999973685;0.27028640000025916;6596.7631868;2.499999936844688e-06;0.5007830000004105;0.5408152999998492;0.5927486999999019;0.6625178000003871;0.8430337999998301;1.0611275000001115;0;0;1;0;0.01
3;2;12;32;letter181;letter357;congruent;0.04;letter181;0.09;0.07;fullmask;0.25;arrow_left.png;0.13;c;0.3272983999995631;0.3301365999996051;6598.9873155;2.499999936844688e-06;0.4973309999995763;0.5373445999994146;0.5888562000000093;0.6586287000000084;0.8391612999994322;1.1177257999997892;0;0;1;0;0.01
3;2;12;33;letter181;letter357;congruent;0.04;letter181;0.09;0.07;fullmask;0.25;arrow_left.png;0.13;c;0.3732513000004474;0.38000300000021525;6601.0351963;2.599999788799323e-06;0.4971179000003758;0.5371293999996851;0.5892810000004829;0.6590639000005467;0.8385773999998491;1.1675448000005417;0;0;1;0;0.01
3;2;12;34;letter181;letter357;congruent;0.04;letter181;0.09;0.07;fullmask;0.25;arrow_left.png;0.13;c;0.3260641000006217;0.33013130000017554;6603.0591947;2.7999994927085936e-06;0.5014457999996011;0.541439900000114;0.5934356999996453;0.6632064999994327;0.8436856999996962;1.1217990999994072;0;0;1;0;0.01
3;2;12;35;letter181;letter357;congruent;0.04;letter181;0.09;0.07;fullmask;0.25;arrow_left.png;0.13;c;0.3268011000000115;0.330137900000409;6605.0911756;2.599999788799323e-06;0.5046764999997322;0.5447002999999313;0.5966492999996262;0.6664273999995203;0.8469380999995337;1.1250770999995439;0;0;1;0;0.01
3;2;12;36;letter181;letter357;congruent;0.04;letter357;0.09;0.07;fullmask;0.25;arrow_right.png;0.13;m;0.30207849999987957;0.3103060000003097;6607.0672681;2.599999788799323e-06;0.4964448999999149;0.5364700000000084;0.5879486999992878;0.6577094999993278;0.838152700000137;1.0968597999999474;0;0;1;0;0.01
3;2;12;37;letter181;letter357;congruent;0.04;letter357;0.09;0.07;fullmask;0.25;arrow_right.png;0.13;m;0.32626579999941896;0.3301317999994353;6609.0831954;2.6999996407539584e-06;0.5032365999995818;0.5432492999998431;0.5951811999993879;0.6649578999995356;0.8454725000001417;1.1236202000000048;0;0;1;0;0.01
3;2;12;38;letter181;letter357;congruent;0.04;letter181;0.09;0.07;fullmask;0.25;arrow_left.png;0.13;c;0.3427050000000236;0.35022750000007363;6611.1311774;2.499999936844688e-06;0.503145399999994;0.5431539999999586;0.5953338999997868;0.6652588999995714;0.8447780999995302;1.143549499999608;0;0;1;0;0.01
3;2;12;39;letter181;letter357;congruent;0.04;letter357;0.09;0.07;fullmask;0.25;arrow_right.png;0.13;m;0.34798179999961576;0.35023369999998977;6613.1471795;2.599999788799323e-06;0.495973199999753;0.5359918000003745;0.5876088000004529;0.6575358000000051;0.8380525000002308;1.136399199999687;0;0;1;0;0.01
3;2;12;40;letter181;letter357;congruent;0.04;letter357;0.09;0.07;fullmask;0.25;arrow_right.png;0.13;m;0.348642099999779;0.3501096999998481;6615.1792759;2.6999996407539584e-06;0.5033659999999145;0.5433821999995416;0.595133299999361;0.6648328999999649;0.8453475999995135;1.1437795000001643;0;0;1;0;0.01
3;2;12;41;letter181;letter357;congruent;0.04;letter357;0.09;0.07;fullmask;0.25;arrow_right.png;0.13;m;0.3751672000007602;0.3800436000001355;6617.2272515;2.4000000848900527e-06;0.4970333000001119;0.5370588999994652;0.5889489000001049;0.6588653999997405;0.8392836000002717;1.1674666999997498;0;0;1;0;0.01
3;2;12;42;letter181;letter357;congruent;0.04;letter357;0.09;0.07;fullmask;0.25;arrow_right.png;0.13;m;0.32765399999971123;0.330186500000309;6619.2512443;2.599999788799323e-06;0.5044588000000658;0.5444790999999896;0.5965473999995083;0.6664534000001368;0.8458837999996831;1.124863699999878;0;0;1;0;0.01
3;2;12;43;letter181;letter357;congruent;0.04;letter357;0.09;0.07;fullmask;0.25;arrow_right.png;0.13;m;0.33629930000006425;0.34014960000058636;6621.2911889;2.599999788799323e-06;0.504789399999936;0.5448063999992883;0.5968710999995892;0.6667755999997098;0.8462067999998908;1.13519659999929;0;0;1;0;0.01
3;2;12;44;letter181;letter357;congruent;0.04;letter357;0.09;0.07;fullmask;0.25;arrow_right.png;0.13;m;0.24525770000036573;0.2503812000004473;6623.2113022;2.600000698294025e-06;0.4963770000003933;0.5364023000001907;0.5883348000006663;0.6582494000003862;0.8387189000004582;0.8387229999998453;0;1;0;0;0.01
3;2;12;45;letter181;letter357;congruent;0.04;letter181;0.09;0.07;fullmask;0.25;arrow_left.png;0.13;c;0.34597910000047705;0.3501042000007146;6625.043259;2.499999936844688e-06;0.49812130000009347;0.5381406999995306;0.5901890999994066;0.6598636999997325;0.8403959999996005;1.1385217999995803;0;0;1;0;0.01
3;2;12;46;letter181;letter357;congruent;0.04;letter357;0.09;0.07;fullmask;0.25;arrow_right.png;0.13;m;0.38673319999998057;0.3899717000003875;6627.115156;2.499999936844688e-06;0.4963019999995595;0.5363117999995666;0.5881989999998041;0.6579720999998244;0.8384870999998384;0.9681411999999909;0;0;0;1;0.01
3;2;12;47;letter181;letter357;congruent;0.04;letter181;0.09;0.07;fullmask;0.25;arrow_left.png;0.13;c;0.30553320000035455;0.3102320999996664;6628.9152172;2.599999788799323e-06;0.49875629999951343;0.5387835999999879;0.5907266999993226;0.6604991999993217;0.8410207999995691;1.099146099999416;0;0;1;0;0.01
3;2;12;48;letter181;letter357;congruent;0.04;letter181;0.09;0.07;fullmask;0.25;arrow_left.png;0.13;c;0.36208369999985734;0.36993530000017927;6630.9631831;2.499999936844688e-06;0.4958986999999979;0.535932399999183;0.5880123999995703;0.6576885999993465;0.8382032999998046;1.156336399999418;0;0;1;0;0.01
3;2;13;1;letter181;letter357;congruent;0.04;letter181;0.09;0.07;fullmask;0.2;arrow_left.png;0.13;c;0.309167499999603;0.31031759999950737;6670.1153127;2.499999936844688e-06;0.5027584999997998;0.542779000000337;0.5947274999998626;0.6644999999998618;0.7941523999998026;1.1031286999996155;0;0;1;0;0.01
3;2;13;2;letter181;letter357;congruent;0.04;letter357;0.09;0.07;fullmask;0.2;arrow_right.png;0.13;m;0.33164249999936146;0.34000319999995554;6672.1391747;2.499999936844688e-06;0.49827669999922364;0.5382983999998032;0.5903512999993836;0.6600257000000056;0.7896599999994578;0.9203115999998772;0;0;0;1;0.01
3;2;13;3;letter181;letter357;congruent;0.04;letter357;0.09;0.07;fullmask;0.2;arrow_right.png;0.13;c;0.24054989999967802;0.2503467999995337;6673.8591545;2.499999936844688e-06;0.49772810000013123;0.5377565999997387;0.5896997999998348;0.6594691000000239;0.7891241999996055;1.0380851999998413;0;0;1;0;0.01
3;2;13;4;letter181;letter357;congruent;0.04;letter181;0.09;0.07;fullmask;0.2;arrow_left.png;0.13;c;0.287238900000375;0.29019530000005034;6675.8271512;3.000000106112566e-06;0.49929139999949257;0.539290699999583;0.5913195000002816;0.6610541000000012;0.7907040000000052;1.0796603999997387;0;0;1;0;0.01
3;2;13;5;letter181;letter357;congruent;0.04;letter357;0.09;0.07;fullmask;0.2;arrow_right.png;0.13;m;0.24437620000026072;0.2504649000002246;6677.7553079;2.599999788799323e-06;0.49858839999978954;0.5386121999999887;0.5903900000002977;0.6601615999998103;0.7908242000003156;1.0389377000001332;0;0;1;0;0.01
3;2;13;6;letter181;letter357;congruent;0.04;letter357;0.09;0.07;fullmask;0.2;arrow_right.png;0.13;m;0.25679109999964567;0.2604627000000619;6679.6991897;2.4000000848900527e-06;0.49858690000019124;0.5386171000000104;0.5906172999993942;0.6605203999997684;0.7900810000001002;1.0489527999998245;0;0;1;0;0.01
3;2;13;7;letter181;letter357;congruent;0.04;letter181;0.09;0.07;fullmask;0.2;arrow_left.png;0.13;c;0.319636499999433;0.3201445999993666;6681.7232091;2.6999996407539584e-06;0.5039403999999195;0.5439526000000114;0.5958789999995133;0.6656576999994286;0.7953139000001102;1.1143323999995118;0;0;1;0;0.01
3;2;13;8;letter181;letter357;congruent;0.04;letter357;0.09;0.07;fullmask;0.2;arrow_right.png;0.13;m;0.2843342999995002;0.2902158999995663;6683.6992142;2.600000698294025e-06;0.49686430000019755;0.5368813000004593;0.5888155000002371;0.6585645000004661;0.7882171999999628;1.0772513000001709;0;0;1;0;0.01
3;2;13;9;letter181;letter357;congruent;0.04;letter357;0.09;0.07;fullmask;0.2;arrow_right.png;0.13;m;0.26528829999915615;0.270423099999789;6685.6512975;2.899999344663229e-06;0.5030633999995189;0.5430787999994209;0.5948748999999225;0.6646513999994568;0.795317499999328;1.0634196999999403;0;0;1;0;0.01
3;2;13;10;letter181;letter357;congruent;0.04;letter181;0.09;0.07;fullmask;0.2;arrow_left.png;0.13;m;0.26584270000057586;0.27036150000003545;6687.6032383;2.600000698294025e-06;0.49804910000057134;0.53807500000039;0.5899966000006316;0.6598985000000539;0.789439900000616;1.0584402000004047;0;0;1;0;0.01
3;2;13;11;letter181;letter357;congruent;0.04;letter181;0.09;0.07;fullmask;0.2;arrow_left.png;0.13;c;0.3283828000003268;0.3301345999998375;6689.6272261;2.4000000848900527e-06;0.497837800000525;0.5378647000006822;0.5899749999998676;0.6598336000006384;0.7894008000002941;1.118230400000357;0;0;1;0;0.01
3;2;13;12;letter181;letter357;congruent;0.04;letter181;0.09;0.07;fullmask;0.2;arrow_left.png;0.13;c;0.3492967000001954;0.35008040000047913;6691.6591491;2.599999788799323e-06;0.5002727999999479;0.5402903000003789;0.5921303000004627;0.661903700000039;0.7915530000000217;0.9222018999998909;0;0;0;1;0.01
3;2;13;13;letter181;letter357;congruent;0.04;letter181;0.09;0.07;fullmask;0.2;arrow_left.png;0.13;m;0.252315699999599;0.26045979999980773;6693.4033168;2.600000698294025e-06;0.49901820000013686;0.5390363000005891;0.590842700000394;0.6606551000004401;0.7903083000001061;1.0493684000002759;0;0;1;0;0.01
3;2;13;14;letter181;letter357;congruent;0.04;letter181;0.09;0.07;fullmask;0.2;arrow_left.png;0.13;c;0.35539450000032957;0.36097440000048664;6695.4672425;2.6999996407539584e-06;0.5015854000002946;0.5415905999998358;0.5929723999997805;0.663658999999825;0.7933113999997659;0.9239466999997603;0;0;0;1;0.01
3;2;13;15;letter181;letter357;congruent;0.04;letter357;0.09;0.07;fullmask;0.2;arrow_right.png;0.13;m;0.28970769999978074;0.2902383999999074;6697.2432557;2.499999936844688e-06;0.4966551999996227;0.5366696999999476;0.5885706999997637;0.6583690999996179;0.7879964999992808;1.077015400000164;0;0;1;0;0.01
3;2;13;16;letter181;letter357;congruent;0.04;letter357;0.09;0.07;fullmask;0.2;arrow_right.png;0.13;m;0.26038429999971413;0.2703025999999227;6699.1952485;2.499999936844688e-06;0.49808779999966646;0.5381021000002875;0.5900455000000875;0.6598145999996632;0.7894668999997521;1.0584092999997665;0;0;1;0;0.01
3;2;13;17;letter181;letter357;congruent;0.04;letter181;0.09;0.07;fullmask;0.2;arrow_left.png;0.13;m;0.2533932999995159;0.26043659999959345;6701.1395065;2.599999788799323e-06;0.4985764000002746;0.5386057000005167;0.5905403000006118;0.6603125999999975;0.7899678000003405;1.048924700000498;0;0;1;0;0.01
3;2;13;18;letter181;letter357;congruent;0.04;letter357;0.09;0.07;fullmask;0.2;arrow_right.png;0.13;m;0.28952659999958996;0.2899845000001733;6703.1071801;2.499999936844688e-06;0.49651360000007116;0.5365414999996574;0.5887890000003608;0.658348300000398;0.787999199999831;1.076941899999838;0;0;1;0;0.01
3;2;13;19;letter181;letter357;congruent;0.04;letter357;0.09;0.07;fullmask;0.2;arrow_right.png;0.13;m;0.3025879000006171;0.31019130000004225;6705.0911443;2.2999993234407157e-06;0.5019961999996667;0.5420252999992954;0.5939078000001246;0.6636877000000823;0.7933420999997907;1.1023870999997598;0;0;1;0;0.01
3;2;13;20;letter181;letter357;congruent;0.04;letter181;0.09;0.07;fullmask;0.2;arrow_left.png;0.13;c;0.34326879999935045;0.3500687999994625;6707.1231357;2.3000002329354174e-06;0.5025966000002882;0.5426135999996404;0.5945369000000937;0.6643021999998382;0.7939580000002024;0.9246102999995855;0;0;0;1;0.01
3;2;13;21;letter181;letter357;congruent;0.04;letter357;0.09;0.07;fullmask;0.2;arrow_right.png;0.13;m;0.31427960000019084;0.32027860000016517;6708.9153863;2.600000698294025e-06;0.4980875000001106;0.5381053000000975;0.5900904000000082;0.6598689000002196;0.789516700000604;1.1084887000006347;0;0;1;0;0.01
3;2;13;22;letter181;letter357;congruent;0.04;letter357;0.09;0.07;fullmask;0.2;arrow_right.png;0.13;m;0.29484509999929287;0.3002459999997882;6710.9072497;2.5000008463393897e-06;0.4978212000005442;0.5378436000000875;0.589828099999977;0.6595097000008536;0.7901749000002383;1.0881951999999728;0;0;1;0;0.01
3;2;13;23;letter181;letter357;congruent;0.04;letter181;0.09;0.07;fullmask;0.2;arrow_left.png;0.13;m;0.2756107000004704;0.280311200000142;6712.8591941;2.599999788799323e-06;0.49701939999977185;0.5370426999998017;0.5889463000003161;0.658850199999506;0.7884140999994997;1.0674014999995052;0;0;1;0;0.01
3;2;13;24;letter181;letter357;congruent;0.04;letter181;0.09;0.07;fullmask;0.2;arrow_left.png;0.13;c;0.3241226000000097;0.33013800000026094;6714.8591883;2.499999936844688e-06;0.5034972000003108;0.5435201999998753;0.5956578000004811;0.6655177000002368;0.7950842999998713;1.1238930999998047;0;0;1;0;0.01
3;2;13;25;letter181;letter357;congruent;0.04;letter181;0.09;0.07;fullmask;0.2;arrow_left.png;0.13;c;0.33701810000002297;0.34023900000011054;6716.8832248;2.4000000848900527e-06;0.4996776999996655;0.5396934999998848;0.5916672999992443;0.6615622999997868;0.7911254999999073;0.921776499999396;0;0;0;1;0.01
3;2;13;26;letter181;letter357;congruent;0.04;letter181;0.09;0.07;fullmask;0.2;arrow_left.png;0.13;c;0.26412660000005417;0.27035650000016176;6718.6114332;2.6999996407539584e-06;0.49556959999972605;0.5355805999997756;0.5875148999994053;0.6574141999999483;0.7869794999996884;1.0559200999996392;0;0;1;0;0.01
3;2;13;27;letter181;letter357;congruent;0.04;letter357;0.09;0.07;fullmask;0.2;arrow_right.png;0.13;m;0.288470800000141;0.29023980000056326;6720.5871632;2.599999788799323e-06;0.5032186999997066;0.543228900000031;0.5952932000000146;0.6650647999995272;0.794719299999997;1.0835849999994025;0;0;1;0;0.01
3;2;13;28;letter181;letter357;congruent;0.04;letter357;0.09;0.07;fullmask;0.2;arrow_right.png;0.13;c;0.2853113000001031;0.2902838999998494;6722.5551268;2.600000698294025e-06;0.497502600000189;0.5375290000001769;0.5894205000004149;0.6592349000002287;0.7888898000001063;1.0778520000003482;0;0;1;0;0.01
3;2;13;29;letter181;letter357;congruent;0.04;letter357;0.09;0.07;fullmask;0.2;arrow_right.png;0.13;m;0.30263580000064394;0.3102782000005391;6724.563127;2.499999936844688e-06;0.5045701999997618;0.544579899999917;0.5958874999996624;0.666753599999538;0.7964038000000073;1.1049462999999378;0;0;1;0;0.01
3;2;13;30;letter181;letter357;congruent;0.04;letter181;0.09;0.07;fullmask;0.2;arrow_left.png;0.13;c;0.3347319999993488;0.340158999999403;6726.5872382;2.499999936844688e-06;0.4970161000001099;0.5370143000000098;0.5890530000006038;0.6589441000005536;0.788509800000611;0.9191571999999724;0;0;0;1;0.01
3;2;13;31;letter181;letter357;congruent;0.04;letter181;0.09;0.07;fullmask;0.2;arrow_left.png;0.13;m;0.23953910000000178;0.240375800000038;6728.3231244;2.600000698294025e-06;0.5034456000003047;0.5434720000002926;0.5954131000007692;0.665181900000789;0.7948354000000108;1.033814600000369;0;0;1;0;0.01
3;2;13;32;letter181;letter357;congruent;0.04;letter181;0.09;0.07;fullmask;0.2;arrow_left.png;0.13;c;0.3823146999993696;0.38997159999962605;6730.3871309;2.599999788799323e-06;0.5027570000002015;0.5427834000001894;0.594722400000137;0.6644993999998405;0.7941424000000552;0.9247920999996495;0;0;0;1;0.01
3;2;13;33;letter181;letter357;congruent;0.04;letter357;0.09;0.07;fullmask;0.2;arrow_right.png;0.13;m;0.2794248999998672;0.28026539999973465;6732.1551774;2.499999936844688e-06;0.49898140000004787;0.5390174000003753;0.5906894999998258;0.6604549000003317;0.7911383999999089;1.0693536999997377;0;0;1;0;0.01
3;2;13;34;letter181;letter357;congruent;0.04;letter357;0.09;0.07;fullmask;0.2;arrow_right.png;0.13;m;0.2958024999998088;0.30022099999951024;6734.1232097;2.599999788799323e-06;0.5016660999999658;0.5416888999998264;0.5937664000002769;0.6635345000004236;0.7930966000003536;1.0920610000002853;0;0;1;0;0.01
3;2;13;35;letter181;letter357;congruent;0.04;letter181;0.09;0.07;fullmask;0.2;arrow_left.png;0.13;c;0.2904394000006505;0.3001908000005642;6736.0991271;2.600000698294025e-06;0.503153000000566;0.5431809000001522;0.5952619999998205;0.6650141000000076;0.7946639000001596;1.0935417999999117;0;0;1;0;0.01
3;2;13;36;letter181;letter357;congruent;0.04;letter357;0.09;0.07;fullmask;0.2;arrow_right.png;0.13;m;0.26011060000018915;0.2602137000003495;6738.0591899;2.499999936844688e-06;0.503481599999759;0.5435034000001906;0.5947024000006422;0.6654810999998517;0.7951245000003837;1.0538297000002785;0;0;1;0;0.01
3;2;13;37;letter181;letter357;congruent;0.04;letter181;0.09;0.07;fullmask;0.2;arrow_left.png;0.13;c;0.2881500000003143;0.2903353000001516;6740.0192194;2.600000698294025e-06;0.49784830000044167;0.5378655000004073;0.5898166000006313;0.6595894000001863;0.7892426000007617;1.0782262000002447;0;0;1;0;0.01
3;2;13;38;letter181;letter357;congruent;0.04;letter357;0.09;0.07;fullmask;0.2;arrow_right.png;0.13;m;0.2867678000002343;0.2903735999998389;6741.9791943;2.499999936844688e-06;0.5019959999999628;0.5420444000001226;0.5940565999999308;0.6641217000005781;0.7935138000002553;1.0823645000000397;0;0;1;0;0.01
3;2;13;39;letter181;letter357;congruent;0.04;letter357;0.09;0.07;fullmask;0.2;arrow_right.png;0.13;m;0.28347259999918606;0.29028349999953207;6743.9471429;2.499999936844688e-06;0.49652550000064366;0.5365721000007397;0.588579799999934;0.6584837000000334;0.7880588000007265;1.076918100000512;0;0;1;0;0.01
3;2;13;40;letter181;letter357;congruent;0.04;letter181;0.09;0.07;fullmask;0.2;arrow_left.png;0.13;c;0.29044299999986833;0.3002112999993187;6745.915151;2.600000698294025e-06;0.5003659000003609;0.5403697000001557;0.5921784000001935;0.6619595000001937;0.7926138000002538;1.090746400000171;0;0;1;0;0.01
3;2;13;41;letter181;letter357;congruent;0.04;letter181;0.09;0.07;fullmask;0.2;arrow_left.png;0.13;c;0.3409673999994993;0.3501245999996172;6747.9471224;2.599999788799323e-06;0.5037697999996453;0.5437802999995256;0.5957678999993732;0.6656702000000223;0.7952427000000171;0.9258890999999494;0;0;0;1;0.01
3;2;13;42;letter181;letter357;congruent;0.04;letter181;0.09;0.07;fullmask;0.2;arrow_left.png;0.13;m;0.25760189999982686;0.25932190000003175;6749.7151273;2.4000000848900527e-06;0.5028306000003795;0.5428499999998166;0.5950089999996635;0.6647888999996212;0.7944410999998581;1.053174100000433;0;0;1;0;0.01
3;2;13;43;letter181;letter357;congruent;0.04;letter357;0.09;0.07;fullmask;0.2;arrow_right.png;0.13;m;0.26707579999947484;0.27043739999953686;6751.6751963;2.399999175395351e-06;0.5037677000000258;0.5437769999998636;0.5952799999995477;0.6651837999997952;0.7957428999998228;1.0641176999997697;0;0;1;0;0.01
3;2;13;44;letter181;letter357;congruent;0.04;letter357;0.09;0.07;fullmask;0.2;arrow_right.png;0.13;c;0.1214228999997431;0.1296664999999848;6753.4911277;2.70000055024866e-06;0.497228900000664;0.5372402000002694;0.5890776000005644;0.6588531000006697;0.718744599999809;0.71874680000019;0;1;0;0;0.01
3;2;13;45;letter181;letter357;congruent;0.04;letter357;0.09;0.07;fullmask;0.2;arrow_right.png;0.13;m;0.6282227000001512;0.6303272000004654;6755.6191159;2.499999936844688e-06;0.5021397999998953;0.5421487000003253;0.5941269000004468;0.6639038000002984;0.7935575999999855;0.9242259000002377;0;0;0;1;0.01
3;2;13;46;letter181;letter357;congruent;0.04;letter181;0.09;0.07;fullmask;0.2;arrow_left.png;0.13;c;0.3249078999997437;0.33013649999975314;6757.4271221;2.6999996407539584e-06;0.4983217999997578;0.5383341999995537;0.5902787999993961;0.6600494999993316;0.7897086999992098;1.118737499999952;0;0;1;0;0.01
3;2;13;47;letter181;letter357;congruent;0.04;letter181;0.09;0.07;fullmask;0.2;arrow_left.png;0.13;m;0.2716504999998506;0.28029569999944215;6759.3952644;2.7999994927085936e-06;0.5015020999999251;0.5415335999996387;0.5935708999995768;0.6632614000000103;0.7929052999998021;1.0718694999995932;0;0;1;0;0.01
3;2;13;48;letter181;letter357;congruent;0.04;letter357;0.09;0.07;fullmask;0.2;arrow_right.png;0.13;m;0.2803790999996636;0.290197100000114;6761.3551203;2.8000004022032954e-06;0.5029389000001174;0.5429397000007157;0.5948558000000048;0.6645874000005279;0.7942425999999614;1.0832997000006799;0;0;1;0;0.01
