Pudel2   7   1   1   1   4  24   2   1   1   1 VWL 3 1 2 5 4 6
Pudel2   7   1   1   1   4  24   2   1   1   1 VWL 1 6 3 2 4 5
Pudel2   7   1   1   1   4  24   2   1   1   1 VWL   1   1   4 1719   4   1
Pudel2   7   1   1   1   4  24   2   1   1   1 VWL   1   2   6 797   6   1
Pudel2   7   1   1   1   4  24   2   1   1   1 VWL   1   3   1 592   1   1
Pudel2   7   1   1   1   4  24   2   1   1   1 VWL   1   4   5 822   5   1
Pudel2   7   1   1   1   4  24   2   1   1   1 VWL   1   5   3 832   3   1
Pudel2   7   1   1   1   4  24   2   1   1   1 VWL   1   6   2 582   2   1
Pudel2   7   1   1   1   4  24   2   1   1   1 VWL   1   7   1 512   1   1
Pudel2   7   1   1   1   4  24   2   1   1   1 VWL   1   8   3 759   3   1
Pudel2   7   1   1   1   4  24   2   1   1   1 VWL   1   9   5 791   4   0
Pudel2   7   1   1   1   4  24   2   1   1   1 VWL   1  10   6 756   6   1
Pudel2   7   1   1   1   4  24   2   1   1   1 VWL   1  11   5 694   5   1
Pudel2   7   1   1   1   4  24   2   1   1   1 VWL   1  12   2 805   2   1
Pudel2   7   1   1   1   4  24   2   1   1   1 VWL   1  13   3 686   4   0
Pudel2   7   1   1   1   4  24   2   1   1   1 VWL   1  14   1 763   1   1
Pudel2   7   1   1   1   4  24   2   1   1   1 VWL   1  15   6 591   6   1
Pudel2   7   1   1   1   4  24   2   1   1   1 VWL   1  16   3 943   3   1
Pudel2   7   1   1   1   4  24   2   1   1   1 VWL   1  17   5 864   5   1
Pudel2   7   1   1   1   4  24   2   1   1   1 VWL   1  18   2 742   2   1
Pudel2   7   1   1   1   4  24   2   1   1   1 VWL   1  19   4 887   4   1
Pudel2   7   1   1   1   4  24   2   1   1   1 VWL   1  20   1 726   1   1
Pudel2   7   1   1   1   4  24   2   1   1   1 VWL   1  21   6 574   6   1
Pudel2   7   1   1   1   4  24   2   1   1   1 VWL   1  22   3 799   3   1
Pudel2   7   1   1   1   4  24   2   1   1   1 VWL   1  23   5 799   5   1
Pudel2   7   1   1   1   4  24   2   1   1   1 VWL   1  24   2 742   2   1
Pudel2   7   1   1   1   4  24   2   1   1   1 VWL   1  25   4 663   4   1
Pudel2   7   1   1   1   4  24   2   1   1   1 VWL   1  26   1 679   1   1
Pudel2   7   1   1   1   4  24   2   1   1   1 VWL   1  27   5 791   5   1
Pudel2   7   1   1   1   4  24   2   1   1   1 VWL   1  28   3 703   3   1
Pudel2   7   1   1   1   4  24   2   1   1   1 VWL   1  29   2 679   2   1
Pudel2   7   1   1   1   4  24   2   1   1   1 VWL   1  30   6 639   6   1
Pudel2   7   1   1   1   4  24   2   1   1   1 VWL   1  31   1 678   1   1
Pudel2   7   1   1   1   4  24   2   1   1   1 VWL   1  32   5 743   5   1
Pudel2   7   1   1   1   4  24   2   1   1   1 VWL   1  33   3 784   4   0
Pudel2   7   1   1   1   4  24   2   1   1   1 VWL   1  34   6 676   6   1
Pudel2   7   1   1   1   4  24   2   1   1   1 VWL   1  35   3 814   3   1
Pudel2   7   1   1   1   4  24   2   1   1   1 VWL   1  36   2 680   2   1
Pudel2   7   1   1   1   4  24   2   1   1   1 VWL   1  37   1 574   1   1
Pudel2   7   1   1   1   4  24   2   1   1   1 VWL   1  38   3 727   3   1
Pudel2   7   1   1   1   4  24   2   1   1   1 VWL   1  39   4 694   4   1
Pudel2   7   1   1   1   4  24   2   1   1   1 VWL   1  40   5 721   5   1
Pudel2   7   1   1   1   4  24   2   1   1   1 VWL   1  41   2 869   2   1
Pudel2   7   1   1   1   4  24   2   1   1   1 VWL   1  42   6 1007   6   1
Pudel2   7   1   1   1   4  24   2   1   1   1 VWL   1  43   3 719   3   1
Pudel2   7   1   1   1   4  24   2   1   1   1 VWL   1  44   6 765   5   0
Pudel2   7   1   1   1   4  24   2   1   1   1 VWL   1  45   2 803   2   1
Pudel2   7   1   1   1   4  24   2   1   1   1 VWL   1  46   4 864   4   1
Pudel2   7   1   1   1   4  24   2   1   1   1 VWL   1  47   1 686   1   1
Pudel2   7   1   1   1   4  24   2   1   1   1 VWL   1  48   6 638   6   1
Pudel2   7   1   1   1   4  24   2   1   1   1 VWL   1  49   3 711   3   1
Pudel2   7   1   1   1   4  24   2   1   1   1 VWL   1  50   5 695   5   1
Pudel2   7   1   1   1   4  24   2   1   1   1 VWL   1  51   2 718   2   1
Pudel2   7   1   1   1   4  24   2   1   1   1 VWL   1  52   4 743   4   1
Pudel2   7   1   1   1   4  24   2   1   1   1 VWL   1  53   1 671   1   1
Pudel2   7   1   1   1   4  24   2   1   1   1 VWL   1  54   6 575   6   1
Pudel2   7   1   1   1   4  24   2   1   1   1 VWL   1  55   3 734   3   1
Pudel2   7   1   1   1   4  24   2   1   1   1 VWL   1  56   5 735   5   1
Pudel2   7   1   1   1   4  24   2   1   1   1 VWL   1  57   6 664   6   1
Pudel2   7   1   1   1   4  24   2   1   1   1 VWL   1  58   4 662   4   1
Pudel2   7   1   1   1   4  24   2   1   1   1 VWL   1  59   1 630   1   1
Pudel2   7   1   1   1   4  24   2   1   1   1 VWL   1  60   2 743   2   1
Pudel2   7   1   1   1   4  24   2   1   1   1 VWL   1  61   3 671   3   1
Pudel2   7   1   1   1   4  24   2   1   1   1 VWL   1  62   1 656   1   1
Pudel2   7   1   1   1   4  24   2   1   1   1 VWL   1  63   2 718   2   1
Pudel2   7   1   1   1   4  24   2   1   1   1 VWL   1  64   6 646   6   1
Pudel2   7   1   1   1   4  24   2   1   1   1 VWL   1  65   5 815   5   1
Pudel2   7   1   1   1   4  24   2   1   1   1 VWL   1  66   4 639   4   1
Pudel2   7   1   1   1   4  24   2   1   1   1 VWL   1  67   1 647   1   1
Pudel2   7   1   1   1   4  24   2   1   1   1 VWL   1  68   3 696   3   1
Pudel2   7   1   1   1   4  24   2   1   1   1 VWL   1  69   2 589   2   1
Pudel2   7   1   1   1   4  24   2   1   1   1 VWL   1  70   6 599   6   1
Pudel2   7   1   1   1   4  24   2   1   1   1 VWL   1  71   5 704   5   1
Pudel2   7   1   1   1   4  24   2   1   1   1 VWL   1  72   4 646   4   1
Pudel2   7   1   1   1   4  24   2   1   1   1 VWL   1  73   1 647   1   1
Pudel2   7   1   1   1   4  24   2   1   1   1 VWL   1  74   6 647   6   1
Pudel2   7   1   1   1   4  24   2   1   1   1 VWL   1  75   3 727   3   1
Pudel2   7   1   1   1   4  24   2   1   1   1 VWL   1  76   5 735   5   1
Pudel2   7   1   1   1   4  24   2   1   1   1 VWL   1  77   2 638   2   1
Pudel2   7   1   1   1   4  24   2   1   1   1 VWL   1  78   4 607   4   1
Pudel2   7   1   1   1   4  24   2   1   1   1 VWL   1  79   1 647   1   1
Pudel2   7   1   1   1   4  24   2   1   1   1 VWL   1  80   6 566   6   1
Pudel2   7   1   1   1   4  24   2   1   1   1 VWL   1  81   3 694   3   1
Pudel2   7   1   1   1   4  24   2   1   1   1 VWL   1  82   5 711   5   1
Pudel2   7   1   1   1   4  24   2   1   1   1 VWL   1  83   2 672   2   1
Pudel2   7   1   1   1   4  24   2   1   1   1 VWL   1  84   4 767   4   1
Pudel2   7   1   1   1   4  24   2   1   1   1 VWL   1  85   1 686   1   1
Pudel2   7   1   1   1   4  24   2   1   1   1 VWL   1  86   6 559   6   1
Pudel2   7   1   1   1   4  24   2   1   1   1 VWL   1  87   3 831   3   1
Pudel2   7   1   1   1   4  24   2   1   1   1 VWL   1  88   5 871   5   1
Pudel2   7   1   1   1   4  24   2   1   1   1 VWL   1  89   2 798   2   1
Pudel2   7   1   1   1   4  24   2   1   1   1 VWL   1  90   4 583   4   1
Pudel2   7   1   1   1   4  24   2   1   1   1 VWL   1  91   1 615   1   1
Pudel2   7   1   1   1   4  24   2   1   1   1 VWL   1  92   6 534   6   1
Pudel2   7   1   1   1   4  24   2   1   1   1 VWL   1  93   4 1046   4   1
Pudel2   7   1   1   1   4  24   2   1   1   1 VWL   1  94   5 719   5   1
Pudel2   7   1   1   1   4  24   2   1   1   1 VWL   1  95   3 621   3   1
Pudel2   7   1   1   1   4  24   2   1   1   1 VWL   1  96   2 576   2   1
Pudel2   7   1   1   1   4  24   2   1   1   1 VWL   1  97   4 695   4   1
Pudel2   7   1   1   1   4  24   2   1   1   1 VWL   1  98   5 655   5   1
Pudel2   7   1   1   1   4  24   2   1   1   1 VWL   1  99   1 687   1   1
Pudel2   7   1   1   1   4  24   2   1   1   1 VWL   1 100   3 742   3   1
Pudel2   7   1   1   1   4  24   2   1   1   1 VWL   1 101   6 552   6   1
Pudel2   7   1   1   1   4  24   2   1   1   1 VWL   1 102   2 694   2   1
Pudel2   7   1   1   1   4  24   2   1   1   1 VWL   1 103   1 736   1   1
Pudel2   7   1   1   1   4  24   2   1   1   1 VWL   1 104   5 886   5   1
Pudel2   7   1   1   1   4  24   2   1   1   1 VWL   1 105   3 709   3   1
Pudel2   7   1   1   1   4  24   2   1   1   1 VWL   1 106   4 608   4   1
Pudel2   7   1   1   1   4  24   2   1   1   1 VWL   1 107   6 639   6   1
Pudel2   7   1   1   1   4  24   2   1   1   1 VWL   1 108   2 728   2   1
Pudel2   7   1   1   1   4  24   2   1   1   1 VWL   1 109   4 703   4   1
Pudel2   7   1   1   1   4  24   2   1   1   1 VWL   1 110   6 694   6   1
Pudel2   7   1   1   1   4  24   2   1   1   1 VWL   1 111   2 695   2   1
Pudel2   7   1   1   1   4  24   2   1   1   1 VWL   1 112   3 710   3   1
Pudel2   7   1   1   1   4  24   2   1   1   1 VWL   1 113   1 887   1   1
Pudel2   7   1   1   1   4  24   2   1   1   1 VWL   1 114   5 775   5   1
Pudel2   7   1   1   1   4  24   2   1   1   1 VWL   1 115   2 703   2   1
Pudel2   7   1   1   1   4  24   2   1   1   1 VWL   1 116   4 743   4   1
Pudel2   7   1   1   1   4  24   2   1   1   1 VWL   1 117   1 655   1   1
Pudel2   7   1   1   1   4  24   2   1   1   1 VWL   1 118   6 542   6   1
Pudel2   7   1   1   1   4  24   2   1   1   1 VWL   1 119   3 705   3   1
Pudel2   7   1   1   1   4  24   2   1   1   1 VWL   1 120   5 703   5   1
Pudel2   7   1   1   1   4  24   2   1   1   1 VWL   1 121   2 575   2   1
Pudel2   7   1   1   1   4  24   2   1   1   1 VWL   1 122   4 653   4   1
Pudel2   7   1   1   1   4  24   2   1   1   1 VWL   1 123   1 719   1   1
Pudel2   7   1   1   1   4  24   2   1   1   1 VWL   1 124   6 511   6   1
Pudel2   7   1   1   1   4  24   2   1   1   1 VWL   1 125   3 727   3   1
Pudel2   7   1   1   1   4  24   2   1   1   1 VWL   1 126   5 623   5   1
Pudel2   7   1   1   1   4  24   2   1   1   1 VWL   1 127   2 662   2   1
Pudel2   7   1   1   1   4  24   2   1   1   1 VWL   1 128   4 631   4   1
Pudel2   7   1   1   1   4  24   2   1   1   1 VWL   1 129   1 742   1   1
Pudel2   7   1   1   1   4  24   2   1   1   1 VWL   1 130   6 568   6   1
Pudel2   7   1   1   1   4  24   2   1   1   1 VWL   1 131   3 678   3   1
Pudel2   7   1   1   1   4  24   2   1   1   1 VWL   1 132   5 600   5   1
Pudel2   7   1   1   1   4  24   2   1   1   1 VWL   1 133   2 621   2   1
Pudel2   7   1   1   1   4  24   2   1   1   1 VWL   1 134   4 584   4   1
Pudel2   7   1   1   1   4  24   2   1   1   1 VWL   1 135   3 551   3   1
Pudel2   7   1   1   1   4  24   2   1   1   1 VWL   1 136   5 687   5   1
Pudel2   7   1   1   1   4  24   2   1   1   1 VWL   1 137   1 567   1   1
Pudel2   7   1   1   1   4  24   2   1   1   1 VWL   1 138   6 485   6   1
Pudel2   7   1   1   1   4  24   2   1   1   1 VWL   1 139   3 688   3   1
Pudel2   7   1   1   1   4  24   2   1   1   1 VWL   1 140   2 605   2   1
Pudel2   7   1   1   1   4  24   2   1   1   1 VWL   1 141   5 751   5   1
Pudel2   7   1   1   1   4  24   2   1   1   1 VWL   1 142   4 526   4   1
Pudel2   7   1   1   1   4  24   2   1   1   1 VWL   1 143   6 615   6   1
Pudel2   7   1   1   1   4  24   2   1   1   1 VWL   1 144   1 470   1   1
Pudel2   7   1   1   1   4  24   2   1   1   1 VWL   2   1   3 710   3   1
Pudel2   7   1   1   1   4  24   2   1   1   1 VWL   2   2   5 663   5   1
Pudel2   7   1   1   1   4  24   2   1   1   1 VWL   2   3   2 638   2   1
Pudel2   7   1   1   1   4  24   2   1   1   1 VWL   2   4   1 591   1   1
Pudel2   7   1   1   1   4  24   2   1   1   1 VWL   2   5   4 703   4   1
Pudel2   7   1   1   1   4  24   2   1   1   1 VWL   2   6   6 581   6   1
Pudel2   7   1   1   1   4  24   2   1   1   1 VWL   2   7   1 623   1   1
Pudel2   7   1   1   1   4  24   2   1   1   1 VWL   2   8   2 703   2   1
Pudel2   7   1   1   1   4  24   2   1   1   1 VWL   2   9   6 663   6   1
Pudel2   7   1   1   1   4  24   2   1   1   1 VWL   2  10   4 591   4   1
Pudel2   7   1   1   1   4  24   2   1   1   1 VWL   2  11   3 567   3   1
Pudel2   7   1   1   1   4  24   2   1   1   1 VWL   2  12   5 583   5   1
Pudel2   7   1   1   1   4  24   2   1   1   1 VWL   2  13   2 486   2   1
Pudel2   7   1   1   1   4  24   2   1   1   1 VWL   2  14   4 559   4   1
Pudel2   7   1   1   1   4  24   2   1   1   1 VWL   2  15   1 614   1   1
Pudel2   7   1   1   1   4  24   2   1   1   1 VWL   2  16   6 486   6   1
Pudel2   7   1   1   1   4  24   2   1   1   1 VWL   2  17   3 687   3   1
Pudel2   7   1   1   1   4  24   2   1   1   1 VWL   2  18   5 551   5   1
Pudel2   7   1   1   1   4  24   2   1   1   1 VWL   2  19   2 495   2   1
Pudel2   7   1   1   1   4  24   2   1   1   1 VWL   2  20   4 527   4   1
Pudel2   7   1   1   1   4  24   2   1   1   1 VWL   2  21   1 591   1   1
Pudel2   7   1   1   1   4  24   2   1   1   1 VWL   2  22   6 479   6   1
Pudel2   7   1   1   1   4  24   2   1   1   1 VWL   2  23   3 509   3   1
Pudel2   7   1   1   1   4  24   2   1   1   1 VWL   2  24   5 737   5   1
Pudel2   7   1   1   1   4  24   2   1   1   1 VWL   2  25   2 646   2   1
Pudel2   7   1   1   1   4  24   2   1   1   1 VWL   2  26   4 518   4   1
Pudel2   7   1   1   1   4  24   2   1   1   1 VWL   2  27   1 543   1   1
Pudel2   7   1   1   1   4  24   2   1   1   1 VWL   2  28   6 527   6   1
Pudel2   7   1   1   1   4  24   2   1   1   1 VWL   2  29   3 575   3   1
Pudel2   7   1   1   1   4  24   2   1   1   1 VWL   2  30   5 566   5   1
Pudel2   7   1   1   1   4  24   2   1   1   1 VWL   2  31   2 503   2   1
Pudel2   7   1   1   1   4  24   2   1   1   1 VWL   2  32   4 557   4   1
Pudel2   7   1   1   1   4  24   2   1   1   1 VWL   2  33   5 760   5   1
Pudel2   7   1   1   1   4  24   2   1   1   1 VWL   2  34   2 606   3   0
Pudel2   7   1   1   1   4  24   2   1   1   1 VWL   2  35   6 699   6   1
Pudel2   7   1   1   1   4  24   2   1   1   1 VWL   2  36   1 486   1   1
Pudel2   7   1   1   1   4  24   2   1   1   1 VWL   2  37   5 638   5   1
Pudel2   7   1   1   1   4  24   2   1   1   1 VWL   2  38   6 718   6   1
Pudel2   7   1   1   1   4  24   2   1   1   1 VWL   2  39   4 735   4   1
Pudel2   7   1   1   1   4  24   2   1   1   1 VWL   2  40   1 695   1   1
Pudel2   7   1   1   1   4  24   2   1   1   1 VWL   2  41   2 703   2   1
Pudel2   7   1   1   1   4  24   2   1   1   1 VWL   2  42   3 583   3   1
Pudel2   7   1   1   1   4  24   2   1   1   1 VWL   2  43   5 630   5   1
Pudel2   7   1   1   1   4  24   2   1   1   1 VWL   2  44   6 631   6   1
Pudel2   7   1   1   1   4  24   2   1   1   1 VWL   2  45   3 711   3   1
Pudel2   7   1   1   1   4  24   2   1   1   1 VWL   2  46   4 630   4   1
Pudel2   7   1   1   1   4  24   2   1   1   1 VWL   2  47   1 631   1   1
Pudel2   7   1   1   1   4  24   2   1   1   1 VWL   2  48   2 727   2   1
Pudel2   7   1   1   1   4  24   2   1   1   1 VWL   2  49   4 607   4   1
Pudel2   7   1   1   1   4  24   2   1   1   1 VWL   2  50   1 720   1   1
Pudel2   7   1   1   1   4  24   2   1   1   1 VWL   2  51   6 574   6   1
Pudel2   7   1   1   1   4  24   2   1   1   1 VWL   2  52   3 536   3   1
Pudel2   7   1   1   1   4  24   2   1   1   1 VWL   2  53   5 565   5   1
Pudel2   7   1   1   1   4  24   2   1   1   1 VWL   2  54   2 535   2   1
Pudel2   7   1   1   1   4  24   2   1   1   1 VWL   2  55   4 864   4   1
Pudel2   7   1   1   1   4  24   2   1   1   1 VWL   2  56   1 703   1   1
Pudel2   7   1   1   1   4  24   2   1   1   1 VWL   2  57   6 534   6   1
Pudel2   7   1   1   1   4  24   2   1   1   1 VWL   2  58   3 871   3   1
Pudel2   7   1   1   1   4  24   2   1   1   1 VWL   2  59   5 573   5   1
Pudel2   7   1   1   1   4  24   2   1   1   1 VWL   2  60   2 647   2   1
Pudel2   7   1   1   1   4  24   2   1   1   1 VWL   2  61   4 574   4   1
Pudel2   7   1   1   1   4  24   2   1   1   1 VWL   2  62   1 640   1   1
Pudel2   7   1   1   1   4  24   2   1   1   1 VWL   2  63   6 487   6   1
Pudel2   7   1   1   1   4  24   2   1   1   1 VWL   2  64   3 590   3   1
Pudel2   7   1   1   1   4  24   2   1   1   1 VWL   2  65   5 575   5   1
Pudel2   7   1   1   1   4  24   2   1   1   1 VWL   2  66   2 552   2   1
Pudel2   7   1   1   1   4  24   2   1   1   1 VWL   2  67   4 558   4   1
Pudel2   7   1   1   1   4  24   2   1   1   1 VWL   2  68   1 542   1   1
Pudel2   7   1   1   1   4  24   2   1   1   1 VWL   2  69   2 767   2   1
Pudel2   7   1   1   1   4  24   2   1   1   1 VWL   2  70   5 581   3   0
Pudel2   7   1   1   1   4  24   2   1   1   1 VWL   2  71   6 795   6   1
Pudel2   7   1   1   1   4  24   2   1   1   1 VWL   2  72   5 736   5   1
Pudel2   7   1   1   1   4  24   2   1   1   1 VWL   2  73   3 662   3   1
Pudel2   7   1   1   1   4  24   2   1   1   1 VWL   2  74   2 782   2   1
Pudel2   7   1   1   1   4  24   2   1   1   1 VWL   2  75   6 783   6   1
Pudel2   7   1   1   1   4  24   2   1   1   1 VWL   2  76   4 686   4   1
Pudel2   7   1   1   1   4  24   2   1   1   1 VWL   2  77   1 550   1   1
Pudel2   7   1   1   1   4  24   2   1   1   1 VWL   2  78   5 687   5   1
Pudel2   7   1   1   1   4  24   2   1   1   1 VWL   2  79   6 694   6   1
Pudel2   7   1   1   1   4  24   2   1   1   1 VWL   2  80   2 607   2   1
Pudel2   7   1   1   1   4  24   2   1   1   1 VWL   2  81   3 592   3   1
Pudel2   7   1   1   1   4  24   2   1   1   1 VWL   2  82   1 575   1   1
Pudel2   7   1   1   1   4  24   2   1   1   1 VWL   2  83   4 710   4   1
Pudel2   7   1   1   1   4  24   2   1   1   1 VWL   2  84   5 719   5   1
Pudel2   7   1   1   1   4  24   2   1   1   1 VWL   2  85   6 615   6   1
Pudel2   7   1   1   1   4  24   2   1   1   1 VWL   2  86   3 646   4   0
Pudel2   7   1   1   1   4  24   2   1   1   1 VWL   2  87   2 747   2   1
Pudel2   7   1   1   1   4  24   2   1   1   1 VWL   2  88   5 855   5   1
Pudel2   7   1   1   1   4  24   2   1   1   1 VWL   2  89   1 679   1   1
Pudel2   7   1   1   1   4  24   2   1   1   1 VWL   2  90   3 911   3   1
Pudel2   7   1   1   1   4  24   2   1   1   1 VWL   2  91   5 751   5   1
Pudel2   7   1   1   1   4  24   2   1   1   1 VWL   2  92   2 1086   2   1
Pudel2   7   1   1   1   4  24   2   1   1   1 VWL   2  93   4 663   4   1
Pudel2   7   1   1   1   4  24   2   1   1   1 VWL   2  94   1 639   1   1
Pudel2   7   1   1   1   4  24   2   1   1   1 VWL   2  95   6 583   6   1
Pudel2   7   1   1   1   4  24   2   1   1   1 VWL   2  96   3 622   3   1
Pudel2   7   1   1   1   4  24   2   1   1   1 VWL   2  97   5 574   5   1
Pudel2   7   1   1   1   4  24   2   1   1   1 VWL   2  98   2 585   2   1
Pudel2   7   1   1   1   4  24   2   1   1   1 VWL   2  99   4 662   4   1
Pudel2   7   1   1   1   4  24   2   1   1   1 VWL   2 100   1 542   1   1
Pudel2   7   1   1   1   4  24   2   1   1   1 VWL   2 101   6 519   6   1
Pudel2   7   1   1   1   4  24   2   1   1   1 VWL   2 102   3 702   3   1
Pudel2   7   1   1   1   4  24   2   1   1   1 VWL   2 103   5 678   5   1
Pudel2   7   1   1   1   4  24   2   1   1   1 VWL   2 104   2 591   2   1
Pudel2   7   1   1   1   4  24   2   1   1   1 VWL   2 105   4 598   4   1
Pudel2   7   1   1   1   4  24   2   1   1   1 VWL   2 106   6 679   6   1
Pudel2   7   1   1   1   4  24   2   1   1   1 VWL   2 107   3 703   3   1
Pudel2   7   1   1   1   4  24   2   1   1   1 VWL   2 108   1 694   1   1
Pudel2   7   1   1   1   4  24   2   1   1   1 VWL   2 109   6 592   6   1
Pudel2   7   1   1   1   4  24   2   1   1   1 VWL   2 110   4 646   4   1
Pudel2   7   1   1   1   4  24   2   1   1   1 VWL   2 111   5 646   5   1
Pudel2   7   1   1   1   4  24   2   1   1   1 VWL   2 112   2 551   2   1
Pudel2   7   1   1   1   4  24   2   1   1   1 VWL   2 113   1 662   1   1
Pudel2   7   1   1   1   4  24   2   1   1   1 VWL   2 114   3 758   3   1
Pudel2   7   1   1   1   4  24   2   1   1   1 VWL   2 115   6 591   6   1
Pudel2   7   1   1   1   4  24   2   1   1   1 VWL   2 116   1 767   1   1
Pudel2   7   1   1   1   4  24   2   1   1   1 VWL   2 117   2 838   2   1
Pudel2   7   1   1   1   4  24   2   1   1   1 VWL   2 118   5 687   5   1
Pudel2   7   1   1   1   4  24   2   1   1   1 VWL   2 119   3 559   3   1
Pudel2   7   1   1   1   4  24   2   1   1   1 VWL   2 120   4 543   4   1
Pudel2   7   1   1   1   4  24   2   1   1   1 VWL   2 121   1 606   1   1
Pudel2   7   1   1   1   4  24   2   1   1   1 VWL   2 122   6 527   6   1
Pudel2   7   1   1   1   4  24   2   1   1   1 VWL   2 123   3 606   3   1
Pudel2   7   1   1   1   4  24   2   1   1   1 VWL   2 124   5 592   5   1
Pudel2   7   1   1   1   4  24   2   1   1   1 VWL   2 125   2 520   2   1
Pudel2   7   1   1   1   4  24   2   1   1   1 VWL   2 126   4 557   4   1
Pudel2   7   1   1   1   4  24   2   1   1   1 VWL   2 127   1 680   1   1
Pudel2   7   1   1   1   4  24   2   1   1   1 VWL   2 128   6 535   6   1
Pudel2   7   1   1   1   4  24   2   1   1   1 VWL   2 129   3 743   3   1
Pudel2   7   1   1   1   4  24   2   1   1   1 VWL   2 130   5 607   5   1
Pudel2   7   1   1   1   4  24   2   1   1   1 VWL   2 131   2 550   2   1
Pudel2   7   1   1   1   4  24   2   1   1   1 VWL   2 132   4 550   4   1
Pudel2   7   1   1   1   4  24   2   1   1   1 VWL   2 133   1 630   1   1
Pudel2   7   1   1   1   4  24   2   1   1   1 VWL   2 134   6 542   6   1
Pudel2   7   1   1   1   4  24   2   1   1   1 VWL   2 135   4 729   4   1
Pudel2   7   1   1   1   4  24   2   1   1   1 VWL   2 136   3 551   3   1
Pudel2   7   1   1   1   4  24   2   1   1   1 VWL   2 137   2 589   2   1
Pudel2   7   1   1   1   4  24   2   1   1   1 VWL   2 138   6 679   5   0
Pudel2   7   1   1   1   4  24   2   1   1   1 VWL   2 139   5 643   4   0
Pudel2   7   1   1   1   4  24   2   1   1   1 VWL   2 140   1 739   1   1
Pudel2   7   1   1   1   4  24   2   1   1   1 VWL   2 141   2 775   2   1
Pudel2   7   1   1   1   4  24   2   1   1   1 VWL   2 142   3 752   3   1
Pudel2   7   1   1   1   4  24   2   1   1   1 VWL   2 143   5 845   5   1
Pudel2   7   1   1   1   4  24   2   1   1   1 VWL   2 144   6 559   6   1
Pudel2   7   1   1   1   4  24   2   1   1   1 VWL   3   1   6 613   6   1
Pudel2   7   1   1   1   4  24   2   1   1   1 VWL   3   2   5 655   5   1
Pudel2   7   1   1   1   4  24   2   1   1   1 VWL   3   3   3 775   3   1
Pudel2   7   1   1   1   4  24   2   1   1   1 VWL   3   4   4 584   4   1
Pudel2   7   1   1   1   4  24   2   1   1   1 VWL   3   5   1 630   1   1
Pudel2   7   1   1   1   4  24   2   1   1   1 VWL   3   6   2 543   2   1
Pudel2   7   1   1   1   4  24   2   1   1   1 VWL   3   7   4 670   4   1
Pudel2   7   1   1   1   4  24   2   1   1   1 VWL   3   8   1 632   1   1
Pudel2   7   1   1   1   4  24   2   1   1   1 VWL   3   9   6 573   6   1
Pudel2   7   1   1   1   4  24   2   1   1   1 VWL   3  10   5 695   5   1
Pudel2   7   1   1   1   4  24   2   1   1   1 VWL   3  11   3 655   3   1
Pudel2   7   1   1   1   4  24   2   1   1   1 VWL   3  12   2 646   2   1
Pudel2   7   1   1   1   4  24   2   1   1   1 VWL   3  13   4 560   4   1
Pudel2   7   1   1   1   4  24   2   1   1   1 VWL   3  14   1 599   1   1
Pudel2   7   1   1   1   4  24   2   1   1   1 VWL   3  15   6 525   6   1
Pudel2   7   1   1   1   4  24   2   1   1   1 VWL   3  16   3 679   3   1
Pudel2   7   1   1   1   4  24   2   1   1   1 VWL   3  17   5 639   5   1
Pudel2   7   1   1   1   4  24   2   1   1   1 VWL   3  18   2 519   2   1
Pudel2   7   1   1   1   4  24   2   1   1   1 VWL   3  19   4 526   4   1
Pudel2   7   1   1   1   4  24   2   1   1   1 VWL   3  20   1 695   1   1
Pudel2   7   1   1   1   4  24   2   1   1   1 VWL   3  21   6 552   6   1
Pudel2   7   1   1   1   4  24   2   1   1   1 VWL   3  22   3 694   3   1
Pudel2   7   1   1   1   4  24   2   1   1   1 VWL   3  23   5 591   5   1
Pudel2   7   1   1   1   4  24   2   1   1   1 VWL   3  24   2 686   2   1
Pudel2   7   1   1   1   4  24   2   1   1   1 VWL   3  25   4 494   4   1
Pudel2   7   1   1   1   4  24   2   1   1   1 VWL   3  26   1 687   1   1
Pudel2   7   1   1   1   4  24   2   1   1   1 VWL   3  27   2 776   2   1
Pudel2   7   1   1   1   4  24   2   1   1   1 VWL   3  28   6 565   6   1
Pudel2   7   1   1   1   4  24   2   1   1   1 VWL   3  29   5 720   5   1
Pudel2   7   1   1   1   4  24   2   1   1   1 VWL   3  30   3 535   3   1
Pudel2   7   1   1   1   4  24   2   1   1   1 VWL   3  31   6 839   6   1
Pudel2   7   1   1   1   4  24   2   1   1   1 VWL   3  32   4 640   4   1
Pudel2   7   1   1   1   4  24   2   1   1   1 VWL   3  33   1 533   2   0
Pudel2   7   1   1   1   4  24   2   1   1   1 VWL   3  34   5 684   5   1
Pudel2   7   1   1   1   4  24   2   1   1   1 VWL   3  35   1 743   1   1
Pudel2   7   1   1   1   4  24   2   1   1   1 VWL   3  36   3 679   3   1
Pudel2   7   1   1   1   4  24   2   1   1   1 VWL   3  37   5 671   5   1
Pudel2   7   1   1   1   4  24   2   1   1   1 VWL   3  38   6 607   6   1
Pudel2   7   1   1   1   4  24   2   1   1   1 VWL   3  39   2 631   2   1
Pudel2   7   1   1   1   4  24   2   1   1   1 VWL   3  40   1 678   1   1
Pudel2   7   1   1   1   4  24   2   1   1   1 VWL   3  41   3 743   3   1
Pudel2   7   1   1   1   4  24   2   1   1   1 VWL   3  42   5 591   4   0
Pudel2   7   1   1   1   4  24   2   1   1   1 VWL   3  43   1 748   1   1
Pudel2   7   1   1   1   4  24   2   1   1   1 VWL   3  44   6 742   6   1
Pudel2   7   1   1   1   4  24   2   1   1   1 VWL   3  45   4 831   4   1
Pudel2   7   1   1   1   4  24   2   1   1   1 VWL   3  46   5 784   5   1
Pudel2   7   1   1   1   4  24   2   1   1   1 VWL   3  47   2 583   2   1
Pudel2   7   1   1   1   4  24   2   1   1   1 VWL   3  48   3 615   3   1
Pudel2   7   1   1   1   4  24   2   1   1   1 VWL   3  49   5 672   5   1
Pudel2   7   1   1   1   4  24   2   1   1   1 VWL   3  50   2 789   2   1
Pudel2   7   1   1   1   4  24   2   1   1   1 VWL   3  51   4 711   4   1
Pudel2   7   1   1   1   4  24   2   1   1   1 VWL   3  52   1 759   1   1
Pudel2   7   1   1   1   4  24   2   1   1   1 VWL   3  53   6 616   6   1
Pudel2   7   1   1   1   4  24   2   1   1   1 VWL   3  54   3 734   3   1
Pudel2   7   1   1   1   4  24   2   1   1   1 VWL   3  55   5 678   5   1
Pudel2   7   1   1   1   4  24   2   1   1   1 VWL   3  56   2 591   2   1
Pudel2   7   1   1   1   4  24   2   1   1   1 VWL   3  57   4 574   4   1
Pudel2   7   1   1   1   4  24   2   1   1   1 VWL   3  58   1 592   1   1
Pudel2   7   1   1   1   4  24   2   1   1   1 VWL   3  59   6 590   6   1
Pudel2   7   1   1   1   4  24   2   1   1   1 VWL   3  60   3 798   3   1
Pudel2   7   1   1   1   4  24   2   1   1   1 VWL   3  61   5 615   5   1
Pudel2   7   1   1   1   4  24   2   1   1   1 VWL   3  62   2 583   2   1
Pudel2   7   1   1   1   4  24   2   1   1   1 VWL   3  63   3 766   3   1
Pudel2   7   1   1   1   4  24   2   1   1   1 VWL   3  64   1 638   1   1
Pudel2   7   1   1   1   4  24   2   1   1   1 VWL   3  65   6 526   6   1
Pudel2   7   1   1   1   4  24   2   1   1   1 VWL   3  66   4 664   4   1
Pudel2   7   1   1   1   4  24   2   1   1   1 VWL   3  67   3 573   3   1
Pudel2   7   1   1   1   4  24   2   1   1   1 VWL   3  68   2 639   2   1
Pudel2   7   1   1   1   4  24   2   1   1   1 VWL   3  69   4 671   4   1
Pudel2   7   1   1   1   4  24   2   1   1   1 VWL   3  70   5 718   5   1
Pudel2   7   1   1   1   4  24   2   1   1   1 VWL   3  71   6 583   6   1
Pudel2   7   1   1   1   4  24   2   1   1   1 VWL   3  72   1 535   1   1
Pudel2   7   1   1   1   4  24   2   1   1   1 VWL   3  73   3 680   3   1
Pudel2   7   1   1   1   4  24   2   1   1   1 VWL   3  74   6 807   6   1
Pudel2   7   1   1   1   4  24   2   1   1   1 VWL   3  75   2 558   2   1
Pudel2   7   1   1   1   4  24   2   1   1   1 VWL   3  76   4 663   4   1
Pudel2   7   1   1   1   4  24   2   1   1   1 VWL   3  77   5 831   5   1
Pudel2   7   1   1   1   4  24   2   1   1   1 VWL   3  78   1 711   1   1
Pudel2   7   1   1   1   4  24   2   1   1   1 VWL   3  79   6 607   6   1
Pudel2   7   1   1   1   4  24   2   1   1   1 VWL   3  80   3 736   3   1
Pudel2   7   1   1   1   4  24   2   1   1   1 VWL   3  81   5 718   5   1
Pudel2   7   1   1   1   4  24   2   1   1   1 VWL   3  82   2 663   2   1
Pudel2   7   1   1   1   4  24   2   1   1   1 VWL   3  83   4 614   4   1
Pudel2   7   1   1   1   4  24   2   1   1   1 VWL   3  84   1 624   1   1
Pudel2   7   1   1   1   4  24   2   1   1   1 VWL   3  85   6 517   6   1
Pudel2   7   1   1   1   4  24   2   1   1   1 VWL   3  86   3 638   3   1
Pudel2   7   1   1   1   4  24   2   1   1   1 VWL   3  87   5 592   5   1
Pudel2   7   1   1   1   4  24   2   1   1   1 VWL   3  88   2 541   2   1
Pudel2   7   1   1   1   4  24   2   1   1   1 VWL   3  89   4 720   4   1
Pudel2   7   1   1   1   4  24   2   1   1   1 VWL   3  90   1 527   1   1
Pudel2   7   1   1   1   4  24   2   1   1   1 VWL   3  91   6 542   6   1
Pudel2   7   1   1   1   4  24   2   1   1   1 VWL   3  92   3 680   3   1
Pudel2   7   1   1   1   4  24   2   1   1   1 VWL   3  93   5 575   5   1
Pudel2   7   1   1   1   4  24   2   1   1   1 VWL   3  94   2 535   2   1
Pudel2   7   1   1   1   4  24   2   1   1   1 VWL   3  95   4 541   4   1
Pudel2   7   1   1   1   4  24   2   1   1   1 VWL   3  96   1 617   1   1
Pudel2   7   1   1   1   4  24   2   1   1   1 VWL   3  97   6 548   6   1
Pudel2   7   1   1   1   4  24   2   1   1   1 VWL   3  98   3 551   3   1
Pudel2   7   1   1   1   4  24   2   1   1   1 VWL   3  99   5 526   5   1
Pudel2   7   1   1   1   4  24   2   1   1   1 VWL   3 100   1 824   1   1
Pudel2   7   1   1   1   4  24   2   1   1   1 VWL   3 101   4 575   4   1
Pudel2   7   1   1   1   4  24   2   1   1   1 VWL   3 102   2 704   2   1
Pudel2   7   1   1   1   4  24   2   1   1   1 VWL   3 103   3 751   3   1
Pudel2   7   1   1   1   4  24   2   1   1   1 VWL   3 104   5 550   5   1
Pudel2   7   1   1   1   4  24   2   1   1   1 VWL   3 105   1 926   1   1
Pudel2   7   1   1   1   4  24   2   1   1   1 VWL   3 106   6 527   6   1
Pudel2   7   1   1   1   4  24   2   1   1   1 VWL   3 107   4 791   4   1
Pudel2   7   1   1   1   4  24   2   1   1   1 VWL   3 108   2 503   2   1
Pudel2   7   1   1   1   4  24   2   1   1   1 VWL   3 109   3 559   3   1
Pudel2   7   1   1   1   4  24   2   1   1   1 VWL   3 110   5 599   4   0
Pudel2   7   1   1   1   4  24   2   1   1   1 VWL   3 111   1 699   1   1
Pudel2   7   1   1   1   4  24   2   1   1   1 VWL   3 112   2 695   2   1
Pudel2   7   1   1   1   4  24   2   1   1   1 VWL   3 113   5 750   5   1
Pudel2   7   1   1   1   4  24   2   1   1   1 VWL   3 114   6 640   6   1
Pudel2   7   1   1   1   4  24   2   1   1   1 VWL   3 115   3 558   3   1
Pudel2   7   1   1   1   4  24   2   1   1   1 VWL   3 116   5 648   5   1
Pudel2   7   1   1   1   4  24   2   1   1   1 VWL   3 117   2 654   2   1
Pudel2   7   1   1   1   4  24   2   1   1   1 VWL   3 118   4 533   4   1
Pudel2   7   1   1   1   4  24   2   1   1   1 VWL   3 119   1 526   1   1
Pudel2   7   1   1   1   4  24   2   1   1   1 VWL   3 120   6 535   6   1
Pudel2   7   1   1   1   4  24   2   1   1   1 VWL   3 121   3 654   3   1
Pudel2   7   1   1   1   4  24   2   1   1   1 VWL   3 122   5 646   5   1
Pudel2   7   1   1   1   4  24   2   1   1   1 VWL   3 123   2 632   2   1
Pudel2   7   1   1   1   4  24   2   1   1   1 VWL   3 124   4 583   4   1
Pudel2   7   1   1   1   4  24   2   1   1   1 VWL   3 125   1 566   1   1
Pudel2   7   1   1   1   4  24   2   1   1   1 VWL   3 126   6 526   6   1
Pudel2   7   1   1   1   4  24   2   1   1   1 VWL   3 127   3 655   3   1
Pudel2   7   1   1   1   4  24   2   1   1   1 VWL   3 128   5 648   5   1
Pudel2   7   1   1   1   4  24   2   1   1   1 VWL   3 129   2 560   2   1
Pudel2   7   1   1   1   4  24   2   1   1   1 VWL   3 130   4 590   4   1
Pudel2   7   1   1   1   4  24   2   1   1   1 VWL   3 131   1 591   1   1
Pudel2   7   1   1   1   4  24   2   1   1   1 VWL   3 132   6 457   6   1
Pudel2   7   1   1   1   4  24   2   1   1   1 VWL   3 133   3 605   3   1
Pudel2   7   1   1   1   4  24   2   1   1   1 VWL   3 134   5 847   5   1
Pudel2   7   1   1   1   4  24   2   1   1   1 VWL   3 135   6 703   6   1
Pudel2   7   1   1   1   4  24   2   1   1   1 VWL   3 136   2 685   2   1
Pudel2   7   1   1   1   4  24   2   1   1   1 VWL   3 137   1 638   1   1
Pudel2   7   1   1   1   4  24   2   1   1   1 VWL   3 138   4 583   4   1
Pudel2   7   1   1   1   4  24   2   1   1   1 VWL   3 139   2 670   2   1
Pudel2   7   1   1   1   4  24   2   1   1   1 VWL   3 140   3 711   3   1
Pudel2   7   1   1   1   4  24   2   1   1   1 VWL   3 141   6 695   6   1
Pudel2   7   1   1   1   4  24   2   1   1   1 VWL   3 142   1 638   1   1
Pudel2   7   1   1   1   4  24   2   1   1   1 VWL   3 143   5 663   5   1
Pudel2   7   1   1   1   4  24   2   1   1   1 VWL   3 144   4 694   4   1
Pudel2   7   1   1   1   4  24   2   1   1   1 VWL   4   1   3 726   3   1
Pudel2   7   1   1   1   4  24   2   1   1   1 VWL   4   2   6 575   6   1
Pudel2   7   1   1   1   4  24   2   1   1   1 VWL   4   3   4 544   4   1
Pudel2   7   1   1   1   4  24   2   1   1   1 VWL   4   4   5 550   5   1
Pudel2   7   1   1   1   4  24   2   1   1   1 VWL   4   5   2 503   2   1
Pudel2   7   1   1   1   4  24   2   1   1   1 VWL   4   6   1 549   1   1
Pudel2   7   1   1   1   4  24   2   1   1   1 VWL   4   7   5 608   5   1
Pudel2   7   1   1   1   4  24   2   1   1   1 VWL   4   8   2 487   2   1
Pudel2   7   1   1   1   4  24   2   1   1   1 VWL   4   9   3 600   3   1
Pudel2   7   1   1   1   4  24   2   1   1   1 VWL   4  10   4 655   4   1
Pudel2   7   1   1   1   4  24   2   1   1   1 VWL   4  11   1 541   1   1
Pudel2   7   1   1   1   4  24   2   1   1   1 VWL   4  12   6 503   6   1
Pudel2   7   1   1   1   4  24   2   1   1   1 VWL   4  13   3 551   3   1
Pudel2   7   1   1   1   4  24   2   1   1   1 VWL   4  14   5 510   5   1
Pudel2   7   1   1   1   4  24   2   1   1   1 VWL   4  15   2 504   2   1
Pudel2   7   1   1   1   4  24   2   1   1   1 VWL   4  16   4 518   4   1
Pudel2   7   1   1   1   4  24   2   1   1   1 VWL   4  17   1 471   1   1
Pudel2   7   1   1   1   4  24   2   1   1   1 VWL   4  18   6 479   6   1
Pudel2   7   1   1   1   4  24   2   1   1   1 VWL   4  19   3 552   3   1
Pudel2   7   1   1   1   4  24   2   1   1   1 VWL   4  20   5 694   5   1
Pudel2   7   1   1   1   4  24   2   1   1   1 VWL   4  21   2 462   2   1
Pudel2   7   1   1   1   4  24   2   1   1   1 VWL   4  22   4 511   4   1
Pudel2   7   1   1   1   4  24   2   1   1   1 VWL   4  23   1 510   1   1
Pudel2   7   1   1   1   4  24   2   1   1   1 VWL   4  24   6 464   6   1
Pudel2   7   1   1   1   4  24   2   1   1   1 VWL   4  25   3 543   3   1
Pudel2   7   1   1   1   4  24   2   1   1   1 VWL   4  26   5 568   5   1
Pudel2   7   1   1   1   4  24   2   1   1   1 VWL   4  27   2 494   1   0
Pudel2   7   1   1   1   4  24   2   1   1   1 VWL   4  28   6 611   6   1
Pudel2   7   1   1   1   4  24   2   1   1   1 VWL   4  29   2 672   2   1
Pudel2   7   1   1   1   4  24   2   1   1   1 VWL   4  30   4 556   4   1
Pudel2   7   1   1   1   4  24   2   1   1   1 VWL   4  31   1 551   1   1
Pudel2   7   1   1   1   4  24   2   1   1   1 VWL   4  32   3 742   3   1
Pudel2   7   1   1   1   4  24   2   1   1   1 VWL   4  33   6 566   6   1
Pudel2   7   1   1   1   4  24   2   1   1   1 VWL   4  34   4 655   4   1
Pudel2   7   1   1   1   4  24   2   1   1   1 VWL   4  35   2 519   2   1
Pudel2   7   1   1   1   4  24   2   1   1   1 VWL   4  36   5 846   5   1
Pudel2   7   1   1   1   4  24   2   1   1   1 VWL   4  37   6 663   6   1
Pudel2   7   1   1   1   4  24   2   1   1   1 VWL   4  38   1 519   2   0
Pudel2   7   1   1   1   4  24   2   1   1   1 VWL   4  39   1 875   1   1
Pudel2   7   1   1   1   4  24   2   1   1   1 VWL   4  40   4 784   4   1
Pudel2   7   1   1   1   4  24   2   1   1   1 VWL   4  41   3 550   3   1
Pudel2   7   1   1   1   4  24   2   1   1   1 VWL   4  42   6 623   5   0
Pudel2   7   1   1   1   4  24   2   1   1   1 VWL   4  43   2 626   2   1
Pudel2   7   1   1   1   4  24   2   1   1   1 VWL   4  44   4 575   4   1
Pudel2   7   1   1   1   4  24   2   1   1   1 VWL   4  45   1 632   1   1
Pudel2   7   1   1   1   4  24   2   1   1   1 VWL   4  46   6 503   6   1
Pudel2   7   1   1   1   4  24   2   1   1   1 VWL   4  47   3 814   3   1
Pudel2   7   1   1   1   4  24   2   1   1   1 VWL   4  48   5 519   5   1
Pudel2   7   1   1   1   4  24   2   1   1   1 VWL   4  49   2 584   2   1
Pudel2   7   1   1   1   4  24   2   1   1   1 VWL   4  50   4 556   4   1
Pudel2   7   1   1   1   4  24   2   1   1   1 VWL   4  51   1 616   1   1
Pudel2   7   1   1   1   4  24   2   1   1   1 VWL   4  52   6 504   6   1
Pudel2   7   1   1   1   4  24   2   1   1   1 VWL   4  53   3 638   3   1
Pudel2   7   1   1   1   4  24   2   1   1   1 VWL   4  54   5 671   5   1
Pudel2   7   1   1   1   4  24   2   1   1   1 VWL   4  55   2 573   2   1
Pudel2   7   1   1   1   4  24   2   1   1   1 VWL   4  56   4 615   4   1
Pudel2   7   1   1   1   4  24   2   1   1   1 VWL   4  57   6 736   6   1
Pudel2   7   1   1   1   4  24   2   1   1   1 VWL   4  58   5 700   5   1
Pudel2   7   1   1   1   4  24   2   1   1   1 VWL   4  59   1 654   1   1
Pudel2   7   1   1   1   4  24   2   1   1   1 VWL   4  60   3 711   3   1
Pudel2   7   1   1   1   4  24   2   1   1   1 VWL   4  61   6 750   6   1
Pudel2   7   1   1   1   4  24   2   1   1   1 VWL   4  62   4 696   4   1
Pudel2   7   1   1   1   4  24   2   1   1   1 VWL   4  63   3 839   3   1
Pudel2   7   1   1   1   4  24   2   1   1   1 VWL   4  64   1 711   1   1
Pudel2   7   1   1   1   4  24   2   1   1   1 VWL   4  65   2 726   2   1
Pudel2   7   1   1   1   4  24   2   1   1   1 VWL   4  66   5 657   5   1
Pudel2   7   1   1   1   4  24   2   1   1   1 VWL   4  67   3 582   3   1
Pudel2   7   1   1   1   4  24   2   1   1   1 VWL   4  68   1 663   1   1
Pudel2   7   1   1   1   4  24   2   1   1   1 VWL   4  69   5 663   4   0
Pudel2   7   1   1   1   4  24   2   1   1   1 VWL   4  70   5 691   5   1
Pudel2   7   1   1   1   4  24   2   1   1   1 VWL   4  71   6 671   6   1
Pudel2   7   1   1   1   4  24   2   1   1   1 VWL   4  72   2 703   2   1
Pudel2   7   1   1   1   4  24   2   1   1   1 VWL   4  73   4 544   4   1
Pudel2   7   1   1   1   4  24   2   1   1   1 VWL   4  74   1 534   1   1
Pudel2   7   1   1   1   4  24   2   1   1   1 VWL   4  75   5 654   5   1
Pudel2   7   1   1   1   4  24   2   1   1   1 VWL   4  76   2 598   2   1
Pudel2   7   1   1   1   4  24   2   1   1   1 VWL   4  77   6 687   6   1
Pudel2   7   1   1   1   4  24   2   1   1   1 VWL   4  78   2 607   3   0
Pudel2   7   1   1   1   4  24   2   1   1   1 VWL   4  79   4 771   5   0
Pudel2   7   1   1   1   4  24   2   1   1   1 VWL   4  80   2 691   2   1
Pudel2   7   1   1   1   4  24   2   1   1   1 VWL   4  81   4 551   4   1
Pudel2   7   1   1   1   4  24   2   1   1   1 VWL   4  82   1 655   1   1
Pudel2   7   1   1   1   4  24   2   1   1   1 VWL   4  83   6 653   6   1
Pudel2   7   1   1   1   4  24   2   1   1   1 VWL   4  84   3 630   3   1
Pudel2   7   1   1   1   4  24   2   1   1   1 VWL   4  85   5 584   5   1
Pudel2   7   1   1   1   4  24   2   1   1   1 VWL   4  86   2 583   2   1
Pudel2   7   1   1   1   4  24   2   1   1   1 VWL   4  87   4 558   4   1
Pudel2   7   1   1   1   4  24   2   1   1   1 VWL   4  88   1 566   1   1
Pudel2   7   1   1   1   4  24   2   1   1   1 VWL   4  89   6 696   6   1
Pudel2   7   1   1   1   4  24   2   1   1   1 VWL   4  90   3 782   3   1
Pudel2   7   1   1   1   4  24   2   1   1   1 VWL   4  91   5 679   5   1
Pudel2   7   1   1   1   4  24   2   1   1   1 VWL   4  92   2 617   2   1
Pudel2   7   1   1   1   4  24   2   1   1   1 VWL   4  93   4 541   4   1
Pudel2   7   1   1   1   4  24   2   1   1   1 VWL   4  94   1 630   1   1
Pudel2   7   1   1   1   4  24   2   1   1   1 VWL   4  95   6 551   6   1
Pudel2   7   1   1   1   4  24   2   1   1   1 VWL   4  96   3 574   3   1
Pudel2   7   1   1   1   4  24   2   1   1   1 VWL   4  97   5 599   5   1
Pudel2   7   1   1   1   4  24   2   1   1   1 VWL   4  98   2 614   2   1
Pudel2   7   1   1   1   4  24   2   1   1   1 VWL   4  99   4 550   4   1
Pudel2   7   1   1   1   4  24   2   1   1   1 VWL   4 100   1 614   1   1
Pudel2   7   1   1   1   4  24   2   1   1   1 VWL   4 101   6 671   6   1
Pudel2   7   1   1   1   4  24   2   1   1   1 VWL   4 102   2 629   3   0
Pudel2   7   1   1   1   4  24   2   1   1   1 VWL   4 103   1 796   1   1
Pudel2   7   1   1   1   4  24   2   1   1   1 VWL   4 104   6 591   6   1
Pudel2   7   1   1   1   4  24   2   1   1   1 VWL   4 105   5 824   5   1
Pudel2   7   1   1   1   4  24   2   1   1   1 VWL   4 106   2 542   2   1
Pudel2   7   1   1   1   4  24   2   1   1   1 VWL   4 107   4 583   4   1
Pudel2   7   1   1   1   4  24   2   1   1   1 VWL   4 108   3 678   3   1
Pudel2   7   1   1   1   4  24   2   1   1   1 VWL   4 109   1 654   1   1
Pudel2   7   1   1   1   4  24   2   1   1   1 VWL   4 110   5 679   5   1
Pudel2   7   1   1   1   4  24   2   1   1   1 VWL   4 111   2 542   2   1
Pudel2   7   1   1   1   4  24   2   1   1   1 VWL   4 112   3 647   3   1
Pudel2   7   1   1   1   4  24   2   1   1   1 VWL   4 113   6 735   6   1
Pudel2   7   1   1   1   4  24   2   1   1   1 VWL   4 114   4 701   4   1
Pudel2   7   1   1   1   4  24   2   1   1   1 VWL   4 115   1 687   1   1
Pudel2   7   1   1   1   4  24   2   1   1   1 VWL   4 116   6 758   6   1
Pudel2   7   1   1   1   4  24   2   1   1   1 VWL   4 117   3 662   3   1
Pudel2   7   1   1   1   4  24   2   1   1   1 VWL   4 118   5 631   5   1
Pudel2   7   1   1   1   4  24   2   1   1   1 VWL   4 119   2 494   2   1
Pudel2   7   1   1   1   4  24   2   1   1   1 VWL   4 120   4 528   4   1
Pudel2   7   1   1   1   4  24   2   1   1   1 VWL   4 121   1 575   1   1
Pudel2   7   1   1   1   4  24   2   1   1   1 VWL   4 122   6 567   6   1
Pudel2   7   1   1   1   4  24   2   1   1   1 VWL   4 123   3 670   3   1
Pudel2   7   1   1   1   4  24   2   1   1   1 VWL   4 124   5 581   5   1
Pudel2   7   1   1   1   4  24   2   1   1   1 VWL   4 125   2 503   2   1
Pudel2   7   1   1   1   4  24   2   1   1   1 VWL   4 126   4 486   4   1
Pudel2   7   1   1   1   4  24   2   1   1   1 VWL   4 127   1 520   1   1
Pudel2   7   1   1   1   4  24   2   1   1   1 VWL   4 128   6 597   6   1
Pudel2   7   1   1   1   4  24   2   1   1   1 VWL   4 129   3 663   3   1
Pudel2   7   1   1   1   4  24   2   1   1   1 VWL   4 130   5 551   5   1
Pudel2   7   1   1   1   4  24   2   1   1   1 VWL   4 131   2 494   2   1
Pudel2   7   1   1   1   4  24   2   1   1   1 VWL   4 132   4 543   4   1
Pudel2   7   1   1   1   4  24   2   1   1   1 VWL   4 133   1 654   1   1
Pudel2   7   1   1   1   4  24   2   1   1   1 VWL   4 134   6 456   6   1
Pudel2   7   1   1   1   4  24   2   1   1   1 VWL   4 135   2 807   2   1
Pudel2   7   1   1   1   4  24   2   1   1   1 VWL   4 136   5 808   4   0
Pudel2   7   1   1   1   4  24   2   1   1   1 VWL   4 137   4 729   3   0
Pudel2   7   1   1   1   4  24   2   1   1   1 VWL   4 138   5 748   5   1
Pudel2   7   1   1   1   4  24   2   1   1   1 VWL   4 139   5 718   4   0
Pudel2   7   1   1   1   4  24   2   1   1   1 VWL   4 140   2 756   2   1
Pudel2   7   1   1   1   4  24   2   1   1   1 VWL   4 141   3 677   3   1
Pudel2   7   1   1   1   4  24   2   1   1   1 VWL   4 142   5 631   6   0
Pudel2   7   1   1   1   4  24   2   1   1   1 VWL   4 143   1 859   1   1
Pudel2   7   1   1   1   4  24   2   1   1   1 VWL   4 144   5 839   5   1
Pudel2   7   1   1   1   4  24   2   1   1   1 VWL   5   1   1 646   1   1
Pudel2   7   1   1   1   4  24   2   1   1   1 VWL   5   2   3 760   3   1
Pudel2   7   1   1   1   4  24   2   1   1   1 VWL   5   3   6 646   6   1
Pudel2   7   1   1   1   4  24   2   1   1   1 VWL   5   4   2 647   2   1
Pudel2   7   1   1   1   4  24   2   1   1   1 VWL   5   5   5 663   4   0
Pudel2   7   1   1   1   4  24   2   1   1   1 VWL   5   6   5 732   5   1
Pudel2   7   1   1   1   4  24   2   1   1   1 VWL   5   7   3 598   3   1
Pudel2   7   1   1   1   4  24   2   1   1   1 VWL   5   8   4 591   4   1
Pudel2   7   1   1   1   4  24   2   1   1   1 VWL   5   9   1 630   1   1
Pudel2   7   1   1   1   4  24   2   1   1   1 VWL   5  10   2 695   2   1
Pudel2   7   1   1   1   4  24   2   1   1   1 VWL   5  11   6 623   6   1
Pudel2   7   1   1   1   4  24   2   1   1   1 VWL   5  12   5 783   5   1
Pudel2   7   1   1   1   4  24   2   1   1   1 VWL   5  13   2 742   2   1
Pudel2   7   1   1   1   4  24   2   1   1   1 VWL   5  14   4 567   4   1
Pudel2   7   1   1   1   4  24   2   1   1   1 VWL   5  15   1 599   1   1
Pudel2   7   1   1   1   4  24   2   1   1   1 VWL   5  16   6 558   6   1
Pudel2   7   1   1   1   4  24   2   1   1   1 VWL   5  17   3 775   3   1
Pudel2   7   1   1   1   4  24   2   1   1   1 VWL   5  18   5 591   5   1
Pudel2   7   1   1   1   4  24   2   1   1   1 VWL   5  19   2 535   2   1
Pudel2   7   1   1   1   4  24   2   1   1   1 VWL   5  20   4 591   4   1
Pudel2   7   1   1   1   4  24   2   1   1   1 VWL   5  21   1 630   1   1
Pudel2   7   1   1   1   4  24   2   1   1   1 VWL   5  22   6 543   6   1
Pudel2   7   1   1   1   4  24   2   1   1   1 VWL   5  23   3 663   3   1
Pudel2   7   1   1   1   4  24   2   1   1   1 VWL   5  24   5 630   5   1
Pudel2   7   1   1   1   4  24   2   1   1   1 VWL   5  25   2 576   2   1
Pudel2   7   1   1   1   4  24   2   1   1   1 VWL   5  26   4 566   4   1
Pudel2   7   1   1   1   4  24   2   1   1   1 VWL   5  27   3 583   3   1
Pudel2   7   1   1   1   4  24   2   1   1   1 VWL   5  28   1 606   1   1
Pudel2   7   1   1   1   4  24   2   1   1   1 VWL   5  29   6 488   6   1
Pudel2   7   1   1   1   4  24   2   1   1   1 VWL   5  30   5 862   5   1
Pudel2   7   1   1   1   4  24   2   1   1   1 VWL   5  31   2 512   1   0
Pudel2   7   1   1   1   4  24   2   1   1   1 VWL   5  32   2 834   2   1
Pudel2   7   1   1   1   4  24   2   1   1   1 VWL   5  33   6 927   6   1
Pudel2   7   1   1   1   4  24   2   1   1   1 VWL   5  34   5 702   5   1
Pudel2   7   1   1   1   4  24   2   1   1   1 VWL   5  35   4 718   4   1
Pudel2   7   1   1   1   4  24   2   1   1   1 VWL   5  36   3 574   3   1
Pudel2   7   1   1   1   4  24   2   1   1   1 VWL   5  37   2 639   2   1
Pudel2   7   1   1   1   4  24   2   1   1   1 VWL   5  38   5 848   5   1
Pudel2   7   1   1   1   4  24   2   1   1   1 VWL   5  39   1 526   1   1
Pudel2   7   1   1   1   4  24   2   1   1   1 VWL   5  40   3 799   3   1
Pudel2   7   1   1   1   4  24   2   1   1   1 VWL   5  41   4 726   4   1
Pudel2   7   1   1   1   4  24   2   1   1   1 VWL   5  42   6 719   6   1
Pudel2   7   1   1   1   4  24   2   1   1   1 VWL   5  43   2 559   2   1
Pudel2   7   1   1   1   4  24   2   1   1   1 VWL   5  44   5 662   5   1
Pudel2   7   1   1   1   4  24   2   1   1   1 VWL   5  45   1 590   1   1
Pudel2   7   1   1   1   4  24   2   1   1   1 VWL   5  46   6 569   6   1
Pudel2   7   1   1   1   4  24   2   1   1   1 VWL   5  47   3 654   3   1
Pudel2   7   1   1   1   4  24   2   1   1   1 VWL   5  48   4 591   4   1
Pudel2   7   1   1   1   4  24   2   1   1   1 VWL   5  49   1 638   1   1
Pudel2   7   1   1   1   4  24   2   1   1   1 VWL   5  50   6 583   6   1
Pudel2   7   1   1   1   4  24   2   1   1   1 VWL   5  51   2 623   3   0
Pudel2   7   1   1   1   4  24   2   1   1   1 VWL   5  52   5 746   5   1
Pudel2   7   1   1   1   4  24   2   1   1   1 VWL   5  53   3 607   2   0
Pudel2   7   1   1   1   4  24   2   1   1   1 VWL   5  54   4 660   4   1
Pudel2   7   1   1   1   4  24   2   1   1   1 VWL   5  55   1 662   1   1
Pudel2   7   1   1   1   4  24   2   1   1   1 VWL   5  56   6 599   6   1
Pudel2   7   1   1   1   4  24   2   1   1   1 VWL   5  57   3 799   3   1
Pudel2   7   1   1   1   4  24   2   1   1   1 VWL   5  58   5 598   5   1
Pudel2   7   1   1   1   4  24   2   1   1   1 VWL   5  59   2 689   2   1
Pudel2   7   1   1   1   4  24   2   1   1   1 VWL   5  60   4 567   4   1
Pudel2   7   1   1   1   4  24   2   1   1   1 VWL   5  61   1 653   1   1
Pudel2   7   1   1   1   4  24   2   1   1   1 VWL   5  62   6 527   6   1
Pudel2   7   1   1   1   4  24   2   1   1   1 VWL   5  63   3 671   3   1
Pudel2   7   1   1   1   4  24   2   1   1   1 VWL   5  64   4 574   4   1
Pudel2   7   1   1   1   4  24   2   1   1   1 VWL   5  65   5 680   5   1
Pudel2   7   1   1   1   4  24   2   1   1   1 VWL   5  66   2 550   2   1
Pudel2   7   1   1   1   4  24   2   1   1   1 VWL   5  67   4 926   4   1
Pudel2   7   1   1   1   4  24   2   1   1   1 VWL   5  68   1 638   1   1
Pudel2   7   1   1   1   4  24   2   1   1   1 VWL   5  69   6 537   6   1
Pudel2   7   1   1   1   4  24   2   1   1   1 VWL   5  70   2 757   2   1
Pudel2   7   1   1   1   4  24   2   1   1   1 VWL   5  71   5 551   5   1
Pudel2   7   1   1   1   4  24   2   1   1   1 VWL   5  72   3 567   3   1
Pudel2   7   1   1   1   4  24   2   1   1   1 VWL   5  73   4 590   4   1
Pudel2   7   1   1   1   4  24   2   1   1   1 VWL   5  74   5 678   5   1
Pudel2   7   1   1   1   4  24   2   1   1   1 VWL   5  75   2 607   2   1
Pudel2   7   1   1   1   4  24   2   1   1   1 VWL   5  76   6 983   6   1
Pudel2   7   1   1   1   4  24   2   1   1   1 VWL   5  77   1 447   1   1
Pudel2   7   1   1   1   4  24   2   1   1   1 VWL   5  78   3 775   3   1
Pudel2   7   1   1   1   4  24   2   1   1   1 VWL   5  79   5 693   5   1
Pudel2   7   1   1   1   4  24   2   1   1   1 VWL   5  80   2 616   2   1
Pudel2   7   1   1   1   4  24   2   1   1   1 VWL   5  81   4 542   4   1
Pudel2   7   1   1   1   4  24   2   1   1   1 VWL   5  82   1 703   1   1
Pudel2   7   1   1   1   4  24   2   1   1   1 VWL   5  83   6 470   6   1
Pudel2   7   1   1   1   4  24   2   1   1   1 VWL   5  84   3 590   3   1
Pudel2   7   1   1   1   4  24   2   1   1   1 VWL   5  85   5 568   5   1
Pudel2   7   1   1   1   4  24   2   1   1   1 VWL   5  86   2 510   2   1
Pudel2   7   1   1   1   4  24   2   1   1   1 VWL   5  87   4 576   4   1
Pudel2   7   1   1   1   4  24   2   1   1   1 VWL   5  88   1 582   1   1
Pudel2   7   1   1   1   4  24   2   1   1   1 VWL   5  89   6 551   6   1
Pudel2   7   1   1   1   4  24   2   1   1   1 VWL   5  90   3 655   3   1
Pudel2   7   1   1   1   4  24   2   1   1   1 VWL   5  91   5 599   5   1
Pudel2   7   1   1   1   4  24   2   1   1   1 VWL   5  92   2 533   2   1
Pudel2   7   1   1   1   4  24   2   1   1   1 VWL   5  93   4 583   4   1
Pudel2   7   1   1   1   4  24   2   1   1   1 VWL   5  94   1 535   1   1
Pudel2   7   1   1   1   4  24   2   1   1   1 VWL   5  95   6 519   6   1
Pudel2   7   1   1   1   4  24   2   1   1   1 VWL   5  96   3 534   3   1
Pudel2   7   1   1   1   4  24   2   1   1   1 VWL   5  97   5 534   5   1
Pudel2   7   1   1   1   4  24   2   1   1   1 VWL   5  98   2 463   2   1
Pudel2   7   1   1   1   4  24   2   1   1   1 VWL   5  99   3 679   3   1
Pudel2   7   1   1   1   4  24   2   1   1   1 VWL   5 100   1 607   1   1
Pudel2   7   1   1   1   4  24   2   1   1   1 VWL   5 101   4 751   4   1
Pudel2   7   1   1   1   4  24   2   1   1   1 VWL   5 102   6 527   6   1
Pudel2   7   1   1   1   4  24   2   1   1   1 VWL   5 103   5 847   5   1
Pudel2   7   1   1   1   4  24   2   1   1   1 VWL   5 104   3 662   3   1
Pudel2   7   1   1   1   4  24   2   1   1   1 VWL   5 105   2 592   2   1
Pudel2   7   1   1   1   4  24   2   1   1   1 VWL   5 106   6 686   6   1
Pudel2   7   1   1   1   4  24   2   1   1   1 VWL   5 107   1 557   1   1
Pudel2   7   1   1   1   4  24   2   1   1   1 VWL   5 108   5 600   4   0
Pudel2   7   1   1   1   4  24   2   1   1   1 VWL   5 109   5 810   5   1
Pudel2   7   1   1   1   4  24   2   1   1   1 VWL   5 110   6 838   6   1
Pudel2   7   1   1   1   4  24   2   1   1   1 VWL   5 111   4 776   4   1
Pudel2   7   1   1   1   4  24   2   1   1   1 VWL   5 112   3 622   2   0
Pudel2   7   1   1   1   4  24   2   1   1   1 VWL   5 113   3 811   3   1
Pudel2   7   1   1   1   4  24   2   1   1   1 VWL   5 114   1 625   1   1
Pudel2   7   1   1   1   4  24   2   1   1   1 VWL   5 115   6 582   6   1
Pudel2   7   1   1   1   4  24   2   1   1   1 VWL   5 116   2 583   3   0
Pudel2   7   1   1   1   4  24   2   1   1   1 VWL   5 117   5 779   5   1
Pudel2   7   1   1   1   4  24   2   1   1   1 VWL   5 118   2 694   2   1
Pudel2   7   1   1   1   4  24   2   1   1   1 VWL   5 119   4 550   4   1
Pudel2   7   1   1   1   4  24   2   1   1   1 VWL   5 120   1 550   1   1
Pudel2   7   1   1   1   4  24   2   1   1   1 VWL   5 121   6 567   6   1
Pudel2   7   1   1   1   4  24   2   1   1   1 VWL   5 122   3 607   3   1
Pudel2   7   1   1   1   4  24   2   1   1   1 VWL   5 123   5 767   5   1
Pudel2   7   1   1   1   4  24   2   1   1   1 VWL   5 124   2 567   2   1
Pudel2   7   1   1   1   4  24   2   1   1   1 VWL   5 125   4 542   4   1
Pudel2   7   1   1   1   4  24   2   1   1   1 VWL   5 126   1 487   1   1
Pudel2   7   1   1   1   4  24   2   1   1   1 VWL   5 127   6 559   6   1
Pudel2   7   1   1   1   4  24   2   1   1   1 VWL   5 128   3 527   3   1
Pudel2   7   1   1   1   4  24   2   1   1   1 VWL   5 129   5 566   5   1
Pudel2   7   1   1   1   4  24   2   1   1   1 VWL   5 130   2 501   2   1
Pudel2   7   1   1   1   4  24   2   1   1   1 VWL   5 131   4 558   4   1
Pudel2   7   1   1   1   4  24   2   1   1   1 VWL   5 132   1 505   1   1
Pudel2   7   1   1   1   4  24   2   1   1   1 VWL   5 133   6 430   6   1
Pudel2   7   1   1   1   4  24   2   1   1   1 VWL   5 134   3 669   3   1
Pudel2   7   1   1   1   4  24   2   1   1   1 VWL   5 135   2 679   2   1
Pudel2   7   1   1   1   4  24   2   1   1   1 VWL   5 136   1 694   1   1
Pudel2   7   1   1   1   4  24   2   1   1   1 VWL   5 137   5 798   5   1
Pudel2   7   1   1   1   4  24   2   1   1   1 VWL   5 138   4 654   4   1
Pudel2   7   1   1   1   4  24   2   1   1   1 VWL   5 139   2 847   2   1
Pudel2   7   1   1   1   4  24   2   1   1   1 VWL   5 140   6 655   6   1
Pudel2   7   1   1   1   4  24   2   1   1   1 VWL   5 141   4 799   4   1
Pudel2   7   1   1   1   4  24   2   1   1   1 VWL   5 142   3 609   3   1
Pudel2   7   1   1   1   4  24   2   1   1   1 VWL   5 143   1 583   1   1
Pudel2   7   1   1   1   4  24   2   1   1   1 VWL   5 144   5 662   5   1
Pudel2   7   1   1   1   4  24   2   1   1   1 VWL   6   1   1 558   1   1
Pudel2   7   1   1   1   4  24   2   1   1   1 VWL   6   2   6 576   6   1
Pudel2   7   1   1   1   4  24   2   1   1   1 VWL   6   3   3 679   3   1
Pudel2   7   1   1   1   4  24   2   1   1   1 VWL   6   4   2 599   2   1
Pudel2   7   1   1   1   4  24   2   1   1   1 VWL   6   5   4 742   4   1
Pudel2   7   1   1   1   4  24   2   1   1   1 VWL   6   6   5 607   5   1
Pudel2   7   1   1   1   4  24   2   1   1   1 VWL   6   7   1 646   1   1
Pudel2   7   1   1   1   4  24   2   1   1   1 VWL   6   8   6 606   6   1
Pudel2   7   1   1   1   4  24   2   1   1   1 VWL   6   9   2 607   2   1
Pudel2   7   1   1   1   4  24   2   1   1   1 VWL   6  10   4 607   4   1
Pudel2   7   1   1   1   4  24   2   1   1   1 VWL   6  11   3 639   3   1
Pudel2   7   1   1   1   4  24   2   1   1   1 VWL   6  12   5 647   5   1
Pudel2   7   1   1   1   4  24   2   1   1   1 VWL   6  13   2 566   2   1
Pudel2   7   1   1   1   4  24   2   1   1   1 VWL   6  14   4 615   4   1
Pudel2   7   1   1   1   4  24   2   1   1   1 VWL   6  15   1 551   1   1
Pudel2   7   1   1   1   4  24   2   1   1   1 VWL   6  16   6 559   6   1
Pudel2   7   1   1   1   4  24   2   1   1   1 VWL   6  17   3 549   3   1
Pudel2   7   1   1   1   4  24   2   1   1   1 VWL   6  18   5 983   5   1
Pudel2   7   1   1   1   4  24   2   1   1   1 VWL   6  19   2 486   2   1
Pudel2   7   1   1   1   4  24   2   1   1   1 VWL   6  20   4 558   4   1
Pudel2   7   1   1   1   4  24   2   1   1   1 VWL   6  21   1 582   1   1
Pudel2   7   1   1   1   4  24   2   1   1   1 VWL   6  22   6 527   6   1
Pudel2   7   1   1   1   4  24   2   1   1   1 VWL   6  23   3 583   3   1
Pudel2   7   1   1   1   4  24   2   1   1   1 VWL   6  24   5 598   5   1
Pudel2   7   1   1   1   4  24   2   1   1   1 VWL   6  25   2 543   2   1
Pudel2   7   1   1   1   4  24   2   1   1   1 VWL   6  26   4 591   4   1
Pudel2   7   1   1   1   4  24   2   1   1   1 VWL   6  27   1 551   1   1
Pudel2   7   1   1   1   4  24   2   1   1   1 VWL   6  28   6 527   6   1
Pudel2   7   1   1   1   4  24   2   1   1   1 VWL   6  29   3 703   3   1
Pudel2   7   1   1   1   4  24   2   1   1   1 VWL   6  30   5 631   5   1
Pudel2   7   1   1   1   4  24   2   1   1   1 VWL   6  31   2 575   2   1
Pudel2   7   1   1   1   4  24   2   1   1   1 VWL   6  32   4 591   4   1
Pudel2   7   1   1   1   4  24   2   1   1   1 VWL   6  33   1 575   1   1
Pudel2   7   1   1   1   4  24   2   1   1   1 VWL   6  34   6 495   6   1
Pudel2   7   1   1   1   4  24   2   1   1   1 VWL   6  35   5 752   5   1
Pudel2   7   1   1   1   4  24   2   1   1   1 VWL   6  36   3 694   3   1
Pudel2   7   1   1   1   4  24   2   1   1   1 VWL   6  37   6 759   6   1
Pudel2   7   1   1   1   4  24   2   1   1   1 VWL   6  38   2 655   2   1
Pudel2   7   1   1   1   4  24   2   1   1   1 VWL   6  39   5 664   5   1
Pudel2   7   1   1   1   4  24   2   1   1   1 VWL   6  40   3 598   4   0
Pudel2   7   1   1   1   4  24   2   1   1   1 VWL   6  41   3 771   3   1
Pudel2   7   1   1   1   4  24   2   1   1   1 VWL   6  42   1 630   1   1
Pudel2   7   1   1   1   4  24   2   1   1   1 VWL   6  43   6 600   6   1
Pudel2   7   1   1   1   4  24   2   1   1   1 VWL   6  44   5 782   5   1
Pudel2   7   1   1   1   4  24   2   1   1   1 VWL   6  45   2 557   2   1
Pudel2   7   1   1   1   4  24   2   1   1   1 VWL   6  46   3 768   3   1
Pudel2   7   1   1   1   4  24   2   1   1   1 VWL   6  47   4 717   4   1
Pudel2   7   1   1   1   4  24   2   1   1   1 VWL   6  48   1 615   1   1
Pudel2   7   1   1   1   4  24   2   1   1   1 VWL   6  49   6 558   6   1
Pudel2   7   1   1   1   4  24   2   1   1   1 VWL   6  50   3 783   3   1
Pudel2   7   1   1   1   4  24   2   1   1   1 VWL   6  51   2 750   2   1
Pudel2   7   1   1   1   4  24   2   1   1   1 VWL   6  52   5 686   5   1
Pudel2   7   1   1   1   4  24   2   1   1   1 VWL   6  53   4 887   4   1
Pudel2   7   1   1   1   4  24   2   1   1   1 VWL   6  54   1 710   1   1
Pudel2   7   1   1   1   4  24   2   1   1   1 VWL   6  55   6 567   6   1
Pudel2   7   1   1   1   4  24   2   1   1   1 VWL   6  56   3 535   3   1
Pudel2   7   1   1   1   4  24   2   1   1   1 VWL   6  57   5 583   5   1
Pudel2   7   1   1   1   4  24   2   1   1   1 VWL   6  58   2 558   2   1
Pudel2   7   1   1   1   4  24   2   1   1   1 VWL   6  59   4 590   4   1
Pudel2   7   1   1   1   4  24   2   1   1   1 VWL   6  60   1 543   1   1
Pudel2   7   1   1   1   4  24   2   1   1   1 VWL   6  61   6 552   6   1
Pudel2   7   1   1   1   4  24   2   1   1   1 VWL   6  62   3 645   3   1
Pudel2   7   1   1   1   4  24   2   1   1   1 VWL   6  63   5 615   5   1
Pudel2   7   1   1   1   4  24   2   1   1   1 VWL   6  64   2 550   2   1
Pudel2   7   1   1   1   4  24   2   1   1   1 VWL   6  65   4 575   4   1
Pudel2   7   1   1   1   4  24   2   1   1   1 VWL   6  66   1 573   1   1
Pudel2   7   1   1   1   4  24   2   1   1   1 VWL   6  67   6 584   6   1
Pudel2   7   1   1   1   4  24   2   1   1   1 VWL   6  68   3 589   3   1
Pudel2   7   1   1   1   4  24   2   1   1   1 VWL   6  69   4 774   4   1
Pudel2   7   1   1   1   4  24   2   1   1   1 VWL   6  70   2 471   2   1
Pudel2   7   1   1   1   4  24   2   1   1   1 VWL   6  71   5 535   5   1
Pudel2   7   1   1   1   4  24   2   1   1   1 VWL   6  72   1 583   1   1
Pudel2   7   1   1   1   4  24   2   1   1   1 VWL   6  73   6 564   6   1
Pudel2   7   1   1   1   4  24   2   1   1   1 VWL   6  74   4 696   4   1
Pudel2   7   1   1   1   4  24   2   1   1   1 VWL   6  75   5 871   5   1
Pudel2   7   1   1   1   4  24   2   1   1   1 VWL   6  76   3 774   3   1
Pudel2   7   1   1   1   4  24   2   1   1   1 VWL   6  77   2 607   2   1
Pudel2   7   1   1   1   4  24   2   1   1   1 VWL   6  78   1 767   1   1
Pudel2   7   1   1   1   4  24   2   1   1   1 VWL   6  79   4 710   4   1
Pudel2   7   1   1   1   4  24   2   1   1   1 VWL   6  80   2 695   2   1
Pudel2   7   1   1   1   4  24   2   1   1   1 VWL   6  81   5 622   5   1
Pudel2   7   1   1   1   4  24   2   1   1   1 VWL   6  82   1 606   1   1
Pudel2   7   1   1   1   4  24   2   1   1   1 VWL   6  83   6 600   6   1
Pudel2   7   1   1   1   4  24   2   1   1   1 VWL   6  84   3 552   3   1
Pudel2   7   1   1   1   4  24   2   1   1   1 VWL   6  85   5 598   5   1
Pudel2   7   1   1   1   4  24   2   1   1   1 VWL   6  86   2 606   2   1
Pudel2   7   1   1   1   4  24   2   1   1   1 VWL   6  87   4 607   4   1
Pudel2   7   1   1   1   4  24   2   1   1   1 VWL   6  88   1 1031   1   1
Pudel2   7   1   1   1   4  24   2   1   1   1 VWL   6  89   6 488   6   1
Pudel2   7   1   1   1   4  24   2   1   1   1 VWL   6  90   3 582   3   1
Pudel2   7   1   1   1   4  24   2   1   1   1 VWL   6  91   5 591   5   1
Pudel2   7   1   1   1   4  24   2   1   1   1 VWL   6  92   2 558   2   1
Pudel2   7   1   1   1   4  24   2   1   1   1 VWL   6  93   4 551   4   1
Pudel2   7   1   1   1   4  24   2   1   1   1 VWL   6  94   1 478   1   1
Pudel2   7   1   1   1   4  24   2   1   1   1 VWL   6  95   6 575   6   1
Pudel2   7   1   1   1   4  24   2   1   1   1 VWL   6  96   3 582   3   1
Pudel2   7   1   1   1   4  24   2   1   1   1 VWL   6  97   5 558   5   1
Pudel2   7   1   1   1   4  24   2   1   1   1 VWL   6  98   2 662   2   1
Pudel2   7   1   1   1   4  24   2   1   1   1 VWL   6  99   4 575   4   1
Pudel2   7   1   1   1   4  24   2   1   1   1 VWL   6 100   1 823   1   1
Pudel2   7   1   1   1   4  24   2   1   1   1 VWL   6 101   6 551   6   1
Pudel2   7   1   1   1   4  24   2   1   1   1 VWL   6 102   3 655   3   1
Pudel2   7   1   1   1   4  24   2   1   1   1 VWL   6 103   5 679   5   1
Pudel2   7   1   1   1   4  24   2   1   1   1 VWL   6 104   2 525   2   1
Pudel2   7   1   1   1   4  24   2   1   1   1 VWL   6 105   3 855   3   1
Pudel2   7   1   1   1   4  24   2   1   1   1 VWL   6 106   1 663   1   1
Pudel2   7   1   1   1   4  24   2   1   1   1 VWL   6 107   6 607   6   1
Pudel2   7   1   1   1   4  24   2   1   1   1 VWL   6 108   4 727   4   1
Pudel2   7   1   1   1   4  24   2   1   1   1 VWL   6 109   1 727   1   1
Pudel2   7   1   1   1   4  24   2   1   1   1 VWL   6 110   3 736   3   1
Pudel2   7   1   1   1   4  24   2   1   1   1 VWL   6 111   2 688   2   1
Pudel2   7   1   1   1   4  24   2   1   1   1 VWL   6 112   5 582   4   0
Pudel2   7   1   1   1   4  24   2   1   1   1 VWL   6 113   6 683   6   1
Pudel2   7   1   1   1   4  24   2   1   1   1 VWL   6 114   5 766   5   1
Pudel2   7   1   1   1   4  24   2   1   1   1 VWL   6 115   1 624   1   1
Pudel2   7   1   1   1   4  24   2   1   1   1 VWL   6 116   3 927   3   1
Pudel2   7   1   1   1   4  24   2   1   1   1 VWL   6 117   6 742   6   1
Pudel2   7   1   1   1   4  24   2   1   1   1 VWL   6 118   4 759   4   1
Pudel2   7   1   1   1   4  24   2   1   1   1 VWL   6 119   5 983   5   1
Pudel2   7   1   1   1   4  24   2   1   1   1 VWL   6 120   2 567   2   1
Pudel2   7   1   1   1   4  24   2   1   1   1 VWL   6 121   4 582   4   1
Pudel2   7   1   1   1   4  24   2   1   1   1 VWL   6 122   1 591   1   1
Pudel2   7   1   1   1   4  24   2   1   1   1 VWL   6 123   6 542   6   1
Pudel2   7   1   1   1   4  24   2   1   1   1 VWL   6 124   3 592   3   1
Pudel2   7   1   1   1   4  24   2   1   1   1 VWL   6 125   5 550   5   1
Pudel2   7   1   1   1   4  24   2   1   1   1 VWL   6 126   2 583   2   1
Pudel2   7   1   1   1   4  24   2   1   1   1 VWL   6 127   4 559   4   1
Pudel2   7   1   1   1   4  24   2   1   1   1 VWL   6 128   1 551   1   1
Pudel2   7   1   1   1   4  24   2   1   1   1 VWL   6 129   6 536   6   1
Pudel2   7   1   1   1   4  24   2   1   1   1 VWL   6 130   3 606   3   1
Pudel2   7   1   1   1   4  24   2   1   1   1 VWL   6 131   5 567   5   1
Pudel2   7   1   1   1   4  24   2   1   1   1 VWL   6 132   2 574   2   1
Pudel2   7   1   1   1   4  24   2   1   1   1 VWL   6 133   4 590   4   1
Pudel2   7   1   1   1   4  24   2   1   1   1 VWL   6 134   1 487   1   1
Pudel2   7   1   1   1   4  24   2   1   1   1 VWL   6 135   2 822   2   1
Pudel2   7   1   1   1   4  24   2   1   1   1 VWL   6 136   3 824   3   1
Pudel2   7   1   1   1   4  24   2   1   1   1 VWL   6 137   5 535   5   1
Pudel2   7   1   1   1   4  24   2   1   1   1 VWL   6 138   6 823   6   1
Pudel2   7   1   1   1   4  24   2   1   1   1 VWL   6 139   3 608   3   1
Pudel2   7   1   1   1   4  24   2   1   1   1 VWL   6 140   5 574   4   0
Pudel2   7   1   1   1   4  24   2   1   1   1 VWL   6 141   5 787   5   1
Pudel2   7   1   1   1   4  24   2   1   1   1 VWL   6 142   6 798   6   1
Pudel2   7   1   1   1   4  24   2   1   1   1 VWL   6 143   2 543   2   1
Pudel2   7   1   1   1   4  24   2   1   1   1 VWL   6 144   1 672   1   1
Pudel2   7   1   1   1   4  24   2   1   1   1 VWL   7   1   1   1 1671   0
Pudel2   7   1   1   1   4  24   2   1   1   1 VWL   7   2   1   6 892   0
Pudel2   7   1   1   1   4  24   2   1   1   1 VWL   7   3   1   3 642   0
Pudel2   7   1   1   1   4  24   2   1   1   1 VWL   7   4   1   5 1243   0
Pudel2   7   1   1   1   4  24   2   1   1   1 VWL   7   5   1   2 612   0
Pudel2   7   1   1   1   4  24   2   1   1   1 VWL   7   6   1   4 712   0
Pudel2   7   1   1   1   4  24   2   1   1   1 VWL   7   7   1   3 732   0
Pudel2   7   1   1   1   4  24   2   1   1   1 VWL   7   8   1   5 822   0
Pudel2   7   1   1   1   4  24   2   1   1   1 VWL   7   9   1   1 1622   0
Pudel2   7   1   1   1   4  24   2   1   1   1 VWL   7  10   1   6 2992   0
Pudel2   7   1   1   1   4  24   2   1   1   1 VWL   7  11   1   3 552   0
Pudel2   7   1   1   1   4  24   2   1   1   1 VWL   7  12   1   5 1082   0
Pudel2   7   1   1   1   4  24   2   1   1   1 VWL   7  13   1   1 1142   0
Pudel2   7   1   1   1   4  24   2   1   1   1 VWL   7  14   1   2 752   0
Pudel2   7   1   1   1   4  24   2   1   1   1 VWL   7  15   1   4 1083   0
Pudel2   7   1   1   1   4  24   2   1   1   1 VWL   7  16   1   3 1532   0
Pudel2   7   1   1   1   4  24   2   1   1   1 VWL   7  17   1   5 732   0
Pudel2   7   1   1   1   4  24   2   1   1   1 VWL   7  18   1   2 652   0
Pudel2   7   1   1   1   4  24   2   1   1   1 VWL   7  19   1   6 1212   0
Pudel2   7   1   1   1   4  24   2   1   1   1 VWL   7  20   1   3 603   0
Pudel2   7   1   1   1   4  24   2   1   1   1 VWL   7  21   1   4 1502   0
Pudel2   7   1   1   1   4  24   2   1   1   1 VWL   7  22   1   1 1132   0
Pudel2   7   1   1   1   4  24   2   1   1   1 VWL   7  23   1   6 2712   0
Pudel2   7   1   1   1   4  24   2   1   1   1 VWL   7  24   1   3 622   0
Pudel2   7   1   1   1   4  24   2   1   1   1 VWL   7  25   1   5 763   0
Pudel2   7   1   1   1   4  24   2   1   1   1 VWL   7  26   1   3 762   0
Pudel2   7   1   1   1   4  24   2   1   1   1 VWL   7  27   1   4 702   0
Pudel2   7   1   1   1   4  24   2   1   1   1 VWL   7  28   1   2 442   0
Pudel2   7   1   1   1   4  24   2   1   1   1 VWL   7  29   1   5 1273   0
Pudel2   7   1   1   1   4  24   2   1   1   1 VWL   7  30   1   3 1562   0
Pudel2   7   1   1   1   4  24   2   1   1   1 VWL   7  31   1   4 752   0
Pudel2   7   1   1   1   4  24   2   1   1   1 VWL   7  32   1   1 862   0
Pudel2   7   1   1   1   4  24   2   1   1   1 VWL   7  33   1   6 543   0
Pudel2   7   1   1   1   4  24   2   1   1   1 VWL   7  34   1   3 772   0
Pudel2   7   1   1   1   4  24   2   1   1   1 VWL   7  35   1   5 862   0
Pudel2   7   1   1   1   4  24   2   1   1   1 VWL   7  36   1   2 862   0
Pudel2   7   1   1   1   4  24   2   1   1   1 VWL   7  37   1   4 712   0
Pudel2   7   1   1   1   4  24   2   1   1   1 VWL   7  38   1   3 953   0
Pudel2   7   1   1   1   4  24   2   1   1   1 VWL   7  39   1   2 1512   0
Pudel2   7   1   1   1   4  24   2   1   1   1 VWL   7  40   1   5 722   0
Pudel2   7   1   1   1   4  24   2   1   1   1 VWL   7  41   1   1 1542   0
Pudel2   7   1   1   1   4  24   2   1   1   1 VWL   7  42   1   6 752   0
Pudel2   7   1   1   1   4  24   2   1   1   1 VWL   7  43   1   3 552   0
Pudel2   7   1   1   1   4  24   2   1   1   1 VWL   7  44   1   2 2232   0
Pudel2   7   1   1   1   4  24   2   1   1   1 VWL   7  45   1   4 592   0
Pudel2   7   1   1   1   4  24   2   1   1   1 VWL   7  46   1   3 1632   0
Pudel2   7   1   1   1   4  24   2   1   1   1 VWL   7  47   1   5 592   0
Pudel2   7   1   1   1   4  24   2   1   1   1 VWL   7  48   1   2 622   0
Pudel2   7   1   1   1   4  24   2   1   1   1 VWL   7  49   1   6 822   0
Pudel2   7   1   1   1   4  24   2   1   1   1 VWL   7  50   1   3 2152   0
Pudel2   7   1   1   1   4  24   2   1   1   1 VWL   7  51   1   1 952   0
Pudel2   7   1   1   1   4  24   2   1   1   1 VWL   7  52   1   6 1403   0
Pudel2   7   1   1   1   4  24   2   1   1   1 VWL   7  53   1   3 1673   0
Pudel2   7   1   1   1   4  24   2   1   1   1 VWL   7  54   1   5 902   0
Pudel2   7   1   1   1   4  24   2   1   1   1 VWL   7  55   1   4 1522   0
Pudel2   7   1   1   1   4  24   2   1   1   1 VWL   7  56   1   2 792   0
Pudel2   7   1   1   1   4  24   2   1   1   1 VWL   7  57   1   4 1533   0
Pudel2   7   1   1   1   4  24   2   1   1   1 VWL   7  58   1   3 1552   0
Pudel2   7   1   1   1   4  24   2   1   1   1 VWL   7  59   1   5 802   0
Pudel2   7   1   1   1   4  24   2   1   1   1 VWL   7  60   1   2 992   0
Pudel2   7   1   1   1   4  24   2   1   1   1 VWL   7  61   1   6 913   0
Pudel2   7   1   1   1   4  24   2   1   1   1 VWL   7  62   1   3 1662   0
Pudel2   7   1   1   1   4  24   2   1   1   1 VWL   7  63   1   1 1002   0
Pudel2   7   1   1   1   4  24   2   1   1   1 VWL   7  64   1   6 712   0
Pudel2   7   1   1   1   4  24   2   1   1   1 VWL   7  65   1   3 2952   0
Pudel2   7   1   1   1   4  24   2   1   1   1 VWL   7  66   1   6 952   0
Pudel2   7   1   1   1   4  24   2   1   1   1 VWL   7  67   1   3 1413   0
Pudel2   7   1   1   1   4  24   2   1   1   1 VWL   7  68   1   5 582   0
Pudel2   7   1   1   1   4  24   2   1   1   1 VWL   7  69   1   4 952   0
Pudel2   7   1   1   1   4  24   2   1   1   1 VWL   7  70   1   2 813   0
Pudel2   7   1   1   1   4  24   2   1   1   1 VWL   7  71   1   4 772   0
Pudel2   7   1   1   1   4  24   2   1   1   1 VWL   7  72   1   3 612   0
Pudel2   7   1   1   1   4  24   2   1   1   1 VWL   7  73   1   5 842   0
Pudel2   7   1   1   1   4  24   2   1   1   1 VWL   7  74   1   2 752   0
Pudel2   7   1   1   1   4  24   2   1   1   1 VWL   7  75   1   6 1083   0
Pudel2   7   1   1   1   4  24   2   1   1   1 VWL   7  76   1   3 652   0
Pudel2   7   1   1   1   4  24   2   1   1   1 VWL   7  77   1   6 1092   0
Pudel2   7   1   1   1   4  24   2   1   1   1 VWL   7  78   1   1 652   0
Pudel2   7   1   1   1   4  24   2   1   1   1 VWL   7  79   1   2 1503   0
Pudel2   7   1   1   1   4  24   2   1   1   1 VWL   7  80   1   5 1232   0
Pudel2   7   1   1   1   4  24   2   1   1   1 VWL   7  81   1   4 2272   0
Pudel2   7   1   1   1   4  24   2   1   1   1 VWL   7  82   1   5 742   0
Pudel2   7   1   1   1   4  24   2   1   1   1 VWL   7  83   1   3 593   0
Pudel2   7   1   1   1   4  24   2   1   1   1 VWL   7  84   1   5 1073   0
Pudel2   7   1   1   1   4  24   2   1   1   1 VWL   7  85   1   2 1292   0
Pudel2   7   1   1   1   4  24   2   1   1   1 VWL   7  86   1   6 1892   0
Pudel2   7   1   1   1   4  24   2   1   1   1 VWL   7  87   1   3 682   0
Pudel2   7   1   1   1   4  24   2   1   1   1 VWL   7  88   1   1 1552   0
Pudel2   7   1   1   1   4  24   2   1   1   1 VWL   7  89   1   6 662   0
Pudel2   7   1   1   1   4  24   2   1   1   1 VWL   7  90   1   3 702   0
Pudel2   7   1   1   1   4  24   2   1   1   1 VWL   7  91   1   5 532   0
Pudel2   7   1   1   1   4  24   2   1   1   1 VWL   7  92   1   4 892   0
Pudel2   7   1   1   1   4  24   2   1   1   1 VWL   7  93   1   2 812   0
Pudel2   7   1   1   1   4  24   2   1   1   1 VWL   7  94   1   4 1322   0
Pudel2   7   1   1   1   4  24   2   1   1   1 VWL   7  95   1   3 542   0
Pudel2   7   1   1   1   4  24   2   1   1   1 VWL   7  96   1   5 512   0
Pudel2   7   1   1   1   4  24   2   1   1   1 VWL   7  97   1   2 552   0
Pudel2   7   1   1   1   4  24   2   1   1   1 VWL   7  98   1   6 732   0
Pudel2   7   1   1   1   4  24   2   1   1   1 VWL   7  99   1   3 792   0
Pudel2   7   1   1   1   4  24   2   1   1   1 VWL   7 100   1   1 722   0
Pudel2   7   1   1   1   4  24   2   1   1   1 VWL   7 101   1   6 1402   0
Pudel2   7   1   1   1   4  24   2   1   1   1 VWL   7 102   1   3 1493   0
Pudel2   7   1   1   1   4  24   2   1   1   1 VWL   7 103   1   5 633   0
Pudel2   7   1   1   1   4  24   2   1   1   1 VWL   7 104   1   4 492   0
Pudel2   7   1   1   1   4  24   2   1   1   1 VWL   7 105   1   2 492   0
Pudel2   7   1   1   1   4  24   2   1   1   1 VWL   7 106   1   3 1702   0
Pudel2   7   1   1   1   4  24   2   1   1   1 VWL   7 107   1   5 1542   0
Pudel2   7   1   1   1   4  24   2   1   1   1 VWL   7 108   1   4 522   0
Pudel2   7   1   1   1   4  24   2   1   1   1 VWL   7 109   1   2 982   0
Pudel2   7   1   1   1   4  24   2   1   1   1 VWL   7 110   1   5 832   0
Pudel2   7   1   1   1   4  24   2   1   1   1 VWL   7 111   1   3 864   0
Pudel2   7   1   1   1   4  24   2   1   1   1 VWL   7 112   1   4 762   0
Pudel2   7   1   1   1   4  24   2   1   1   1 VWL   7 113   1   1 1462   0
Pudel2   7   1   1   1   4  24   2   1   1   1 VWL   7 114   1   6 512   0
Pudel2   7   1   1   1   4  24   2   1   1   1 VWL   7 115   1   3 662   0
Pudel2   7   1   1   1   4  24   2   1   1   1 VWL   7 116   1   5 692   0
Pudel2   7   1   1   1   4  24   2   1   1   1 VWL   7 117   1   2 362   0
Pudel2   7   1   1   1   4  24   2   1   1   1 VWL   7 118   1   4 332   0
Pudel2   7   1   1   1   4  24   2   1   1   1 VWL   7 119   1   3 422   0
Pudel2   7   1   1   1   4  24   2   1   1   1 VWL   7 120   1   4 1053   0
Pudel2   7   1   1   1   4  24   2   1   1   1 VWL   8   1   1   1 531   0
Pudel2   7   1   1   1   4  24   2   1   1   1 VWL   8   2   1   2 332   0
Pudel2   7   1   1   1   4  24   2   1   1   1 VWL   8   3   1   3 352   0
Pudel2   7   1   1   1   4  24   2   1   1   1 VWL   8   4   1   4 272   0
Pudel2   7   1   1   1   4  24   2   1   1   1 VWL   8   5   1   5 272   0
Pudel2   7   1   1   1   4  24   2   1   1   1 VWL   8   6   1   6 252   0
Pudel2   7   1   1   1   4  24   2   1   1   1 VWL   8   7   1   5 362   0
Pudel2   7   1   1   1   4  24   2   1   1   1 VWL   8   8   1   4 362   0
Pudel2   7   1   1   1   4  24   2   1   1   1 VWL   8   9   1   3 252   0
Pudel2   7   1   1   1   4  24   2   1   1   1 VWL   8  10   1   2 292   0
Pudel2   7   1   1   1   4  24   2   1   1   1 VWL   8  11   1   1 312   0
Pudel2   7   1   1   1   4  24   2   1   1   1 VWL   8  12   1   2 2252   0
Pudel2   7   1   1   1   4  24   2   1   1   1 VWL   8  13   1   3 332   0
Pudel2   7   1   1   1   4  24   2   1   1   1 VWL   8  14   1   4 362   0
Pudel2   7   1   1   1   4  24   2   1   1   1 VWL   8  15   1   5 233   0
Pudel2   7   1   1   1   4  24   2   1   1   1 VWL   8  16   1   6 242   0
Pudel2   7   1   1   1   4  24   2   1   1   1 VWL   8  17   1   5 352   0
Pudel2   7   1   1   1   4  24   2   1   1   1 VWL   8  18   1   4 332   0
Pudel2   7   1   1   1   4  24   2   1   1   1 VWL   8  19   1   3 222   0
Pudel2   7   1   1   1   4  24   2   1   1   1 VWL   8  20   1   2 302   0
Pudel2   7   1   1   1   4  24   2   1   1   1 VWL   8  21   1   1 362   0
Pudel2   7   1   1   1   4  24   2   1   1   1 VWL   8  22   1   2 522   0
Pudel2   7   1   1   1   4  24   2   1   1   1 VWL   8  23   1   3 332   0
Pudel2   7   1   1   1   4  24   2   1   1   1 VWL   8  24   1   4 282   0
Pudel2   7   1   1   1   4  24   2   1   1   1 VWL   8  25   1   5 232   0
Pudel2   7   1   1   1   4  24   2   1   1   1 VWL   8  26   1   6 232   0
Pudel2   7   1   1   1   4  24   2   1   1   1 VWL   8  27   1   5 232   0
Pudel2   7   1   1   1   4  24   2   1   1   1 VWL   8  28   1   4 192   0
Pudel2   7   1   1   1   4  24   2   1   1   1 VWL   8  29   1   3 252   0
Pudel2   7   1   1   1   4  24   2   1   1   1 VWL   8  30   1   2 222   0
Pudel2   7   1   1   1   4  24   2   1   1   1 VWL   8  31   1   1 343   0
Pudel2   7   1   1   1   4  24   2   1   1   1 VWL   8  32   1   2 342   0
Pudel2   7   1   1   1   4  24   2   1   1   1 VWL   8  33   1   2 162   0
Pudel2   7   1   1   1   4  24   2   1   1   1 VWL   8  34   1   3 141   0
Pudel2   7   1   1   1   4  24   2   1   1   1 VWL   8  35   1   4 933   0
Pudel2   7   1   1   1   4  24   2   1   1   1 VWL   8  36   1   5 262   0
Pudel2   7   1   1   1   4  24   2   1   1   1 VWL   8  37   1   6 242   0
Pudel2   7   1   1   1   4  24   2   1   1   1 VWL   8  38   1   5 312   0
Pudel2   7   1   1   1   4  24   2   1   1   1 VWL   8  39   1   4 322   0
Pudel2   7   1   1   1   4  24   2   1   1   1 VWL   8  40   1   3 292   0
Pudel2   7   1   1   1   4  24   2   1   1   1 VWL   8  41   1   2 222   0
Pudel2   7   1   1   1   4  24   2   1   1   1 VWL   8  42   1   1 322   0
Pudel2   7   1   1   1   4  24   2   1   1   1 VWL   8  43   1   2 472   0
Pudel2   7   1   1   1   4  24   2   1   1   1 VWL   8  44   1   3 192   0
Pudel2   7   1   1   1   4  24   2   1   1   1 VWL   8  45   1   4 292   0
Pudel2   7   1   1   1   4  24   2   1   1   1 VWL   8  46   1   5 272   0
Pudel2   7   1   1   1   4  24   2   1   1   1 VWL   8  47   1   6 232   0
Pudel2   7   1   1   1   4  24   2   1   1   1 VWL   8  48   1   5 522   0
Pudel2   7   1   1   1   4  24   2   1   1   1 VWL   8  49   1   4 202   0
Pudel2   7   1   1   1   4  24   2   1   1   1 VWL   8  50   1   3 223   0
Pudel2   7   1   1   1   4  24   2   1   1   1 VWL   8  51   1   2 242   0
Pudel2   7   1   1   1   4  24   2   1   1   1 VWL   8  52   1   1 422   0
Pudel2   7   1   1   1   4  24   2   1   1   1 VWL   8  53   1   2 482   0
Pudel2   7   1   1   1   4  24   2   1   1   1 VWL   8  54   1   3 303   0
Pudel2   7   1   1   1   4  24   2   1   1   1 VWL   8  55   1   5 372   0
Pudel2   7   1   1   1   4  24   2   1   1   1 VWL   8  56   1   4 582   0
Pudel2   7   1   1   1   4  24   2   1   1   1 VWL   8  57   1   6 302   0
Pudel2   7   1   1   1   4  24   2   1   1   1 VWL   8  58   1   5 1682   0
Pudel2   7   1   1   1   4  24   2   1   1   1 VWL   8  59   1   4 312   0
Pudel2   7   1   1   1   4  24   2   1   1   1 VWL   8  60   1   3 302   0
Pudel2   7   1   1   1   4  24   2   1   1   1 VWL   8  61   1   2 322   0
Pudel2   7   1   1   1   4  24   2   1   1   1 VWL   8  62   1   1 512   0
Pudel2   7   1   1   1   4  24   2   1   1   1 VWL   8  63   1   6 803   0
Pudel2   7   1   1   1   4  24   2   1   1   1 VWL   8  64   1   5 342   0
Pudel2   7   1   1   1   4  24   2   1   1   1 VWL   8  65   1   4 292   0
Pudel2   7   1   1   1   4  24   2   1   1   1 VWL   8  66   1   3 582   0
Pudel2   7   1   1   1   4  24   2   1   1   1 VWL   8  67   1   2 242   0
Pudel2   7   1   1   1   4  24   2   1   1   1 VWL   8  68   1   1 272   0
Pudel2   7   1   1   1   4  24   2   1   1   1 VWL   8  69   1   6 312   0
Pudel2   7   1   1   1   4  24   2   1   1   1 VWL   8  70   1   5 252   0
Pudel2   7   1   1   1   4  24   2   1   1   1 VWL   8  71   1   4 252   0
Pudel2   7   1   1   1   4  24   2   1   1   1 VWL   8  72   1   2 322   0
Pudel2   7   1   1   1   4  24   2   1   1   1 VWL   8  73   1   3 612   0
Pudel2   7   1   1   1   4  24   2   1   1   1 VWL   8  74   1   1 242   0
Pudel2   7   1   1   1   4  24   2   1   1   1 VWL   8  75   1   6 892   0
Pudel2   7   1   1   1   4  24   2   1   1   1 VWL   8  76   1   5 373   0
Pudel2   7   1   1   1   4  24   2   1   1   1 VWL   8  77   1   4 452   0
Pudel2   7   1   1   1   4  24   2   1   1   1 VWL   8  78   1   3 332   0
Pudel2   7   1   1   1   4  24   2   1   1   1 VWL   8  79   1   2 312   0
Pudel2   7   1   1   1   4  24   2   1   1   1 VWL   8  80   1   1 292   0
Pudel2   7   1   1   1   4  24   2   1   1   1 VWL   8  81   1   2 552   0
Pudel2   7   1   1   1   4  24   2   1   1   1 VWL   8  82   1   3 252   0
Pudel2   7   1   1   1   4  24   2   1   1   1 VWL   8  83   1   4 512   0
Pudel2   7   1   1   1   4  24   2   1   1   1 VWL   8  84   1   5 272   0
Pudel2   7   1   1   1   4  24   2   1   1   1 VWL   8  85   1   6 262   0
Pudel2   7   1   1   1   4  24   2   1   1   1 VWL   8  86   1   3 372   0
Pudel2   7   1   1   1   4  24   2   1   1   1 VWL   8  87   1   5 2132   0
Pudel2   7   1   1   1   4  24   2   1   1   1 VWL   8  88   1   4 303   0
Pudel2   7   1   1   1   4  24   2   1   1   1 VWL   8  89   1   2 492   0
Pudel2   7   1   1   1   4  24   2   1   1   1 VWL   8  90   1   3 792   0
Pudel2   7   1   1   1   4  24   2   1   1   1 VWL   8  91   1   1 322   0
Pudel2   7   1   1   1   4  24   2   1   1   1 VWL   8  92   1   2 853   0
Pudel2   7   1   1   1   4  24   2   1   1   1 VWL   8  93   1   3 312   0
Pudel2   7   1   1   1   4  24   2   1   1   1 VWL   8  94   1   4 312   0
Pudel2   7   1   1   1   4  24   2   1   1   1 VWL   8  95   1   5 242   0
Pudel2   7   1   1   1   4  24   2   1   1   1 VWL   8  96   1   6 282   0
Pudel2   7   1   1   1   4  24   2   1   1   1 VWL   8  97   1   3 332   0
Pudel2   7   1   1   1   4  24   2   1   1   1 VWL   8  98   1   5 842   0
Pudel2   7   1   1   1   4  24   2   1   1   1 VWL   8  99   1   4 282   0
Pudel2   7   1   1   1   4  24   2   1   1   1 VWL   8 100   1   2 402   0
Pudel2   7   1   1   1   4  24   2   1   1   1 VWL   8 101   1   3 603   0
Pudel2   7   1   1   1   4  24   2   1   1   1 VWL   8 102   1   2 272   0
Pudel2   7   1   1   1   4  24   2   1   1   1 VWL   8 103   1   1 262   0
Pudel2   7   1   1   1   4  24   2   1   1   1 VWL   8 104   1   2 552   0
Pudel2   7   1   1   1   4  24   2   1   1   1 VWL   8 105   1   3 312   0
Pudel2   7   1   1   1   4  24   2   1   1   1 VWL   8 106   1   4 282   0
Pudel2   7   1   1   1   4  24   2   1   1   1 VWL   8 107   1   5 252   0
Pudel2   7   1   1   1   4  24   2   1   1   1 VWL   8 108   1   6 242   0
Pudel2   7   1   1   1   4  24   2   1   1   1 VWL   8 109   1   5 582   0
Pudel2   7   1   1   1   4  24   2   1   1   1 VWL   8 110   1   4 352   0
Pudel2   7   1   1   1   4  24   2   1   1   1 VWL   8 111   1   3 332   0
Pudel2   7   1   1   1   4  24   2   1   1   1 VWL   8 112   1   2 292   0
Pudel2   7   1   1   1   4  24   2   1   1   1 VWL   8 113   1   1 342   0
Pudel2   7   1   1   1   4  24   2   1   1   1 VWL   8 114   1   2 452   0
Pudel2   7   1   1   1   4  24   2   1   1   1 VWL   8 115   1   3 312   0
Pudel2   7   1   1   1   4  24   2   1   1   1 VWL   8 116   1   4 293   0
Pudel2   7   1   1   1   4  24   2   1   1   1 VWL   8 117   1   5 262   0
Pudel2   7   1   1   1   4  24   2   1   1   1 VWL   8 118   1   6 292   0
Pudel2   7   1   1   1   4  24   2   1   1   1 VWL   8 119   1   5 322   0
Pudel2   7   1   1   1   4  24   2   1   1   1 VWL   8 120   1   4 282   0
