1	1     *
2	2    *
3	2   *
4	1  *
5	1  *
6	2  *
7	2  *
8	2  *
9	1  *
10	1  *
11	2  *
12	1 
13	1   *
14	1  *
15	2  *
16	2  *
17	2  *
18	2  *
19	1  *
20	1  *
21	1  *
22	2  *
23	1  *
24	2  *
25	1  *
26	2  *
27	2  *
28	2  *
29	1  *
30	1  *
31	1  *
32	1  *
33	1  *
34	2  *
35	1  *
36	1  *
37	2  *
38	2  *
39	2   *
40	2  *
41	2  *
42	1  *
43	2  *
44	2  *
45	1  *
46	1  *
47	1  *
48	2  *
49	1  *
50	2  *
51	2  *
52	2 *
53	1 *
54	2 *
55	1 *
56	1 *
57	2 *
58	1 *
59	1
60	2
61	1
62	1
63	2
64	1
65	2
66	2
67	2
68	1
69	1
70	2
71	1
72	2
73	2
74	2
75	1
76	1
77	1
78	2
79	1
80	2
81	2
82	2
83	1
84	2
85	2
86	1
87	1
88	1 
89	2
90	1
91	1
92	1
93	2
94	1
95	2
96	2
97	1
98	2 
99	1   *
100	2  
101	1  *
102	2 *
103	1 *
104	2















































































































































