Pudel1   1   2   2   1   5  27   2   1   1   1 BWL   1   1   6 719   6   1
Pudel1   1   2   2   1   5  27   2   1   1   1 BWL   1   2   4 1485   4   1
Pudel1   1   2   2   1   5  27   2   1   1   1 BWL   1   3   5 1456   5   1
Pudel1   1   2   2   1   5  27   2   1   1   1 BWL   1   4   3 1093   3   1
Pudel1   1   2   2   1   5  27   2   1   1   1 BWL   1   5   2 1151   2   1
Pudel1   1   2   2   1   5  27   2   1   1   1 BWL   1   6   1 879   1   1
Pudel1   1   2   2   1   5  27   2   1   1   1 BWL   1   7   6 824   6   1
Pudel1   1   2   2   1   5  27   2   1   1   1 BWL   1   8   2 1122   2   1
Pudel1   1   2   2   1   5  27   2   1   1   1 BWL   1   9   4 1399   4   1
Pudel1   1   2   2   1   5  27   2   1   1   1 BWL   1  10   6 866   6   1
Pudel1   1   2   2   1   5  27   2   1   1   1 BWL   1  11   3 1138   3   1
Pudel1   1   2   2   1   5  27   2   1   1   1 BWL   1  12   5 1267   5   1
Pudel1   1   2   2   1   5  27   2   1   1   1 BWL   1  13   4 922   4   1
Pudel1   1   2   2   1   5  27   2   1   1   1 BWL   1  14   1 964   1   1
Pudel1   1   2   2   1   5  27   2   1   1   1 BWL   1  15   6 795   6   1
Pudel1   1   2   2   1   5  27   2   1   1   1 BWL   1  16   3 936   3   1
Pudel1   1   2   2   1   5  27   2   1   1   1 BWL   1  17   2 922   2   1
Pudel1   1   2   2   1   5  27   2   1   1   1 BWL   1  18   6 810   6   1
Pudel1   1   2   2   1   5  27   2   1   1   1 BWL   1  19   3 922   3   1
Pudel1   1   2   2   1   5  27   2   1   1   1 BWL   1  20   2 908   2   1
Pudel1   1   2   2   1   5  27   2   1   1   1 BWL   1  21   5 1369   5   1
Pudel1   1   2   2   1   5  27   2   1   1   1 BWL   1  22   1 907   1   1
Pudel1   1   2   2   1   5  27   2   1   1   1 BWL   1  23   3 1039   3   1
Pudel1   1   2   2   1   5  27   2   1   1   1 BWL   1  24   2 951   2   1
Pudel1   1   2   2   1   5  27   2   1   1   1 BWL   1  25   4 966   4   1
Pudel1   1   2   2   1   5  27   2   1   1   1 BWL   1  26   6 879   6   1
Pudel1   1   2   2   1   5  27   2   1   1   1 BWL   1  27   1 878   1   1
Pudel1   1   2   2   1   5  27   2   1   1   1 BWL   1  28   3 938   3   1
Pudel1   1   2   2   1   5  27   2   1   1   1 BWL   1  29   2 879   2   1
Pudel1   1   2   2   1   5  27   2   1   1   1 BWL   1  30   4 1038   4   1
Pudel1   1   2   2   1   5  27   2   1   1   1 BWL   1  31   1 878   1   1
Pudel1   1   2   2   1   5  27   2   1   1   1 BWL   1  32   2 865   2   1
Pudel1   1   2   2   1   5  27   2   1   1   1 BWL   1  33   5 1011   5   1
Pudel1   1   2   2   1   5  27   2   1   1   1 BWL   1  34   4 893   4   1
Pudel1   1   2   2   1   5  27   2   1   1   1 BWL   1  35   6 781   6   1
Pudel1   1   2   2   1   5  27   2   1   1   1 BWL   1  36   3 892   3   1
Pudel1   1   2   2   1   5  27   2   1   1   1 BWL   1  37   2 866   2   1
Pudel1   1   2   2   1   5  27   2   1   1   1 BWL   1  38   1 792   1   1
Pudel1   1   2   2   1   5  27   2   1   1   1 BWL   1  39   3 838   3   1
Pudel1   1   2   2   1   5  27   2   1   1   1 BWL   1  40   6 781   6   1
Pudel1   1   2   2   1   5  27   2   1   1   1 BWL   1  41   4 849   4   1
Pudel1   1   2   2   1   5  27   2   1   1   1 BWL   1  42   3 1183   3   1
Pudel1   1   2   2   1   5  27   2   1   1   1 BWL   1  43   2 777   2   1
Pudel1   1   2   2   1   5  27   2   1   1   1 BWL   1  44   5 1069   5   1
Pudel1   1   2   2   1   5  27   2   1   1   1 BWL   1  45   6 794   6   1
Pudel1   1   2   2   1   5  27   2   1   1   1 BWL   1  46   3 935   3   1
Pudel1   1   2   2   1   5  27   2   1   1   1 BWL   1  47   5 911   5   1
Pudel1   1   2   2   1   5  27   2   1   1   1 BWL   1  48   6 821   6   1
Pudel1   1   2   2   1   5  27   2   1   1   1 BWL   1  49   2 878   2   1
Pudel1   1   2   2   1   5  27   2   1   1   1 BWL   1  50   1 793   1   1
Pudel1   1   2   2   1   5  27   2   1   1   1 BWL   1  51   5 997   5   1
Pudel1   1   2   2   1   5  27   2   1   1   1 BWL   1  52   3 863   3   1
Pudel1   1   2   2   1   5  27   2   1   1   1 BWL   1  53   6 796   6   1
Pudel1   1   2   2   1   5  27   2   1   1   1 BWL   1  54   2 878   2   1
Pudel1   1   2   2   1   5  27   2   1   1   1 BWL   1  55   5 823   5   1
Pudel1   1   2   2   1   5  27   2   1   1   1 BWL   1  56   1 720   1   1
Pudel1   1   2   2   1   5  27   2   1   1   1 BWL   1  57   6 782   6   1
Pudel1   1   2   2   1   5  27   2   1   1   1 BWL   1  58   2 791   2   1
Pudel1   1   2   2   1   5  27   2   1   1   1 BWL   1  59   5 908   5   1
Pudel1   1   2   2   1   5  27   2   1   1   1 BWL   1  60   1 763   1   1
Pudel1   1   2   2   1   5  27   2   1   1   1 BWL   1  61   3 807   3   1
Pudel1   1   2   2   1   5  27   2   1   1   1 BWL   1  62   5 823   4   0
Pudel1   1   2   2   1   5  27   2   1   1   1 BWL   1  63   2 981   2   1
Pudel1   1   2   2   1   5  27   2   1   1   1 BWL   1  64   3 1196   3   1
Pudel1   1   2   2   1   5  27   2   1   1   1 BWL   1  65   5 1326   5   1
Pudel1   1   2   2   1   5  27   2   1   1   1 BWL   1  66   6 851   6   1
Pudel1   1   2   2   1   5  27   2   1   1   1 BWL   1  67   1 822   1   1
Pudel1   1   2   2   1   5  27   2   1   1   1 BWL   1  68   3 836   3   1
Pudel1   1   2   2   1   5  27   2   1   1   1 BWL   1  69   5 880   4   0
Pudel1   1   2   2   1   5  27   2   1   1   1 BWL   1  70   5 1871   5   1
Pudel1   1   2   2   1   5  27   2   1   1   1 BWL   1  71   1 792   1   1
Pudel1   1   2   2   1   5  27   2   1   1   1 BWL   1  72   4 1673   4   1
Pudel1   1   2   2   1   5  27   2   1   1   1 BWL   1  73   3 950   3   1
Pudel1   1   2   2   1   5  27   2   1   1   1 BWL   1  74   2 865   2   1
Pudel1   1   2   2   1   5  27   2   1   1   1 BWL   1  75   1 851   1   1
Pudel1   1   2   2   1   5  27   2   1   1   1 BWL   1  76   4 1024   4   1
Pudel1   1   2   2   1   5  27   2   1   1   1 BWL   1  77   2 879   2   1
Pudel1   1   2   2   1   5  27   2   1   1   1 BWL   1  78   5 1226   5   1
Pudel1   1   2   2   1   5  27   2   1   1   1 BWL   1  79   4 936   4   1
Pudel1   1   2   2   1   5  27   2   1   1   1 BWL   1  80   2 850   2   1
Pudel1   1   2   2   1   5  27   2   1   1   1 BWL   1  81   5 852   5   1
Pudel1   1   2   2   1   5  27   2   1   1   1 BWL   1  82   3 893   3   1
Pudel1   1   2   2   1   5  27   2   1   1   1 BWL   1  83   4 1325   4   1
Pudel1   1   2   2   1   5  27   2   1   1   1 BWL   1  84   1 835   1   1
Pudel1   1   2   2   1   5  27   2   1   1   1 BWL   1  85   5 1096   5   1
Pudel1   1   2   2   1   5  27   2   1   1   1 BWL   1  86   6 866   6   1
Pudel1   1   2   2   1   5  27   2   1   1   1 BWL   1  87   4 936   4   1
Pudel1   1   2   2   1   5  27   2   1   1   1 BWL   1  88   5 981   5   1
Pudel1   1   2   2   1   5  27   2   1   1   1 BWL   1  89   6 938   6   1
Pudel1   1   2   2   1   5  27   2   1   1   1 BWL   1  90   2 878   2   1
Pudel1   1   2   2   1   5  27   2   1   1   1 BWL   1  91   5 967   5   1
Pudel1   1   2   2   1   5  27   2   1   1   1 BWL   1  92   6 852   6   1
Pudel1   1   2   2   1   5  27   2   1   1   1 BWL   1  93   2 879   2   1
Pudel1   1   2   2   1   5  27   2   1   1   1 BWL   1  94   5 996   5   1
Pudel1   1   2   2   1   5  27   2   1   1   1 BWL   1  95   6 878   6   1
Pudel1   1   2   2   1   5  27   2   1   1   1 BWL   1  96   3 950   3   1
Pudel1   1   2   2   1   5  27   2   1   1   1 BWL   1  97   5 881   5   1
Pudel1   1   2   2   1   5  27   2   1   1   1 BWL   1  98   1 950   1   1
Pudel1   1   2   2   1   5  27   2   1   1   1 BWL   1  99   3 880   3   1
Pudel1   1   2   2   1   5  27   2   1   1   1 BWL   1 100   4 1096   4   1
Pudel1   1   2   2   1   5  27   2   1   1   1 BWL   1 101   5 851   5   1
Pudel1   1   2   2   1   5  27   2   1   1   1 BWL   1 102   2 964   2   1
Pudel1   1   2   2   1   5  27   2   1   1   1 BWL   1 103   3 896   3   1
Pudel1   1   2   2   1   5  27   2   1   1   1 BWL   1 104   6 851   6   1
Pudel1   1   2   2   1   5  27   2   1   1   1 BWL   1 105   5 849   5   1
Pudel1   1   2   2   1   5  27   2   1   1   1 BWL   1 106   1 892   1   1
Pudel1   1   2   2   1   5  27   2   1   1   1 BWL   1 107   2 837   2   1
Pudel1   1   2   2   1   5  27   2   1   1   1 BWL   1 108   3 881   3   1
Pudel1   1   2   2   1   5  27   2   1   1   1 BWL   1 109   6 880   6   1
Pudel1   1   2   2   1   5  27   2   1   1   1 BWL   1 110   2 1050   2   1
Pudel1   1   2   2   1   5  27   2   1   1   1 BWL   1 111   1 881   1   1
Pudel1   1   2   2   1   5  27   2   1   1   1 BWL   1 112   5 968   5   1
Pudel1   1   2   2   1   5  27   2   1   1   1 BWL   1 113   2 935   2   1
Pudel1   1   2   2   1   5  27   2   1   1   1 BWL   1 114   3 879   3   1
Pudel1   1   2   2   1   5  27   2   1   1   1 BWL   1 115   4 953   4   1
Pudel1   1   2   2   1   5  27   2   1   1   1 BWL   1 116   6 923   6   1
Pudel1   1   2   2   1   5  27   2   1   1   1 BWL   1 117   1 879   1   1
Pudel1   1   2   2   1   5  27   2   1   1   1 BWL   1 118   5 939   5   1
Pudel1   1   2   2   1   5  27   2   1   1   1 BWL   1 119   2 905   2   1
Pudel1   1   2   2   1   5  27   2   1   1   1 BWL   1 120   1 879   1   1
Pudel1   1   2   2   1   5  27   2   1   1   1 BWL   1 121   6 983   6   1
Pudel1   1   2   2   1   5  27   2   1   1   1 BWL   1 122   5 850   5   1
Pudel1   1   2   2   1   5  27   2   1   1   1 BWL   1 123   3 921   3   1
Pudel1   1   2   2   1   5  27   2   1   1   1 BWL   1 124   4 1010   4   1
Pudel1   1   2   2   1   5  27   2   1   1   1 BWL   1 125   6 865   6   1
Pudel1   1   2   2   1   5  27   2   1   1   1 BWL   1 126   5 907   5   1
Pudel1   1   2   2   1   5  27   2   1   1   1 BWL   1 127   4 893   4   1
Pudel1   1   2   2   1   5  27   2   1   1   1 BWL   1 128   6 867   6   1
Pudel1   1   2   2   1   5  27   2   1   1   1 BWL   1 129   5 863   5   1
Pudel1   1   2   2   1   5  27   2   1   1   1 BWL   1 130   1 820   1   1
Pudel1   1   2   2   1   5  27   2   1   1   1 BWL   1 131   3 868   3   1
Pudel1   1   2   2   1   5  27   2   1   1   1 BWL   1 132   5 894   5   1
Pudel1   1   2   2   1   5  27   2   1   1   1 BWL   1 133   6 794   6   1
Pudel1   1   2   2   1   5  27   2   1   1   1 BWL   1 134   1 878   1   1
Pudel1   1   2   2   1   5  27   2   1   1   1 BWL   1 135   3 808   3   1
Pudel1   1   2   2   1   5  27   2   1   1   1 BWL   1 136   2 850   2   1
Pudel1   1   2   2   1   5  27   2   1   1   1 BWL   1 137   1 794   1   1
Pudel1   1   2   2   1   5  27   2   1   1   1 BWL   1 138   6 852   6   1
Pudel1   1   2   2   1   5  27   2   1   1   1 BWL   1 139   3 849   3   1
Pudel1   1   2   2   1   5  27   2   1   1   1 BWL   1 140   5 837   5   1
Pudel1   1   2   2   1   5  27   2   1   1   1 BWL   1 141   4 863   4   1
Pudel1   1   2   2   1   5  27   2   1   1   1 BWL   1 142   6 796   6   1
Pudel1   1   2   2   1   5  27   2   1   1   1 BWL   1 143   2 890   2   1
Pudel1   1   2   2   1   5  27   2   1   1   1 BWL   1 144   1 764   1   1
Pudel1   1   2   2   1   5  27   2   1   1   1 BWL   2   1   6 763   6   1
Pudel1   1   2   2   1   5  27   2   1   1   1 BWL   2   2   3 1009   3   1
Pudel1   1   2   2   1   5  27   2   1   1   1 BWL   2   3   2 864   2   1
Pudel1   1   2   2   1   5  27   2   1   1   1 BWL   2   4   4 996   4   1
Pudel1   1   2   2   1   5  27   2   1   1   1 BWL   2   5   1 849   1   1
Pudel1   1   2   2   1   5  27   2   1   1   1 BWL   2   6   2 822   2   1
Pudel1   1   2   2   1   5  27   2   1   1   1 BWL   2   7   5 880   5   1
Pudel1   1   2   2   1   5  27   2   1   1   1 BWL   2   8   3 879   3   1
Pudel1   1   2   2   1   5  27   2   1   1   1 BWL   2   9   1 822   1   1
Pudel1   1   2   2   1   5  27   2   1   1   1 BWL   2  10   6 810   6   1
Pudel1   1   2   2   1   5  27   2   1   1   1 BWL   2  11   4 878   4   1
Pudel1   1   2   2   1   5  27   2   1   1   1 BWL   2  12   1 863   1   1
Pudel1   1   2   2   1   5  27   2   1   1   1 BWL   2  13   6 852   6   1
Pudel1   1   2   2   1   5  27   2   1   1   1 BWL   2  14   5 895   5   1
Pudel1   1   2   2   1   5  27   2   1   1   1 BWL   2  15   3 908   3   1
Pudel1   1   2   2   1   5  27   2   1   1   1 BWL   2  16   2 907   2   1
Pudel1   1   2   2   1   5  27   2   1   1   1 BWL   2  17   4 923   4   1
Pudel1   1   2   2   1   5  27   2   1   1   1 BWL   2  18   5 881   5   1
Pudel1   1   2   2   1   5  27   2   1   1   1 BWL   2  19   6 878   6   1
Pudel1   1   2   2   1   5  27   2   1   1   1 BWL   2  20   4 865   4   1
Pudel1   1   2   2   1   5  27   2   1   1   1 BWL   2  21   1 993   1   1
Pudel1   1   2   2   1   5  27   2   1   1   1 BWL   2  22   3 939   3   1
Pudel1   1   2   2   1   5  27   2   1   1   1 BWL   2  23   6 880   6   1
Pudel1   1   2   2   1   5  27   2   1   1   1 BWL   2  24   4 950   4   1
Pudel1   1   2   2   1   5  27   2   1   1   1 BWL   2  25   1 863   1   1
Pudel1   1   2   2   1   5  27   2   1   1   1 BWL   2  26   2 851   2   1
Pudel1   1   2   2   1   5  27   2   1   1   1 BWL   2  27   4 881   4   1
Pudel1   1   2   2   1   5  27   2   1   1   1 BWL   2  28   5 866   5   1
Pudel1   1   2   2   1   5  27   2   1   1   1 BWL   2  29   2 936   2   1
Pudel1   1   2   2   1   5  27   2   1   1   1 BWL   2  30   3 937   3   1
Pudel1   1   2   2   1   5  27   2   1   1   1 BWL   2  31   4 865   4   1
Pudel1   1   2   2   1   5  27   2   1   1   1 BWL   2  32   5 851   5   1
Pudel1   1   2   2   1   5  27   2   1   1   1 BWL   2  33   2 935   2   1
Pudel1   1   2   2   1   5  27   2   1   1   1 BWL   2  34   6 938   6   1
Pudel1   1   2   2   1   5  27   2   1   1   1 BWL   2  35   4 878   4   1
Pudel1   1   2   2   1   5  27   2   1   1   1 BWL   2  36   5 795   5   1
Pudel1   1   2   2   1   5  27   2   1   1   1 BWL   2  37   2 804   2   1
Pudel1   1   2   2   1   5  27   2   1   1   1 BWL   2  38   4 749   4   1
Pudel1   1   2   2   1   5  27   2   1   1   1 BWL   2  39   5 721   5   1
Pudel1   1   2   2   1   5  27   2   1   1   1 BWL   2  40   6 692   6   1
Pudel1   1   2   2   1   5  27   2   1   1   1 BWL   2  41   2 734   2   1
Pudel1   1   2   2   1   5  27   2   1   1   1 BWL   2  42   3 751   3   1
Pudel1   1   2   2   1   5  27   2   1   1   1 BWL   2  43   4 823   4   1
Pudel1   1   2   2   1   5  27   2   1   1   1 BWL   2  44   5 720   5   1
Pudel1   1   2   2   1   5  27   2   1   1   1 BWL   2  45   3 864   3   1
Pudel1   1   2   2   1   5  27   2   1   1   1 BWL   2  46   4 880   4   1
Pudel1   1   2   2   1   5  27   2   1   1   1 BWL   2  47   2 820   2   1
Pudel1   1   2   2   1   5  27   2   1   1   1 BWL   2  48   5 751   5   1
Pudel1   1   2   2   1   5  27   2   1   1   1 BWL   2  49   6 765   6   1
Pudel1   1   2   2   1   5  27   2   1   1   1 BWL   2  50   1 764   1   1
Pudel1   1   2   2   1   5  27   2   1   1   1 BWL   2  51   5 1011   5   1
Pudel1   1   2   2   1   5  27   2   1   1   1 BWL   2  52   6 878   6   1
Pudel1   1   2   2   1   5  27   2   1   1   1 BWL   2  53   1 806   1   1
Pudel1   1   2   2   1   5  27   2   1   1   1 BWL   2  54   5 867   5   1
Pudel1   1   2   2   1   5  27   2   1   1   1 BWL   2  55   4 778   4   1
Pudel1   1   2   2   1   5  27   2   1   1   1 BWL   2  56   6 808   6   1
Pudel1   1   2   2   1   5  27   2   1   1   1 BWL   2  57   2 821   2   1
Pudel1   1   2   2   1   5  27   2   1   1   1 BWL   2  58   5 767   5   1
Pudel1   1   2   2   1   5  27   2   1   1   1 BWL   2  59   4 792   4   1
Pudel1   1   2   2   1   5  27   2   1   1   1 BWL   2  60   2 792   2   1
Pudel1   1   2   2   1   5  27   2   1   1   1 BWL   2  61   5 766   5   1
Pudel1   1   2   2   1   5  27   2   1   1   1 BWL   2  62   3 863   3   1
Pudel1   1   2   2   1   5  27   2   1   1   1 BWL   2  63   2 808   2   1
Pudel1   1   2   2   1   5  27   2   1   1   1 BWL   2  64   5 795   5   1
Pudel1   1   2   2   1   5  27   2   1   1   1 BWL   2  65   1 792   1   1
Pudel1   1   2   2   1   5  27   2   1   1   1 BWL   2  66   4 809   4   1
Pudel1   1   2   2   1   5  27   2   1   1   1 BWL   2  67   5 708   5   1
Pudel1   1   2   2   1   5  27   2   1   1   1 BWL   2  68   6 721   6   1
Pudel1   1   2   2   1   5  27   2   1   1   1 BWL   2  69   1 777   1   1
Pudel1   1   2   2   1   5  27   2   1   1   1 BWL   2  70   2 780   2   1
Pudel1   1   2   2   1   5  27   2   1   1   1 BWL   2  71   4 938   4   1
Pudel1   1   2   2   1   5  27   2   1   1   1 BWL   2  72   5 694   5   1
Pudel1   1   2   2   1   5  27   2   1   1   1 BWL   2  73   2 921   2   1
Pudel1   1   2   2   1   5  27   2   1   1   1 BWL   2  74   4 824   4   1
Pudel1   1   2   2   1   5  27   2   1   1   1 BWL   2  75   3 951   3   1
Pudel1   1   2   2   1   5  27   2   1   1   1 BWL   2  76   5 793   5   1
Pudel1   1   2   2   1   5  27   2   1   1   1 BWL   2  77   1 763   1   1
Pudel1   1   2   2   1   5  27   2   1   1   1 BWL   2  78   4 824   4   1
Pudel1   1   2   2   1   5  27   2   1   1   1 BWL   2  79   5 737   5   1
Pudel1   1   2   2   1   5  27   2   1   1   1 BWL   2  80   2 906   2   1
Pudel1   1   2   2   1   5  27   2   1   1   1 BWL   2  81   4 780   4   1
Pudel1   1   2   2   1   5  27   2   1   1   1 BWL   2  82   1 894   1   1
Pudel1   1   2   2   1   5  27   2   1   1   1 BWL   2  83   2 793   2   1
Pudel1   1   2   2   1   5  27   2   1   1   1 BWL   2  84   4 851   4   1
Pudel1   1   2   2   1   5  27   2   1   1   1 BWL   2  85   6 779   6   1
Pudel1   1   2   2   1   5  27   2   1   1   1 BWL   2  86   2 834   2   1
Pudel1   1   2   2   1   5  27   2   1   1   1 BWL   2  87   3 824   3   1
Pudel1   1   2   2   1   5  27   2   1   1   1 BWL   2  88   1 850   1   1
Pudel1   1   2   2   1   5  27   2   1   1   1 BWL   2  89   5 752   5   1
Pudel1   1   2   2   1   5  27   2   1   1   1 BWL   2  90   6 749   6   1
Pudel1   1   2   2   1   5  27   2   1   1   1 BWL   2  91   1 820   1   1
Pudel1   1   2   2   1   5  27   2   1   1   1 BWL   2  92   4 925   4   1
Pudel1   1   2   2   1   5  27   2   1   1   1 BWL   2  93   5 751   5   1
Pudel1   1   2   2   1   5  27   2   1   1   1 BWL   2  94   2 892   2   1
Pudel1   1   2   2   1   5  27   2   1   1   1 BWL   2  95   4 752   4   1
Pudel1   1   2   2   1   5  27   2   1   1   1 BWL   2  96   1 806   1   1
Pudel1   1   2   2   1   5  27   2   1   1   1 BWL   2  97   2 750   2   1
Pudel1   1   2   2   1   5  27   2   1   1   1 BWL   2  98   5 810   5   1
Pudel1   1   2   2   1   5  27   2   1   1   1 BWL   2  99   3 1107   3   1
Pudel1   1   2   2   1   5  27   2   1   1   1 BWL   2 100   2 750   2   1
Pudel1   1   2   2   1   5  27   2   1   1   1 BWL   2 101   4 793   4   1
Pudel1   1   2   2   1   5  27   2   1   1   1 BWL   2 102   1 763   1   1
Pudel1   1   2   2   1   5  27   2   1   1   1 BWL   2 103   5 795   5   1
Pudel1   1   2   2   1   5  27   2   1   1   1 BWL   2 104   4 792   4   1
Pudel1   1   2   2   1   5  27   2   1   1   1 BWL   2 105   1 777   1   1
Pudel1   1   2   2   1   5  27   2   1   1   1 BWL   2 106   5 880   5   1
Pudel1   1   2   2   1   5  27   2   1   1   1 BWL   2 107   2 849   2   1
Pudel1   1   2   2   1   5  27   2   1   1   1 BWL   2 108   6 766   6   1
Pudel1   1   2   2   1   5  27   2   1   1   1 BWL   2 109   3 1167   3   1
Pudel1   1   2   2   1   5  27   2   1   1   1 BWL   2 110   5 794   5   1
Pudel1   1   2   2   1   5  27   2   1   1   1 BWL   2 111   6 778   6   1
Pudel1   1   2   2   1   5  27   2   1   1   1 BWL   2 112   4 821   4   1
Pudel1   1   2   2   1   5  27   2   1   1   1 BWL   2 113   1 749   1   1
Pudel1   1   2   2   1   5  27   2   1   1   1 BWL   2 114   3 821   3   1
Pudel1   1   2   2   1   5  27   2   1   1   1 BWL   2 115   5 854   5   1
Pudel1   1   2   2   1   5  27   2   1   1   1 BWL   2 116   2 921   2   1
Pudel1   1   2   2   1   5  27   2   1   1   1 BWL   2 117   4 765   4   1
Pudel1   1   2   2   1   5  27   2   1   1   1 BWL   2 118   3 937   3   1
Pudel1   1   2   2   1   5  27   2   1   1   1 BWL   2 119   1 761   1   1
Pudel1   1   2   2   1   5  27   2   1   1   1 BWL   2 120   2 723   2   1
Pudel1   1   2   2   1   5  27   2   1   1   1 BWL   2 121   3 779   3   1
Pudel1   1   2   2   1   5  27   2   1   1   1 BWL   2 122   6 722   6   1
Pudel1   1   2   2   1   5  27   2   1   1   1 BWL   2 123   4 749   4   1
Pudel1   1   2   2   1   5  27   2   1   1   1 BWL   2 124   1 747   1   1
Pudel1   1   2   2   1   5  27   2   1   1   1 BWL   2 125   5 781   5   1
Pudel1   1   2   2   1   5  27   2   1   1   1 BWL   2 126   4 762   4   1
Pudel1   1   2   2   1   5  27   2   1   1   1 BWL   2 127   1 779   1   1
Pudel1   1   2   2   1   5  27   2   1   1   1 BWL   2 128   5 1083   5   1
Pudel1   1   2   2   1   5  27   2   1   1   1 BWL   2 129   2 834   2   1
Pudel1   1   2   2   1   5  27   2   1   1   1 BWL   2 130   1 765   1   1
Pudel1   1   2   2   1   5  27   2   1   1   1 BWL   2 131   4 822   4   1
Pudel1   1   2   2   1   5  27   2   1   1   1 BWL   2 132   6 838   6   1
Pudel1   1   2   2   1   5  27   2   1   1   1 BWL   2 133   1 833   1   1
Pudel1   1   2   2   1   5  27   2   1   1   1 BWL   2 134   3 909   3   1
Pudel1   1   2   2   1   5  27   2   1   1   1 BWL   2 135   2 777   2   1
Pudel1   1   2   2   1   5  27   2   1   1   1 BWL   2 136   4 767   4   1
Pudel1   1   2   2   1   5  27   2   1   1   1 BWL   2 137   1 735   1   1
Pudel1   1   2   2   1   5  27   2   1   1   1 BWL   2 138   3 794   3   1
Pudel1   1   2   2   1   5  27   2   1   1   1 BWL   2 139   6 751   6   1
Pudel1   1   2   2   1   5  27   2   1   1   1 BWL   2 140   2 834   2   1
Pudel1   1   2   2   1   5  27   2   1   1   1 BWL   2 141   3 851   3   1
Pudel1   1   2   2   1   5  27   2   1   1   1 BWL   2 142   4 748   4   1
Pudel1   1   2   2   1   5  27   2   1   1   1 BWL   2 143   2 750   2   1
Pudel1   1   2   2   1   5  27   2   1   1   1 BWL   2 144   6 751   6   1
Pudel1   1   2   2   1   5  27   2   1   1   1 BWL   3   1   2 717   2   1
Pudel1   1   2   2   1   5  27   2   1   1   1 BWL   3   2   1 707   1   1
Pudel1   1   2   2   1   5  27   2   1   1   1 BWL   3   3   4 794   4   1
Pudel1   1   2   2   1   5  27   2   1   1   1 BWL   3   4   5 721   5   1
Pudel1   1   2   2   1   5  27   2   1   1   1 BWL   3   5   3 922   3   1
Pudel1   1   2   2   1   5  27   2   1   1   1 BWL   3   6   4 894   4   1
Pudel1   1   2   2   1   5  27   2   1   1   1 BWL   3   7   5 737   5   1
Pudel1   1   2   2   1   5  27   2   1   1   1 BWL   3   8   6 693   6   1
Pudel1   1   2   2   1   5  27   2   1   1   1 BWL   3   9   2 863   2   1
Pudel1   1   2   2   1   5  27   2   1   1   1 BWL   3  10   3 749   3   1
Pudel1   1   2   2   1   5  27   2   1   1   1 BWL   3  11   4 823   4   1
Pudel1   1   2   2   1   5  27   2   1   1   1 BWL   3  12   5 691   5   1
Pudel1   1   2   2   1   5  27   2   1   1   1 BWL   3  13   6 679   6   1
Pudel1   1   2   2   1   5  27   2   1   1   1 BWL   3  14   1 749   1   1
Pudel1   1   2   2   1   5  27   2   1   1   1 BWL   3  15   3 821   3   1
Pudel1   1   2   2   1   5  27   2   1   1   1 BWL   3  16   2 836   2   1
Pudel1   1   2   2   1   5  27   2   1   1   1 BWL   3  17   1 792   1   1
Pudel1   1   2   2   1   5  27   2   1   1   1 BWL   3  18   4 881   4   1
Pudel1   1   2   2   1   5  27   2   1   1   1 BWL   3  19   2 821   2   1
Pudel1   1   2   2   1   5  27   2   1   1   1 BWL   3  20   6 722   6   1
Pudel1   1   2   2   1   5  27   2   1   1   1 BWL   3  21   4 893   4   1
Pudel1   1   2   2   1   5  27   2   1   1   1 BWL   3  22   5 709   5   1
Pudel1   1   2   2   1   5  27   2   1   1   1 BWL   3  23   6 677   6   1
Pudel1   1   2   2   1   5  27   2   1   1   1 BWL   3  24   4 734   4   1
Pudel1   1   2   2   1   5  27   2   1   1   1 BWL   3  25   2 907   2   1
Pudel1   1   2   2   1   5  27   2   1   1   1 BWL   3  26   5 810   5   1
Pudel1   1   2   2   1   5  27   2   1   1   1 BWL   3  27   1 848   1   1
Pudel1   1   2   2   1   5  27   2   1   1   1 BWL   3  28   2 851   2   1
Pudel1   1   2   2   1   5  27   2   1   1   1 BWL   3  29   3 780   3   1
Pudel1   1   2   2   1   5  27   2   1   1   1 BWL   3  30   5 794   5   1
Pudel1   1   2   2   1   5  27   2   1   1   1 BWL   3  31   2 907   2   1
Pudel1   1   2   2   1   5  27   2   1   1   1 BWL   3  32   4 794   4   1
Pudel1   1   2   2   1   5  27   2   1   1   1 BWL   3  33   1 807   1   1
Pudel1   1   2   2   1   5  27   2   1   1   1 BWL   3  34   2 793   2   1
Pudel1   1   2   2   1   5  27   2   1   1   1 BWL   3  35   5 780   5   1
Pudel1   1   2   2   1   5  27   2   1   1   1 BWL   3  36   6 765   6   1
Pudel1   1   2   2   1   5  27   2   1   1   1 BWL   3  37   4 733   4   1
Pudel1   1   2   2   1   5  27   2   1   1   1 BWL   3  38   2 777   2   1
Pudel1   1   2   2   1   5  27   2   1   1   1 BWL   3  39   6 766   6   1
Pudel1   1   2   2   1   5  27   2   1   1   1 BWL   3  40   5 764   5   1
Pudel1   1   2   2   1   5  27   2   1   1   1 BWL   3  41   4 693   4   1
Pudel1   1   2   2   1   5  27   2   1   1   1 BWL   3  42   2 764   2   1
Pudel1   1   2   2   1   5  27   2   1   1   1 BWL   3  43   3 808   3   1
Pudel1   1   2   2   1   5  27   2   1   1   1 BWL   3  44   6 823   6   1
Pudel1   1   2   2   1   5  27   2   1   1   1 BWL   3  45   2 848   2   1
Pudel1   1   2   2   1   5  27   2   1   1   1 BWL   3  46   5 793   5   1
Pudel1   1   2   2   1   5  27   2   1   1   1 BWL   3  47   1 835   1   1
Pudel1   1   2   2   1   5  27   2   1   1   1 BWL   3  48   2 749   2   1
Pudel1   1   2   2   1   5  27   2   1   1   1 BWL   3  49   4 924   4   1
Pudel1   1   2   2   1   5  27   2   1   1   1 BWL   3  50   1 792   1   1
Pudel1   1   2   2   1   5  27   2   1   1   1 BWL   3  51   6 867   6   1
Pudel1   1   2   2   1   5  27   2   1   1   1 BWL   3  52   2 921   2   1
Pudel1   1   2   2   1   5  27   2   1   1   1 BWL   3  53   4 750   4   1
Pudel1   1   2   2   1   5  27   2   1   1   1 BWL   3  54   1 736   1   1
Pudel1   1   2   2   1   5  27   2   1   1   1 BWL   3  55   5 836   5   1
Pudel1   1   2   2   1   5  27   2   1   1   1 BWL   3  56   2 763   2   1
Pudel1   1   2   2   1   5  27   2   1   1   1 BWL   3  57   6 737   6   1
Pudel1   1   2   2   1   5  27   2   1   1   1 BWL   3  58   5 708   5   1
Pudel1   1   2   2   1   5  27   2   1   1   1 BWL   3  59   2 777   2   1
Pudel1   1   2   2   1   5  27   2   1   1   1 BWL   3  60   4 764   4   1
Pudel1   1   2   2   1   5  27   2   1   1   1 BWL   3  61   6 708   6   1
Pudel1   1   2   2   1   5  27   2   1   1   1 BWL   3  62   1 792   1   1
Pudel1   1   2   2   1   5  27   2   1   1   1 BWL   3  63   5 781   5   1
Pudel1   1   2   2   1   5  27   2   1   1   1 BWL   3  64   4 851   4   1
Pudel1   1   2   2   1   5  27   2   1   1   1 BWL   3  65   6 721   6   1
Pudel1   1   2   2   1   5  27   2   1   1   1 BWL   3  66   5 721   5   1
Pudel1   1   2   2   1   5  27   2   1   1   1 BWL   3  67   4 692   4   1
Pudel1   1   2   2   1   5  27   2   1   1   1 BWL   3  68   3 835   3   1
Pudel1   1   2   2   1   5  27   2   1   1   1 BWL   3  69   5 824   5   1
Pudel1   1   2   2   1   5  27   2   1   1   1 BWL   3  70   6 750   6   1
Pudel1   1   2   2   1   5  27   2   1   1   1 BWL   3  71   2 807   2   1
Pudel1   1   2   2   1   5  27   2   1   1   1 BWL   3  72   3 765   3   1
Pudel1   1   2   2   1   5  27   2   1   1   1 BWL   3  73   5 735   5   1
Pudel1   1   2   2   1   5  27   2   1   1   1 BWL   3  74   6 665   6   1
Pudel1   1   2   2   1   5  27   2   1   1   1 BWL   3  75   1 734   1   1
Pudel1   1   2   2   1   5  27   2   1   1   1 BWL   3  76   3 722   3   1
Pudel1   1   2   2   1   5  27   2   1   1   1 BWL   3  77   2 751   2   1
Pudel1   1   2   2   1   5  27   2   1   1   1 BWL   3  78   4 751   4   1
Pudel1   1   2   2   1   5  27   2   1   1   1 BWL   3  79   5 678   5   1
Pudel1   1   2   2   1   5  27   2   1   1   1 BWL   3  80   1 790   1   1
Pudel1   1   2   2   1   5  27   2   1   1   1 BWL   3  81   2 664   2   1
Pudel1   1   2   2   1   5  27   2   1   1   1 BWL   3  82   6 736   6   1
Pudel1   1   2   2   1   5  27   2   1   1   1 BWL   3  83   3 836   3   1
Pudel1   1   2   2   1   5  27   2   1   1   1 BWL   3  84   4 765   4   1
Pudel1   1   2   2   1   5  27   2   1   1   1 BWL   3  85   1 806   1   1
Pudel1   1   2   2   1   5  27   2   1   1   1 BWL   3  86   2 694   2   1
Pudel1   1   2   2   1   5  27   2   1   1   1 BWL   3  87   3 750   3   1
Pudel1   1   2   2   1   5  27   2   1   1   1 BWL   3  88   5 752   5   1
Pudel1   1   2   2   1   5  27   2   1   1   1 BWL   3  89   1 706   1   1
Pudel1   1   2   2   1   5  27   2   1   1   1 BWL   3  90   3 735   3   1
Pudel1   1   2   2   1   5  27   2   1   1   1 BWL   3  91   2 677   2   1
Pudel1   1   2   2   1   5  27   2   1   1   1 BWL   3  92   1 707   1   1
Pudel1   1   2   2   1   5  27   2   1   1   1 BWL   3  93   4 766   4   1
Pudel1   1   2   2   1   5  27   2   1   1   1 BWL   3  94   6 722   6   1
Pudel1   1   2   2   1   5  27   2   1   1   1 BWL   3  95   2 806   2   1
Pudel1   1   2   2   1   5  27   2   1   1   1 BWL   3  96   1 764   1   1
Pudel1   1   2   2   1   5  27   2   1   1   1 BWL   3  97   5 767   5   1
Pudel1   1   2   2   1   5  27   2   1   1   1 BWL   3  98   6 679   6   1
Pudel1   1   2   2   1   5  27   2   1   1   1 BWL   3  99   3 862   3   1
Pudel1   1   2   2   1   5  27   2   1   1   1 BWL   3 100   4 851   4   1
Pudel1   1   2   2   1   5  27   2   1   1   1 BWL   3 101   6 724   6   1
Pudel1   1   2   2   1   5  27   2   1   1   1 BWL   3 102   1 719   1   1
Pudel1   1   2   2   1   5  27   2   1   1   1 BWL   3 103   3 721   3   1
Pudel1   1   2   2   1   5  27   2   1   1   1 BWL   3 104   5 751   5   1
Pudel1   1   2   2   1   5  27   2   1   1   1 BWL   3 105   1 762   1   1
Pudel1   1   2   2   1   5  27   2   1   1   1 BWL   3 106   6 738   6   1
Pudel1   1   2   2   1   5  27   2   1   1   1 BWL   3 107   2 965   2   1
Pudel1   1   2   2   1   5  27   2   1   1   1 BWL   3 108   1 806   1   1
Pudel1   1   2   2   1   5  27   2   1   1   1 BWL   3 109   4 766   4   1
Pudel1   1   2   2   1   5  27   2   1   1   1 BWL   3 110   2 750   2   1
Pudel1   1   2   2   1   5  27   2   1   1   1 BWL   3 111   3 779   3   1
Pudel1   1   2   2   1   5  27   2   1   1   1 BWL   3 112   1 735   1   1
Pudel1   1   2   2   1   5  27   2   1   1   1 BWL   3 113   2 707   2   1
Pudel1   1   2   2   1   5  27   2   1   1   1 BWL   3 114   5 810   5   1
Pudel1   1   2   2   1   5  27   2   1   1   1 BWL   3 115   3 820   3   1
Pudel1   1   2   2   1   5  27   2   1   1   1 BWL   3 116   2 751   2   1
Pudel1   1   2   2   1   5  27   2   1   1   1 BWL   3 117   5 708   5   1
Pudel1   1   2   2   1   5  27   2   1   1   1 BWL   3 118   4 706   4   1
Pudel1   1   2   2   1   5  27   2   1   1   1 BWL   3 119   2 693   2   1
Pudel1   1   2   2   1   5  27   2   1   1   1 BWL   3 120   6 694   6   1
Pudel1   1   2   2   1   5  27   2   1   1   1 BWL   3 121   3 878   3   1
Pudel1   1   2   2   1   5  27   2   1   1   1 BWL   3 122   4 837   4   1
Pudel1   1   2   2   1   5  27   2   1   1   1 BWL   3 123   5 621   5   1
Pudel1   1   2   2   1   5  27   2   1   1   1 BWL   3 124   6 635   6   1
Pudel1   1   2   2   1   5  27   2   1   1   1 BWL   3 125   4 950   4   1
Pudel1   1   2   2   1   5  27   2   1   1   1 BWL   3 126   2 706   2   1
Pudel1   1   2   2   1   5  27   2   1   1   1 BWL   3 127   1 764   1   1
Pudel1   1   2   2   1   5  27   2   1   1   1 BWL   3 128   6 1286   6   1
Pudel1   1   2   2   1   5  27   2   1   1   1 BWL   3 129   4 692   4   1
Pudel1   1   2   2   1   5  27   2   1   1   1 BWL   3 130   2 708   2   1
Pudel1   1   2   2   1   5  27   2   1   1   1 BWL   3 131   6 708   6   1
Pudel1   1   2   2   1   5  27   2   1   1   1 BWL   3 132   3 835   3   1
Pudel1   1   2   2   1   5  27   2   1   1   1 BWL   3 133   4 721   4   1
Pudel1   1   2   2   1   5  27   2   1   1   1 BWL   3 134   5 665   5   1
Pudel1   1   2   2   1   5  27   2   1   1   1 BWL   3 135   6 634   6   1
Pudel1   1   2   2   1   5  27   2   1   1   1 BWL   3 136   2 791   2   1
Pudel1   1   2   2   1   5  27   2   1   1   1 BWL   3 137   4 823   4   1
Pudel1   1   2   2   1   5  27   2   1   1   1 BWL   3 138   3 750   3   1
Pudel1   1   2   2   1   5  27   2   1   1   1 BWL   3 139   6 693   6   1
Pudel1   1   2   2   1   5  27   2   1   1   1 BWL   3 140   4 867   4   1
Pudel1   1   2   2   1   5  27   2   1   1   1 BWL   3 141   3 719   3   1
Pudel1   1   2   2   1   5  27   2   1   1   1 BWL   3 142   6 693   6   1
Pudel1   1   2   2   1   5  27   2   1   1   1 BWL   3 143   2 793   2   1
Pudel1   1   2   2   1   5  27   2   1   1   1 BWL   3 144   5 707   5   1
Pudel1   1   2   2   1   5  27   2   1   1   1 BWL   4   1   5 763   5   1
Pudel1   1   2   2   1   5  27   2   1   1   1 BWL   4   2   3 806   3   1
Pudel1   1   2   2   1   5  27   2   1   1   1 BWL   4   3   2 692   2   1
Pudel1   1   2   2   1   5  27   2   1   1   1 BWL   4   4   6 695   6   1
Pudel1   1   2   2   1   5  27   2   1   1   1 BWL   4   5   4 663   4   1
Pudel1   1   2   2   1   5  27   2   1   1   1 BWL   4   6   2 691   2   1
Pudel1   1   2   2   1   5  27   2   1   1   1 BWL   4   7   5 767   5   1
Pudel1   1   2   2   1   5  27   2   1   1   1 BWL   4   8   6 679   6   1
Pudel1   1   2   2   1   5  27   2   1   1   1 BWL   4   9   4 676   4   1
Pudel1   1   2   2   1   5  27   2   1   1   1 BWL   4  10   3 749   3   1
Pudel1   1   2   2   1   5  27   2   1   1   1 BWL   4  11   5 737   5   1
Pudel1   1   2   2   1   5  27   2   1   1   1 BWL   4  12   4 777   4   1
Pudel1   1   2   2   1   5  27   2   1   1   1 BWL   4  13   1 749   1   1
Pudel1   1   2   2   1   5  27   2   1   1   1 BWL   4  14   2 680   2   1
Pudel1   1   2   2   1   5  27   2   1   1   1 BWL   4  15   6 708   6   1
Pudel1   1   2   2   1   5  27   2   1   1   1 BWL   4  16   1 734   1   1
Pudel1   1   2   2   1   5  27   2   1   1   1 BWL   4  17   3 738   3   1
Pudel1   1   2   2   1   5  27   2   1   1   1 BWL   4  18   5 721   5   1
Pudel1   1   2   2   1   5  27   2   1   1   1 BWL   4  19   2 806   2   1
Pudel1   1   2   2   1   5  27   2   1   1   1 BWL   4  20   6 681   6   1
Pudel1   1   2   2   1   5  27   2   1   1   1 BWL   4  21   5 677   5   1
Pudel1   1   2   2   1   5  27   2   1   1   1 BWL   4  22   1 718   1   1
Pudel1   1   2   2   1   5  27   2   1   1   1 BWL   4  23   4 751   4   1
Pudel1   1   2   2   1   5  27   2   1   1   1 BWL   4  24   2 692   2   1
Pudel1   1   2   2   1   5  27   2   1   1   1 BWL   4  25   6 693   6   1
Pudel1   1   2   2   1   5  27   2   1   1   1 BWL   4  26   3 778   3   1
Pudel1   1   2   2   1   5  27   2   1   1   1 BWL   4  27   5 679   5   1
Pudel1   1   2   2   1   5  27   2   1   1   1 BWL   4  28   4 808   4   1
Pudel1   1   2   2   1   5  27   2   1   1   1 BWL   4  29   6 735   6   1
Pudel1   1   2   2   1   5  27   2   1   1   1 BWL   4  30   5 692   5   1
Pudel1   1   2   2   1   5  27   2   1   1   1 BWL   4  31   1 707   1   1
Pudel1   1   2   2   1   5  27   2   1   1   1 BWL   4  32   4 763   4   1
Pudel1   1   2   2   1   5  27   2   1   1   1 BWL   4  33   3 779   3   1
Pudel1   1   2   2   1   5  27   2   1   1   1 BWL   4  34   6 677   6   1
Pudel1   1   2   2   1   5  27   2   1   1   1 BWL   4  35   4 721   4   1
Pudel1   1   2   2   1   5  27   2   1   1   1 BWL   4  36   3 951   3   1
Pudel1   1   2   2   1   5  27   2   1   1   1 BWL   4  37   6 665   6   1
Pudel1   1   2   2   1   5  27   2   1   1   1 BWL   4  38   4 780   4   1
Pudel1   1   2   2   1   5  27   2   1   1   1 BWL   4  39   3 749   3   1
Pudel1   1   2   2   1   5  27   2   1   1   1 BWL   4  40   5 693   5   1
Pudel1   1   2   2   1   5  27   2   1   1   1 BWL   4  41   6 678   6   1
Pudel1   1   2   2   1   5  27   2   1   1   1 BWL   4  42   1 734   1   1
Pudel1   1   2   2   1   5  27   2   1   1   1 BWL   4  43   4 708   4   1
Pudel1   1   2   2   1   5  27   2   1   1   1 BWL   4  44   2 735   2   1
Pudel1   1   2   2   1   5  27   2   1   1   1 BWL   4  45   3 766   3   1
Pudel1   1   2   2   1   5  27   2   1   1   1 BWL   4  46   1 705   1   1
Pudel1   1   2   2   1   5  27   2   1   1   1 BWL   4  47   2 694   2   1
Pudel1   1   2   2   1   5  27   2   1   1   1 BWL   4  48   3 707   3   1
Pudel1   1   2   2   1   5  27   2   1   1   1 BWL   4  49   1 649   1   1
Pudel1   1   2   2   1   5  27   2   1   1   1 BWL   4  50   2 721   2   1
Pudel1   1   2   2   1   5  27   2   1   1   1 BWL   4  51   3 707   3   1
Pudel1   1   2   2   1   5  27   2   1   1   1 BWL   4  52   1 664   1   1
Pudel1   1   2   2   1   5  27   2   1   1   1 BWL   4  53   5 795   5   1
Pudel1   1   2   2   1   5  27   2   1   1   1 BWL   4  54   4 650   4   1
Pudel1   1   2   2   1   5  27   2   1   1   1 BWL   4  55   2 721   2   1
Pudel1   1   2   2   1   5  27   2   1   1   1 BWL   4  56   3 764   3   1
Pudel1   1   2   2   1   5  27   2   1   1   1 BWL   4  57   1 678   1   1
Pudel1   1   2   2   1   5  27   2   1   1   1 BWL   4  58   4 795   4   1
Pudel1   1   2   2   1   5  27   2   1   1   1 BWL   4  59   6 678   6   1
Pudel1   1   2   2   1   5  27   2   1   1   1 BWL   4  60   5 679   5   1
Pudel1   1   2   2   1   5  27   2   1   1   1 BWL   4  61   1 718   1   1
Pudel1   1   2   2   1   5  27   2   1   1   1 BWL   4  62   6 797   6   1
Pudel1   1   2   2   1   5  27   2   1   1   1 BWL   4  63   2 850   2   1
Pudel1   1   2   2   1   5  27   2   1   1   1 BWL   4  64   3 909   3   1
Pudel1   1   2   2   1   5  27   2   1   1   1 BWL   4  65   5 692   5   1
Pudel1   1   2   2   1   5  27   2   1   1   1 BWL   4  66   6 650   6   1
Pudel1   1   2   2   1   5  27   2   1   1   1 BWL   4  67   2 763   2   1
Pudel1   1   2   2   1   5  27   2   1   1   1 BWL   4  68   1 806   1   1
Pudel1   1   2   2   1   5  27   2   1   1   1 BWL   4  69   3 693   3   1
Pudel1   1   2   2   1   5  27   2   1   1   1 BWL   4  70   4 708   4   1
Pudel1   1   2   2   1   5  27   2   1   1   1 BWL   4  71   5 678   5   1
Pudel1   1   2   2   1   5  27   2   1   1   1 BWL   4  72   6 635   6   1
Pudel1   1   2   2   1   5  27   2   1   1   1 BWL   4  73   2 705   2   1
Pudel1   1   2   2   1   5  27   2   1   1   1 BWL   4  74   3 707   3   1
Pudel1   1   2   2   1   5  27   2   1   1   1 BWL   4  75   6 650   6   1
Pudel1   1   2   2   1   5  27   2   1   1   1 BWL   4  76   4 693   4   1
Pudel1   1   2   2   1   5  27   2   1   1   1 BWL   4  77   2 705   2   1
Pudel1   1   2   2   1   5  27   2   1   1   1 BWL   4  78   5 738   5   1
Pudel1   1   2   2   1   5  27   2   1   1   1 BWL   4  79   4 762   4   1
Pudel1   1   2   2   1   5  27   2   1   1   1 BWL   4  80   3 851   3   1
Pudel1   1   2   2   1   5  27   2   1   1   1 BWL   4  81   2 750   2   1
Pudel1   1   2   2   1   5  27   2   1   1   1 BWL   4  82   5 809   5   1
Pudel1   1   2   2   1   5  27   2   1   1   1 BWL   4  83   6 677   6   1
Pudel1   1   2   2   1   5  27   2   1   1   1 BWL   4  84   2 749   2   1
Pudel1   1   2   2   1   5  27   2   1   1   1 BWL   4  85   3 765   3   1
Pudel1   1   2   2   1   5  27   2   1   1   1 BWL   4  86   1 736   1   1
Pudel1   1   2   2   1   5  27   2   1   1   1 BWL   4  87   2 679   2   1
Pudel1   1   2   2   1   5  27   2   1   1   1 BWL   4  88   6 751   6   1
Pudel1   1   2   2   1   5  27   2   1   1   1 BWL   4  89   3 821   3   1
Pudel1   1   2   2   1   5  27   2   1   1   1 BWL   4  90   2 692   2   1
Pudel1   1   2   2   1   5  27   2   1   1   1 BWL   4  91   4 866   4   1
Pudel1   1   2   2   1   5  27   2   1   1   1 BWL   4  92   1 678   1   1
Pudel1   1   2   2   1   5  27   2   1   1   1 BWL   4  93   5 751   5   1
Pudel1   1   2   2   1   5  27   2   1   1   1 BWL   4  94   4 691   4   1
Pudel1   1   2   2   1   5  27   2   1   1   1 BWL   4  95   3 751   3   1
Pudel1   1   2   2   1   5  27   2   1   1   1 BWL   4  96   2 691   2   1
Pudel1   1   2   2   1   5  27   2   1   1   1 BWL   4  97   6 695   6   1
Pudel1   1   2   2   1   5  27   2   1   1   1 BWL   4  98   1 777   1   1
Pudel1   1   2   2   1   5  27   2   1   1   1 BWL   4  99   5 767   5   1
Pudel1   1   2   2   1   5  27   2   1   1   1 BWL   4 100   6 938   6   1
Pudel1   1   2   2   1   5  27   2   1   1   1 BWL   4 101   3 906   3   1
Pudel1   1   2   2   1   5  27   2   1   1   1 BWL   4 102   2 707   2   1
Pudel1   1   2   2   1   5  27   2   1   1   1 BWL   4 103   6 781   6   1
Pudel1   1   2   2   1   5  27   2   1   1   1 BWL   4 104   5 721   5   1
Pudel1   1   2   2   1   5  27   2   1   1   1 BWL   4 105   4 736   4   1
Pudel1   1   2   2   1   5  27   2   1   1   1 BWL   4 106   3 720   3   1
Pudel1   1   2   2   1   5  27   2   1   1   1 BWL   4 107   2 751   2   1
Pudel1   1   2   2   1   5  27   2   1   1   1 BWL   4 108   5 737   5   1
Pudel1   1   2   2   1   5  27   2   1   1   1 BWL   4 109   1 736   1   1
Pudel1   1   2   2   1   5  27   2   1   1   1 BWL   4 110   4 779   4   1
Pudel1   1   2   2   1   5  27   2   1   1   1 BWL   4 111   3 823   3   1
Pudel1   1   2   2   1   5  27   2   1   1   1 BWL   4 112   1 734   1   1
Pudel1   1   2   2   1   5  27   2   1   1   1 BWL   4 113   6 752   6   1
Pudel1   1   2   2   1   5  27   2   1   1   1 BWL   4 114   5 693   5   1
Pudel1   1   2   2   1   5  27   2   1   1   1 BWL   4 115   1 748   1   1
Pudel1   1   2   2   1   5  27   2   1   1   1 BWL   4 116   2 736   2   1
Pudel1   1   2   2   1   5  27   2   1   1   1 BWL   4 117   3 721   3   1
Pudel1   1   2   2   1   5  27   2   1   1   1 BWL   4 118   1 678   1   1
Pudel1   1   2   2   1   5  27   2   1   1   1 BWL   4 119   4 709   4   1
Pudel1   1   2   2   1   5  27   2   1   1   1 BWL   4 120   5 622   5   1
Pudel1   1   2   2   1   5  27   2   1   1   1 BWL   4 121   3 748   3   1
Pudel1   1   2   2   1   5  27   2   1   1   1 BWL   4 122   2 678   2   1
Pudel1   1   2   2   1   5  27   2   1   1   1 BWL   4 123   4 780   4   1
Pudel1   1   2   2   1   5  27   2   1   1   1 BWL   4 124   3 794   3   1
Pudel1   1   2   2   1   5  27   2   1   1   1 BWL   4 125   1 677   1   1
Pudel1   1   2   2   1   5  27   2   1   1   1 BWL   4 126   2 737   2   1
Pudel1   1   2   2   1   5  27   2   1   1   1 BWL   4 127   4 836   4   1
Pudel1   1   2   2   1   5  27   2   1   1   1 BWL   4 128   6 694   6   1
Pudel1   1   2   2   1   5  27   2   1   1   1 BWL   4 129   1 692   1   1
Pudel1   1   2   2   1   5  27   2   1   1   1 BWL   4 130   2 693   2   1
Pudel1   1   2   2   1   5  27   2   1   1   1 BWL   4 131   5 736   5   1
Pudel1   1   2   2   1   5  27   2   1   1   1 BWL   4 132   3 748   3   1
Pudel1   1   2   2   1   5  27   2   1   1   1 BWL   4 133   1 679   1   1
Pudel1   1   2   2   1   5  27   2   1   1   1 BWL   4 134   4 737   4   1
Pudel1   1   2   2   1   5  27   2   1   1   1 BWL   4 135   2 691   2   1
Pudel1   1   2   2   1   5  27   2   1   1   1 BWL   4 136   3 880   3   1
Pudel1   1   2   2   1   5  27   2   1   1   1 BWL   4 137   5 723   5   1
Pudel1   1   2   2   1   5  27   2   1   1   1 BWL   4 138   2 863   2   1
Pudel1   1   2   2   1   5  27   2   1   1   1 BWL   4 139   6 723   6   1
Pudel1   1   2   2   1   5  27   2   1   1   1 BWL   4 140   4 692   4   1
Pudel1   1   2   2   1   5  27   2   1   1   1 BWL   4 141   1 734   1   1
Pudel1   1   2   2   1   5  27   2   1   1   1 BWL   4 142   6 738   6   1
Pudel1   1   2   2   1   5  27   2   1   1   1 BWL   4 143   2 849   2   1
Pudel1   1   2   2   1   5  27   2   1   1   1 BWL   4 144   3 737   3   1
Pudel1   1   2   2   1   5  27   2   1   1   1 BWL   5   1   6 663   6   1
Pudel1   1   2   2   1   5  27   2   1   1   1 BWL   5   2   4 633   4   1
Pudel1   1   2   2   1   5  27   2   1   1   1 BWL   5   3   1 706   1   1
Pudel1   1   2   2   1   5  27   2   1   1   1 BWL   5   4   6 796   6   1
Pudel1   1   2   2   1   5  27   2   1   1   1 BWL   5   5   3 906   3   1
Pudel1   1   2   2   1   5  27   2   1   1   1 BWL   5   6   4 779   4   1
Pudel1   1   2   2   1   5  27   2   1   1   1 BWL   5   7   6 709   6   1
Pudel1   1   2   2   1   5  27   2   1   1   1 BWL   5   8   2 791   2   1
Pudel1   1   2   2   1   5  27   2   1   1   1 BWL   5   9   1 720   1   1
Pudel1   1   2   2   1   5  27   2   1   1   1 BWL   5  10   6 752   6   1
Pudel1   1   2   2   1   5  27   2   1   1   1 BWL   5  11   5 707   5   1
Pudel1   1   2   2   1   5  27   2   1   1   1 BWL   5  12   2 706   2   1
Pudel1   1   2   2   1   5  27   2   1   1   1 BWL   5  13   1 692   1   1
Pudel1   1   2   2   1   5  27   2   1   1   1 BWL   5  14   3 751   3   1
Pudel1   1   2   2   1   5  27   2   1   1   1 BWL   5  15   6 650   6   1
Pudel1   1   2   2   1   5  27   2   1   1   1 BWL   5  16   1 750   1   1
Pudel1   1   2   2   1   5  27   2   1   1   1 BWL   5  17   5 794   5   1
Pudel1   1   2   2   1   5  27   2   1   1   1 BWL   5  18   2 707   2   1
Pudel1   1   2   2   1   5  27   2   1   1   1 BWL   5  19   4 649   4   1
Pudel1   1   2   2   1   5  27   2   1   1   1 BWL   5  20   3 794   3   1
Pudel1   1   2   2   1   5  27   2   1   1   1 BWL   5  21   2 648   2   1
Pudel1   1   2   2   1   5  27   2   1   1   1 BWL   5  22   6 651   6   1
Pudel1   1   2   2   1   5  27   2   1   1   1 BWL   5  23   3 792   3   1
Pudel1   1   2   2   1   5  27   2   1   1   1 BWL   5  24   1 706   1   1
Pudel1   1   2   2   1   5  27   2   1   1   1 BWL   5  25   2 693   2   1
Pudel1   1   2   2   1   5  27   2   1   1   1 BWL   5  26   5 810   5   1
Pudel1   1   2   2   1   5  27   2   1   1   1 BWL   5  27   4 693   4   1
Pudel1   1   2   2   1   5  27   2   1   1   1 BWL   5  28   3 763   3   1
Pudel1   1   2   2   1   5  27   2   1   1   1 BWL   5  29   1 691   1   1
Pudel1   1   2   2   1   5  27   2   1   1   1 BWL   5  30   6 682   6   1
Pudel1   1   2   2   1   5  27   2   1   1   1 BWL   5  31   4 732   4   1
Pudel1   1   2   2   1   5  27   2   1   1   1 BWL   5  32   5 738   5   1
Pudel1   1   2   2   1   5  27   2   1   1   1 BWL   5  33   6 634   6   1
Pudel1   1   2   2   1   5  27   2   1   1   1 BWL   5  34   4 693   4   1
Pudel1   1   2   2   1   5  27   2   1   1   1 BWL   5  35   1 648   1   1
Pudel1   1   2   2   1   5  27   2   1   1   1 BWL   5  36   6 693   6   1
Pudel1   1   2   2   1   5  27   2   1   1   1 BWL   5  37   3 820   2   0
Pudel1   1   2   2   1   5  27   2   1   1   1 BWL   5  38   5 911   5   1
Pudel1   1   2   2   1   5  27   2   1   1   1 BWL   5  39   1 748   1   1
Pudel1   1   2   2   1   5  27   2   1   1   1 BWL   5  40   4 796   4   1
Pudel1   1   2   2   1   5  27   2   1   1   1 BWL   5  41   2 749   2   1
Pudel1   1   2   2   1   5  27   2   1   1   1 BWL   5  42   1 706   1   1
Pudel1   1   2   2   1   5  27   2   1   1   1 BWL   5  43   3 895   3   1
Pudel1   1   2   2   1   5  27   2   1   1   1 BWL   5  44   2 707   2   1
Pudel1   1   2   2   1   5  27   2   1   1   1 BWL   5  45   4 721   4   1
Pudel1   1   2   2   1   5  27   2   1   1   1 BWL   5  46   5 693   5   1
Pudel1   1   2   2   1   5  27   2   1   1   1 BWL   5  47   1 691   1   1
Pudel1   1   2   2   1   5  27   2   1   1   1 BWL   5  48   4 910   4   1
Pudel1   1   2   2   1   5  27   2   1   1   1 BWL   5  49   5 750   5   1
Pudel1   1   2   2   1   5  27   2   1   1   1 BWL   5  50   2 734   2   1
Pudel1   1   2   2   1   5  27   2   1   1   1 BWL   5  51   6 693   6   1
Pudel1   1   2   2   1   5  27   2   1   1   1 BWL   5  52   4 722   4   1
Pudel1   1   2   2   1   5  27   2   1   1   1 BWL   5  53   2 721   2   1
Pudel1   1   2   2   1   5  27   2   1   1   1 BWL   5  54   3 764   3   1
Pudel1   1   2   2   1   5  27   2   1   1   1 BWL   5  55   4 694   4   1
Pudel1   1   2   2   1   5  27   2   1   1   1 BWL   5  56   1 676   1   1
Pudel1   1   2   2   1   5  27   2   1   1   1 BWL   5  57   6 694   6   1
Pudel1   1   2   2   1   5  27   2   1   1   1 BWL   5  58   2 792   2   1
Pudel1   1   2   2   1   5  27   2   1   1   1 BWL   5  59   5 722   5   1
Pudel1   1   2   2   1   5  27   2   1   1   1 BWL   5  60   4 735   4   1
Pudel1   1   2   2   1   5  27   2   1   1   1 BWL   5  61   6 695   6   1
Pudel1   1   2   2   1   5  27   2   1   1   1 BWL   5  62   2 891   2   1
Pudel1   1   2   2   1   5  27   2   1   1   1 BWL   5  63   3 724   3   1
Pudel1   1   2   2   1   5  27   2   1   1   1 BWL   5  64   5 893   5   1
Pudel1   1   2   2   1   5  27   2   1   1   1 BWL   5  65   4 822   4   1
Pudel1   1   2   2   1   5  27   2   1   1   1 BWL   5  66   2 706   2   1
Pudel1   1   2   2   1   5  27   2   1   1   1 BWL   5  67   5 809   5   1
Pudel1   1   2   2   1   5  27   2   1   1   1 BWL   5  68   4 720   4   1
Pudel1   1   2   2   1   5  27   2   1   1   1 BWL   5  69   2 735   2   1
Pudel1   1   2   2   1   5  27   2   1   1   1 BWL   5  70   5 810   5   1
Pudel1   1   2   2   1   5  27   2   1   1   1 BWL   5  71   4 748   4   1
Pudel1   1   2   2   1   5  27   2   1   1   1 BWL   5  72   1 735   1   1
Pudel1   1   2   2   1   5  27   2   1   1   1 BWL   5  73   6 738   6   1
Pudel1   1   2   2   1   5  27   2   1   1   1 BWL   5  74   2 806   2   1
Pudel1   1   2   2   1   5  27   2   1   1   1 BWL   5  75   5 693   5   1
Pudel1   1   2   2   1   5  27   2   1   1   1 BWL   5  76   1 734   1   1
Pudel1   1   2   2   1   5  27   2   1   1   1 BWL   5  77   2 808   2   1
Pudel1   1   2   2   1   5  27   2   1   1   1 BWL   5  78   5 710   5   1
Pudel1   1   2   2   1   5  27   2   1   1   1 BWL   5  79   3 778   3   1
Pudel1   1   2   2   1   5  27   2   1   1   1 BWL   5  80   6 665   6   1
Pudel1   1   2   2   1   5  27   2   1   1   1 BWL   5  81   4 764   4   1
Pudel1   1   2   2   1   5  27   2   1   1   1 BWL   5  82   1 749   1   1
Pudel1   1   2   2   1   5  27   2   1   1   1 BWL   5  83   6 710   6   1
Pudel1   1   2   2   1   5  27   2   1   1   1 BWL   5  84   3 864   3   1
Pudel1   1   2   2   1   5  27   2   1   1   1 BWL   5  85   5 694   5   1
Pudel1   1   2   2   1   5  27   2   1   1   1 BWL   5  86   2 735   2   1
Pudel1   1   2   2   1   5  27   2   1   1   1 BWL   5  87   1 722   1   1
Pudel1   1   2   2   1   5  27   2   1   1   1 BWL   5  88   6 665   6   1
Pudel1   1   2   2   1   5  27   2   1   1   1 BWL   5  89   5 707   5   1
Pudel1   1   2   2   1   5  27   2   1   1   1 BWL   5  90   1 676   1   1
Pudel1   1   2   2   1   5  27   2   1   1   1 BWL   5  91   4 953   4   1
Pudel1   1   2   2   1   5  27   2   1   1   1 BWL   5  92   5 721   5   1
Pudel1   1   2   2   1   5  27   2   1   1   1 BWL   5  93   3 951   3   1
Pudel1   1   2   2   1   5  27   2   1   1   1 BWL   5  94   4 1081   4   1
Pudel1   1   2   2   1   5  27   2   1   1   1 BWL   5  95   5 648   5   1
Pudel1   1   2   2   1   5  27   2   1   1   1 BWL   5  96   3 808   3   1
Pudel1   1   2   2   1   5  27   2   1   1   1 BWL   5  97   2 677   2   1
Pudel1   1   2   2   1   5  27   2   1   1   1 BWL   5  98   4 722   4   1
Pudel1   1   2   2   1   5  27   2   1   1   1 BWL   5  99   3 851   3   1
Pudel1   1   2   2   1   5  27   2   1   1   1 BWL   5 100   1 720   1   1
Pudel1   1   2   2   1   5  27   2   1   1   1 BWL   5 101   5 782   5   1
Pudel1   1   2   2   1   5  27   2   1   1   1 BWL   5 102   2 805   2   1
Pudel1   1   2   2   1   5  27   2   1   1   1 BWL   5 103   6 766   6   1
Pudel1   1   2   2   1   5  27   2   1   1   1 BWL   5 104   5 720   5   1
Pudel1   1   2   2   1   5  27   2   1   1   1 BWL   5 105   2 734   2   1
Pudel1   1   2   2   1   5  27   2   1   1   1 BWL   5 106   4 781   4   1
Pudel1   1   2   2   1   5  27   2   1   1   1 BWL   5 107   1 678   1   1
Pudel1   1   2   2   1   5  27   2   1   1   1 BWL   5 108   2 750   2   1
Pudel1   1   2   2   1   5  27   2   1   1   1 BWL   5 109   6 681   6   1
Pudel1   1   2   2   1   5  27   2   1   1   1 BWL   5 110   5 692   5   1
Pudel1   1   2   2   1   5  27   2   1   1   1 BWL   5 111   1 748   1   1
Pudel1   1   2   2   1   5  27   2   1   1   1 BWL   5 112   2 679   2   1
Pudel1   1   2   2   1   5  27   2   1   1   1 BWL   5 113   6 695   6   1
Pudel1   1   2   2   1   5  27   2   1   1   1 BWL   5 114   5 677   5   1
Pudel1   1   2   2   1   5  27   2   1   1   1 BWL   5 115   1 705   1   1
Pudel1   1   2   2   1   5  27   2   1   1   1 BWL   5 116   2 666   2   1
Pudel1   1   2   2   1   5  27   2   1   1   1 BWL   5 117   4 707   4   1
Pudel1   1   2   2   1   5  27   2   1   1   1 BWL   5 118   1 692   1   1
Pudel1   1   2   2   1   5  27   2   1   1   1 BWL   5 119   6 695   6   1
Pudel1   1   2   2   1   5  27   2   1   1   1 BWL   5 120   2 778   2   1
Pudel1   1   2   2   1   5  27   2   1   1   1 BWL   5 121   5 679   5   1
Pudel1   1   2   2   1   5  27   2   1   1   1 BWL   5 122   6 694   6   1
Pudel1   1   2   2   1   5  27   2   1   1   1 BWL   5 123   2 734   2   1
Pudel1   1   2   2   1   5  27   2   1   1   1 BWL   5 124   5 809   5   1
Pudel1   1   2   2   1   5  27   2   1   1   1 BWL   5 125   3 937   3   1
Pudel1   1   2   2   1   5  27   2   1   1   1 BWL   5 126   6 722   6   1
Pudel1   1   2   2   1   5  27   2   1   1   1 BWL   5 127   5 893   5   1
Pudel1   1   2   2   1   5  27   2   1   1   1 BWL   5 128   1 733   1   1
Pudel1   1   2   2   1   5  27   2   1   1   1 BWL   5 129   6 752   6   1
Pudel1   1   2   2   1   5  27   2   1   1   1 BWL   5 130   3 965   3   1
Pudel1   1   2   2   1   5  27   2   1   1   1 BWL   5 131   5 864   5   1
Pudel1   1   2   2   1   5  27   2   1   1   1 BWL   5 132   6 694   6   1
Pudel1   1   2   2   1   5  27   2   1   1   1 BWL   5 133   1 691   1   1
Pudel1   1   2   2   1   5  27   2   1   1   1 BWL   5 134   3 737   3   1
Pudel1   1   2   2   1   5  27   2   1   1   1 BWL   5 135   4 751   4   1
Pudel1   1   2   2   1   5  27   2   1   1   1 BWL   5 136   1 733   1   1
Pudel1   1   2   2   1   5  27   2   1   1   1 BWL   5 137   2 751   2   1
Pudel1   1   2   2   1   5  27   2   1   1   1 BWL   5 138   3 837   3   1
Pudel1   1   2   2   1   5  27   2   1   1   1 BWL   5 139   6 709   6   1
Pudel1   1   2   2   1   5  27   2   1   1   1 BWL   5 140   4 863   4   1
Pudel1   1   2   2   1   5  27   2   1   1   1 BWL   5 141   1 722   1   1
Pudel1   1   2   2   1   5  27   2   1   1   1 BWL   5 142   3 923   3   1
Pudel1   1   2   2   1   5  27   2   1   1   1 BWL   5 143   2 735   2   1
Pudel1   1   2   2   1   5  27   2   1   1   1 BWL   5 144   6 652   6   1
Pudel1   1   2   2   1   5  27   2   1   1   1 BWL   6   1   1 690   1   1
Pudel1   1   2   2   1   5  27   2   1   1   1 BWL   6   2   5 780   5   1
Pudel1   1   2   2   1   5  27   2   1   1   1 BWL   6   3   6 680   6   1
Pudel1   1   2   2   1   5  27   2   1   1   1 BWL   6   4   3 762   3   1
Pudel1   1   2   2   1   5  27   2   1   1   1 BWL   6   5   1 721   1   1
Pudel1   1   2   2   1   5  27   2   1   1   1 BWL   6   6   2 664   2   1
Pudel1   1   2   2   1   5  27   2   1   1   1 BWL   6   7   5 737   4   0
Pudel1   1   2   2   1   5  27   2   1   1   1 BWL   6   8   5 824   5   1
Pudel1   1   2   2   1   5  27   2   1   1   1 BWL   6   9   6 664   6   1
Pudel1   1   2   2   1   5  27   2   1   1   1 BWL   6  10   4 662   4   1
Pudel1   1   2   2   1   5  27   2   1   1   1 BWL   6  11   3 763   3   1
Pudel1   1   2   2   1   5  27   2   1   1   1 BWL   6  12   6 722   6   1
Pudel1   1   2   2   1   5  27   2   1   1   1 BWL   6  13   2 778   2   1
Pudel1   1   2   2   1   5  27   2   1   1   1 BWL   6  14   3 778   3   1
Pudel1   1   2   2   1   5  27   2   1   1   1 BWL   6  15   5 752   5   1
Pudel1   1   2   2   1   5  27   2   1   1   1 BWL   6  16   2 779   2   1
Pudel1   1   2   2   1   5  27   2   1   1   1 BWL   6  17   4 794   4   1
Pudel1   1   2   2   1   5  27   2   1   1   1 BWL   6  18   5 707   5   1
Pudel1   1   2   2   1   5  27   2   1   1   1 BWL   6  19   2 906   2   1
Pudel1   1   2   2   1   5  27   2   1   1   1 BWL   6  20   1 706   1   1
Pudel1   1   2   2   1   5  27   2   1   1   1 BWL   6  21   3 736   3   1
Pudel1   1   2   2   1   5  27   2   1   1   1 BWL   6  22   4 780   4   1
Pudel1   1   2   2   1   5  27   2   1   1   1 BWL   6  23   1 765   1   1
Pudel1   1   2   2   1   5  27   2   1   1   1 BWL   6  24   5 824   5   1
Pudel1   1   2   2   1   5  27   2   1   1   1 BWL   6  25   2 777   2   1
Pudel1   1   2   2   1   5  27   2   1   1   1 BWL   6  26   1 719   1   1
Pudel1   1   2   2   1   5  27   2   1   1   1 BWL   6  27   6 738   6   1
Pudel1   1   2   2   1   5  27   2   1   1   1 BWL   6  28   4 807   4   1
Pudel1   1   2   2   1   5  27   2   1   1   1 BWL   6  29   1 750   1   1
Pudel1   1   2   2   1   5  27   2   1   1   1 BWL   6  30   6 853   6   1
Pudel1   1   2   2   1   5  27   2   1   1   1 BWL   6  31   5 734   5   1
Pudel1   1   2   2   1   5  27   2   1   1   1 BWL   6  32   4 778   4   1
Pudel1   1   2   2   1   5  27   2   1   1   1 BWL   6  33   3 821   3   1
Pudel1   1   2   2   1   5  27   2   1   1   1 BWL   6  34   5 953   5   1
Pudel1   1   2   2   1   5  27   2   1   1   1 BWL   6  35   2 778   2   1
Pudel1   1   2   2   1   5  27   2   1   1   1 BWL   6  36   3 851   3   1
Pudel1   1   2   2   1   5  27   2   1   1   1 BWL   6  37   6 794   6   1
Pudel1   1   2   2   1   5  27   2   1   1   1 BWL   6  38   2 821   2   1
Pudel1   1   2   2   1   5  27   2   1   1   1 BWL   6  39   5 1714   5   1
Pudel1   1   2   2   1   5  27   2   1   1   1 BWL   6  40   6 707   6   1
Pudel1   1   2   2   1   5  27   2   1   1   1 BWL   6  41   3 878   3   1
Pudel1   1   2   2   1   5  27   2   1   1   1 BWL   6  42   2 793   2   1
Pudel1   1   2   2   1   5  27   2   1   1   1 BWL   6  43   1 706   1   1
Pudel1   1   2   2   1   5  27   2   1   1   1 BWL   6  44   6 853   6   1
Pudel1   1   2   2   1   5  27   2   1   1   1 BWL   6  45   3 836   3   1
Pudel1   1   2   2   1   5  27   2   1   1   1 BWL   6  46   5 839   5   1
Pudel1   1   2   2   1   5  27   2   1   1   1 BWL   6  47   4 835   4   1
Pudel1   1   2   2   1   5  27   2   1   1   1 BWL   6  48   1 1152   1   1
Pudel1   1   2   2   1   5  27   2   1   1   1 BWL   6  49   2 823   2   1
Pudel1   1   2   2   1   5  27   2   1   1   1 BWL   6  50   5 852   5   1
Pudel1   1   2   2   1   5  27   2   1   1   1 BWL   6  51   3 807   3   1
Pudel1   1   2   2   1   5  27   2   1   1   1 BWL   6  52   6 723   6   1
Pudel1   1   2   2   1   5  27   2   1   1   1 BWL   6  53   4 780   4   1
Pudel1   1   2   2   1   5  27   2   1   1   1 BWL   6  54   1 748   1   1
Pudel1   1   2   2   1   5  27   2   1   1   1 BWL   6  55   6 765   6   1
Pudel1   1   2   2   1   5  27   2   1   1   1 BWL   6  56   5 794   5   1
Pudel1   1   2   2   1   5  27   2   1   1   1 BWL   6  57   2 749   2   1
Pudel1   1   2   2   1   5  27   2   1   1   1 BWL   6  58   6 666   6   1
Pudel1   1   2   2   1   5  27   2   1   1   1 BWL   6  59   4 735   4   1
Pudel1   1   2   2   1   5  27   2   1   1   1 BWL   6  60   2 766   2   1
Pudel1   1   2   2   1   5  27   2   1   1   1 BWL   6  61   1 749   1   1
Pudel1   1   2   2   1   5  27   2   1   1   1 BWL   6  62   6 680   6   1
Pudel1   1   2   2   1   5  27   2   1   1   1 BWL   6  63   5 692   5   1
Pudel1   1   2   2   1   5  27   2   1   1   1 BWL   6  64   1 705   1   1
Pudel1   1   2   2   1   5  27   2   1   1   1 BWL   6  65   3 678   3   1
Pudel1   1   2   2   1   5  27   2   1   1   1 BWL   6  66   6 679   6   1
Pudel1   1   2   2   1   5  27   2   1   1   1 BWL   6  67   4 734   4   1
Pudel1   1   2   2   1   5  27   2   1   1   1 BWL   6  68   1 722   1   1
Pudel1   1   2   2   1   5  27   2   1   1   1 BWL   6  69   3 722   3   1
Pudel1   1   2   2   1   5  27   2   1   1   1 BWL   6  70   6 693   6   1
Pudel1   1   2   2   1   5  27   2   1   1   1 BWL   6  71   1 721   1   1
Pudel1   1   2   2   1   5  27   2   1   1   1 BWL   6  72   2 707   2   1
Pudel1   1   2   2   1   5  27   2   1   1   1 BWL   6  73   5 793   5   1
Pudel1   1   2   2   1   5  27   2   1   1   1 BWL   6  74   1 720   1   1
Pudel1   1   2   2   1   5  27   2   1   1   1 BWL   6  75   4 923   4   1
Pudel1   1   2   2   1   5  27   2   1   1   1 BWL   6  76   5 738   5   1
Pudel1   1   2   2   1   5  27   2   1   1   1 BWL   6  77   1 719   1   1
Pudel1   1   2   2   1   5  27   2   1   1   1 BWL   6  78   3 664   3   1
Pudel1   1   2   2   1   5  27   2   1   1   1 BWL   6  79   5 766   5   1
Pudel1   1   2   2   1   5  27   2   1   1   1 BWL   6  80   6 678   6   1
Pudel1   1   2   2   1   5  27   2   1   1   1 BWL   6  81   4 706   4   1
Pudel1   1   2   2   1   5  27   2   1   1   1 BWL   6  82   2 722   2   1
Pudel1   1   2   2   1   5  27   2   1   1   1 BWL   6  83   5 852   5   1
Pudel1   1   2   2   1   5  27   2   1   1   1 BWL   6  84   3 979   3   1
Pudel1   1   2   2   1   5  27   2   1   1   1 BWL   6  85   6 708   6   1
Pudel1   1   2   2   1   5  27   2   1   1   1 BWL   6  86   1 778   1   1
Pudel1   1   2   2   1   5  27   2   1   1   1 BWL   6  87   2 678   2   1
Pudel1   1   2   2   1   5  27   2   1   1   1 BWL   6  88   3 650   3   1
Pudel1   1   2   2   1   5  27   2   1   1   1 BWL   6  89   6 824   6   1
Pudel1   1   2   2   1   5  27   2   1   1   1 BWL   6  90   4 761   4   1
Pudel1   1   2   2   1   5  27   2   1   1   1 BWL   6  91   2 708   2   1
Pudel1   1   2   2   1   5  27   2   1   1   1 BWL   6  92   5 1040   5   1
Pudel1   1   2   2   1   5  27   2   1   1   1 BWL   6  93   4 777   4   1
Pudel1   1   2   2   1   5  27   2   1   1   1 BWL   6  94   1 719   1   1
Pudel1   1   2   2   1   5  27   2   1   1   1 BWL   6  95   2 722   2   1
Pudel1   1   2   2   1   5  27   2   1   1   1 BWL   6  96   6 680   6   1
Pudel1   1   2   2   1   5  27   2   1   1   1 BWL   6  97   3 806   3   1
Pudel1   1   2   2   1   5  27   2   1   1   1 BWL   6  98   5 765   5   1
Pudel1   1   2   2   1   5  27   2   1   1   1 BWL   6  99   1 718   1   1
Pudel1   1   2   2   1   5  27   2   1   1   1 BWL   6 100   5 681   4   0
Pudel1   1   2   2   1   5  27   2   1   1   1 BWL   6 101   6 853   6   1
Pudel1   1   2   2   1   5  27   2   1   1   1 BWL   6 102   1 719   1   1
Pudel1   1   2   2   1   5  27   2   1   1   1 BWL   6 103   2 707   2   1
Pudel1   1   2   2   1   5  27   2   1   1   1 BWL   6 104   3 693   3   1
Pudel1   1   2   2   1   5  27   2   1   1   1 BWL   6 105   5 723   5   1
Pudel1   1   2   2   1   5  27   2   1   1   1 BWL   6 106   1 705   1   1
Pudel1   1   2   2   1   5  27   2   1   1   1 BWL   6 107   4 909   4   1
Pudel1   1   2   2   1   5  27   2   1   1   1 BWL   6 108   2 706   2   1
Pudel1   1   2   2   1   5  27   2   1   1   1 BWL   6 109   1 722   1   1
Pudel1   1   2   2   1   5  27   2   1   1   1 BWL   6 110   4 751   4   1
Pudel1   1   2   2   1   5  27   2   1   1   1 BWL   6 111   3 979   3   1
Pudel1   1   2   2   1   5  27   2   1   1   1 BWL   6 112   1 763   1   1
Pudel1   1   2   2   1   5  27   2   1   1   1 BWL   6 113   5 795   5   1
Pudel1   1   2   2   1   5  27   2   1   1   1 BWL   6 114   4 720   4   1
Pudel1   1   2   2   1   5  27   2   1   1   1 BWL   6 115   1 677   1   1
Pudel1   1   2   2   1   5  27   2   1   1   1 BWL   6 116   6 896   6   1
Pudel1   1   2   2   1   5  27   2   1   1   1 BWL   6 117   2 893   2   1
Pudel1   1   2   2   1   5  27   2   1   1   1 BWL   6 118   1 806   1   1
Pudel1   1   2   2   1   5  27   2   1   1   1 BWL   6 119   6 953   6   1
Pudel1   1   2   2   1   5  27   2   1   1   1 BWL   6 120   2 879   2   1
Pudel1   1   2   2   1   5  27   2   1   1   1 BWL   6 121   1 693   1   1
Pudel1   1   2   2   1   5  27   2   1   1   1 BWL   6 122   3 735   3   1
Pudel1   1   2   2   1   5  27   2   1   1   1 BWL   6 123   6 808   6   1
Pudel1   1   2   2   1   5  27   2   1   1   1 BWL   6 124   4 792   4   1
Pudel1   1   2   2   1   5  27   2   1   1   1 BWL   6 125   3 792   3   1
Pudel1   1   2   2   1   5  27   2   1   1   1 BWL   6 126   1 764   1   1
Pudel1   1   2   2   1   5  27   2   1   1   1 BWL   6 127   4 895   4   1
Pudel1   1   2   2   1   5  27   2   1   1   1 BWL   6 128   6 750   6   1
Pudel1   1   2   2   1   5  27   2   1   1   1 BWL   6 129   5 824   5   1
Pudel1   1   2   2   1   5  27   2   1   1   1 BWL   6 130   1 748   1   1
Pudel1   1   2   2   1   5  27   2   1   1   1 BWL   6 131   2 693   2   1
Pudel1   1   2   2   1   5  27   2   1   1   1 BWL   6 132   6 764   6   1
Pudel1   1   2   2   1   5  27   2   1   1   1 BWL   6 133   5 708   5   1
Pudel1   1   2   2   1   5  27   2   1   1   1 BWL   6 134   3 849   3   1
Pudel1   1   2   2   1   5  27   2   1   1   1 BWL   6 135   4 864   4   1
Pudel1   1   2   2   1   5  27   2   1   1   1 BWL   6 136   5 736   5   1
Pudel1   1   2   2   1   5  27   2   1   1   1 BWL   6 137   6 721   6   1
Pudel1   1   2   2   1   5  27   2   1   1   1 BWL   6 138   2 864   2   1
Pudel1   1   2   2   1   5  27   2   1   1   1 BWL   6 139   1 692   1   1
Pudel1   1   2   2   1   5  27   2   1   1   1 BWL   6 140   4 837   4   1
Pudel1   1   2   2   1   5  27   2   1   1   1 BWL   6 141   2 807   2   1
Pudel1   1   2   2   1   5  27   2   1   1   1 BWL   6 142   1 722   1   1
Pudel1   1   2   2   1   5  27   2   1   1   1 BWL   6 143   6 722   6   1
Pudel1   1   2   2   1   5  27   2   1   1   1 BWL   6 144   5 735   5   1
Pudel1   1   2   2   1   5  27   2   1   1   1 BWL   7   1   1   5 3710   0   5   6   1   3   2   4   4
Pudel1   1   2   2   1   5  27   2   1   1   1 BWL   7   2   1   1 3480   0   5   6   1   3   2   4   3
Pudel1   1   2   2   1   5  27   2   1   1   1 BWL   7   3   1   4 2860   0   1   3   2   4   5   1   5
Pudel1   1   2   2   1   5  27   2   1   1   1 BWL   7   4   1   1 3150   0   5   6   1   3   2   4   4
Pudel1   1   2   2   1   5  27   2   1   1   1 BWL   7   5   1   3 1690   0   5   1   2   6   3   4   4
Pudel1   1   2   2   1   5  27   2   1   1   1 BWL   7   6   1   3 950   0   1   2   6   3   4   1   5
Pudel1   1   2   2   1   5  27   2   1   1   1 BWL   7   7   1   4 1210   0   4   5   1   2   6   3   3
Pudel1   1   2   2   1   5  27   2   1   1   1 BWL   7   8   1   5 1721   0   5   1   2   6   3   4   4
Pudel1   1   2   2   1   5  27   2   1   1   1 BWL   7   9   1   4 1580   0   1   3   2   4   5   1   3
Pudel1   1   2   2   1   5  27   2   1   1   1 BWL   7  10   1   2 1640   0   5   1   2   6   3   4   5
Pudel1   1   2   2   1   5  27   2   1   1   1 BWL   7  11   1   4 1140   1   5   6   1   3   2   4   4
Pudel1   1   2   2   1   5  27   2   1   1   1 BWL   7  12   1   6 790   0   5   6   1   3   2   4   5
Pudel1   1   2   2   1   5  27   2   1   1   1 BWL   7  13   1   5 1150   0   1   2   6   3   4   1   3
Pudel1   1   2   2   1   5  27   2   1   1   1 BWL   7  14   1   5 850   0   3   2   4   5   1   2   3
Pudel1   1   2   2   1   5  27   2   1   1   1 BWL   7  15   1   6 1170   1   2   4   5   1   2   6   4
Pudel1   1   2   2   1   5  27   2   1   1   1 BWL   7  16   1   5 810   0   4   5   1   2   6   3   4
Pudel1   1   2   2   1   5  27   2   1   1   1 BWL   7  17   1   5 1180   0   2   4   5   1   2   6   4
Pudel1   1   2   2   1   5  27   2   1   1   1 BWL   7  18   1   5 1000   0   1   2   6   3   4   1   5
Pudel1   1   2   2   1   5  27   2   1   1   1 BWL   7  19   1   1 1010   1   1   3   2   4   5   1   3
Pudel1   1   2   2   1   5  27   2   1   1   1 BWL   7  20   1   6 760   0   3   2   4   5   1   2   5
Pudel1   1   2   2   1   5  27   2   1   1   1 BWL   7  21   1   1 890   1   1   2   6   3   4   1   3
Pudel1   1   2   2   1   5  27   2   1   1   1 BWL   7  22   1   2 610   1   3   2   4   5   1   2   5
Pudel1   1   2   2   1   5  27   2   1   1   1 BWL   7  23   1   4 840   0   6   1   3   2   4   5   3
Pudel1   1   2   2   1   5  27   2   1   1   1 BWL   7  24   1   5 1010   0   5   1   2   6   3   4   3
Pudel1   1   2   2   1   5  27   2   1   1   1 BWL   7  25   1   4 820   1   5   6   1   3   2   4   4
Pudel1   1   2   2   1   5  27   2   1   1   1 BWL   7  26   1   6 650   0   6   1   3   2   4   5   4
Pudel1   1   2   2   1   5  27   2   1   1   1 BWL   7  27   1   6 610   0   6   1   3   2   4   5   4
Pudel1   1   2   2   1   5  27   2   1   1   1 BWL   7  28   1   3 870   0   3   2   4   5   1   2   4
Pudel1   1   2   2   1   5  27   2   1   1   1 BWL   7  29   1   3 970   0   5   6   1   3   2   4   4
Pudel1   1   2   2   1   5  27   2   1   1   1 BWL   7  30   1   5 910   1   6   1   3   2   4   5   4
Pudel1   1   2   2   1   5  27   2   1   1   1 BWL   7  31   1   6 560   0   1   3   2   4   5   1   4
Pudel1   1   2   2   1   5  27   2   1   1   1 BWL   7  32   1   6 720   0   1   3   2   4   5   1   3
Pudel1   1   2   2   1   5  27   2   1   1   1 BWL   7  33   1   6 570   1   2   4   5   1   2   6   5
Pudel1   1   2   2   1   5  27   2   1   1   1 BWL   7  34   1   6 570   0   6   1   3   2   4   5   4
Pudel1   1   2   2   1   5  27   2   1   1   1 BWL   7  35   1   6 760   0   5   6   1   3   2   4   4
Pudel1   1   2   2   1   5  27   2   1   1   1 BWL   7  36   1   2 800   0   4   5   1   2   6   3   4
Pudel1   1   2   2   1   5  27   2   1   1   1 BWL   7  37   1   6 560   1   2   4   5   1   2   6   5
Pudel1   1   2   2   1   5  27   2   1   1   1 BWL   7  38   1   6 821   0   5   1   2   6   3   4   3
Pudel1   1   2   2   1   5  27   2   1   1   1 BWL   7  39   1   5 730   0   1   2   6   3   4   1   3
Pudel1   1   2   2   1   5  27   2   1   1   1 BWL   7  40   1   6 770   0   3   2   4   5   1   2   4
Pudel1   1   2   2   1   5  27   2   1   1   1 BWL   7  41   1   6 881   0   5   1   2   6   3   4   5
Pudel1   1   2   2   1   5  27   2   1   1   1 BWL   7  42   1   5 460   0   1   2   6   3   4   1   5
Pudel1   1   2   2   1   5  27   2   1   1   1 BWL   7  43   1   5 520   0   5   1   2   6   3   4   5
Pudel1   1   2   2   1   5  27   2   1   1   1 BWL   7  44   1   6 1150   0   6   1   3   2   4   5   4
Pudel1   1   2   2   1   5  27   2   1   1   1 BWL   7  45   1   3 500   0   5   1   2   6   3   4   5
Pudel1   1   2   2   1   5  27   2   1   1   1 BWL   7  46   1   3 750   0   3   2   4   5   1   2   5
Pudel1   1   2   2   1   5  27   2   1   1   1 BWL   7  47   1   5 1091   0   2   4   5   1   2   6   5
Pudel1   1   2   2   1   5  27   2   1   1   1 BWL   7  48   1   4 1260   0   4   5   1   2   6   3   3
Pudel1   1   2   2   1   5  27   2   1   1   1 BWL   7  49   1   3 680   0   2   4   5   1   2   6   5
Pudel1   1   2   2   1   5  27   2   1   1   1 BWL   7  50   1   1 1390   1   1   3   2   4   5   1   5
Pudel1   1   2   2   1   5  27   2   1   1   1 BWL   7  51   1   6 480   0   1   3   2   4   5   1   5
Pudel1   1   2   2   1   5  27   2   1   1   1 BWL   7  52   1   6 520   0   1   2   6   3   4   1   3
Pudel1   1   2   2   1   5  27   2   1   1   1 BWL   7  53   1   4 730   0   2   4   5   1   2   6   3
Pudel1   1   2   2   1   5  27   2   1   1   1 BWL   7  54   1   6 580   0   1   3   2   4   5   1   4
Pudel1   1   2   2   1   5  27   2   1   1   1 BWL   7  55   1   6 490   0   1   3   2   4   5   1   5
Pudel1   1   2   2   1   5  27   2   1   1   1 BWL   7  56   1   6 590   0   6   1   3   2   4   5   5
Pudel1   1   2   2   1   5  27   2   1   1   1 BWL   7  57   1   5 530   0   4   5   1   2   6   3   4
Pudel1   1   2   2   1   5  27   2   1   1   1 BWL   7  58   1   6 670   0   1   2   6   3   4   1   4
Pudel1   1   2   2   1   5  27   2   1   1   1 BWL   7  59   1   1 690   1   1   2   6   3   4   1   4
Pudel1   1   2   2   1   5  27   2   1   1   1 BWL   7  60   1   4 590   0   4   5   1   2   6   3   3
Pudel1   1   2   2   1   5  27   2   1   1   1 BWL   7  61   1   2 590   1   3   2   4   5   1   2   5
Pudel1   1   2   2   1   5  27   2   1   1   1 BWL   7  62   1   5 610   0   3   2   4   5   1   2   3
Pudel1   1   2   2   1   5  27   2   1   1   1 BWL   7  63   1   5 480   1   6   1   3   2   4   5   5
Pudel1   1   2   2   1   5  27   2   1   1   1 BWL   7  64   1   5 750   0   1   2   6   3   4   1   3
Pudel1   1   2   2   1   5  27   2   1   1   1 BWL   7  65   1   5 530   0   2   4   5   1   2   6   4
Pudel1   1   2   2   1   5  27   2   1   1   1 BWL   7  66   1   3 820   0   5   6   1   3   2   4   3
Pudel1   1   2   2   1   5  27   2   1   1   1 BWL   7  67   1   6 710   0   1   3   2   4   5   1   5
Pudel1   1   2   2   1   5  27   2   1   1   1 BWL   7  68   1   5 510   0   1   2   6   3   4   1   4
Pudel1   1   2   2   1   5  27   2   1   1   1 BWL   7  69   1   6 690   0   3   2   4   5   1   2   5
Pudel1   1   2   2   1   5  27   2   1   1   1 BWL   7  70   1   5 680   0   3   2   4   5   1   2   4
Pudel1   1   2   2   1   5  27   2   1   1   1 BWL   7  71   1   5 520   1   6   1   3   2   4   5   4
Pudel1   1   2   2   1   5  27   2   1   1   1 BWL   7  72   1   6 510   0   6   1   3   2   4   5   4
Pudel1   1   2   2   1   5  27   2   1   1   1 BWL   7  73   1   6 540   0   6   1   3   2   4   5   4
Pudel1   1   2   2   1   5  27   2   1   1   1 BWL   7  74   1   4 590   0   2   4   5   1   2   6   4
Pudel1   1   2   2   1   5  27   2   1   1   1 BWL   7  75   1   3 820   0   3   2   4   5   1   2   3
Pudel1   1   2   2   1   5  27   2   1   1   1 BWL   7  76   1   5 540   0   1   3   2   4   5   1   3
Pudel1   1   2   2   1   5  27   2   1   1   1 BWL   7  77   1   4 870   0   2   4   5   1   2   6   3
Pudel1   1   2   2   1   5  27   2   1   1   1 BWL   7  78   1   5 1110   1   6   1   3   2   4   5   5
Pudel1   1   2   2   1   5  27   2   1   1   1 BWL   7  79   1   5 680   0   5   1   2   6   3   4   3
Pudel1   1   2   2   1   5  27   2   1   1   1 BWL   7  80   1   4 650   0   4   5   1   2   6   3   5
Pudel1   1   2   2   1   5  27   2   1   1   1 BWL   7  81   1   5 660   0   2   4   5   1   2   6   3
Pudel1   1   2   2   1   5  27   2   1   1   1 BWL   7  82   1   5 590   0   5   6   1   3   2   4   5
Pudel1   1   2   2   1   5  27   2   1   1   1 BWL   7  83   1   6 530   0   5   1   2   6   3   4   5
Pudel1   1   2   2   1   5  27   2   1   1   1 BWL   7  84   1   5 550   0   5   1   2   6   3   4   3
Pudel1   1   2   2   1   5  27   2   1   1   1 BWL   7  85   1   6 500   0   1   3   2   4   5   1   5
Pudel1   1   2   2   1   5  27   2   1   1   1 BWL   7  86   1   4 521   0   3   2   4   5   1   2   4
Pudel1   1   2   2   1   5  27   2   1   1   1 BWL   7  87   1   4 590   0   4   5   1   2   6   3   3
Pudel1   1   2   2   1   5  27   2   1   1   1 BWL   7  88   1   5 490   0   1   2   6   3   4   1   4
Pudel1   1   2   2   1   5  27   2   1   1   1 BWL   7  89   1   5 500   0   3   2   4   5   1   2   3
Pudel1   1   2   2   1   5  27   2   1   1   1 BWL   7  90   1   5 560   0   5   6   1   3   2   4   3
Pudel1   1   2   2   1   5  27   2   1   1   1 BWL   7  91   1   6 700   0   6   1   3   2   4   5   3
Pudel1   1   2   2   1   5  27   2   1   1   1 BWL   7  92   1   5 530   0   4   5   1   2   6   3   3
Pudel1   1   2   2   1   5  27   2   1   1   1 BWL   7  93   1   4 620   0   2   4   5   1   2   6   3
Pudel1   1   2   2   1   5  27   2   1   1   1 BWL   7  94   1   5 530   0   1   2   6   3   4   1   5
Pudel1   1   2   2   1   5  27   2   1   1   1 BWL   7  95   1   4 500   0   2   4   5   1   2   6   5
Pudel1   1   2   2   1   5  27   2   1   1   1 BWL   7  96   1   6 360   0   1   3   2   4   5   1   5
Pudel1   1   2   2   1   5  27   2   1   1   1 BWL   7  97   1   5 400   0   5   6   1   3   2   4   4
Pudel1   1   2   2   1   5  27   2   1   1   1 BWL   7  98   1   5 480   0   4   5   1   2   6   3   4
Pudel1   1   2   2   1   5  27   2   1   1   1 BWL   7  99   1   4 480   0   2   4   5   1   2   6   3
Pudel1   1   2   2   1   5  27   2   1   1   1 BWL   7 100   1   6 480   0   5   6   1   3   2   4   3
Pudel1   1   2   2   1   5  27   2   1   1   1 BWL   7 101   1   1 530   1   1   3   2   4   5   1   3
Pudel1   1   2   2   1   5  27   2   1   1   1 BWL   7 102   1   5 350   0   4   5   1   2   6   3   5
Pudel1   1   2   2   1   5  27   2   1   1   1 BWL   7 103   1   3 550   0   5   1   2   6   3   4   4
Pudel1   1   2   2   1   5  27   2   1   1   1 BWL   7 104   1   2 480   1   3   2   4   5   1   2   4
Pudel1   1   2   2   1   5  27   2   1   1   1 BWL   7 105   1   4 430   1   5   1   2   6   3   4   5
Pudel1   1   2   2   1   5  27   2   1   1   1 BWL   7 106   1   4 530   0   1   2   6   3   4   1   3
Pudel1   1   2   2   1   5  27   2   1   1   1 BWL   7 107   1   4 320   1   5   6   1   3   2   4   5
Pudel1   1   2   2   1   5  27   2   1   1   1 BWL   7 108   1   5 490   0   2   4   5   1   2   6   4
Pudel1   1   2   2   1   5  27   2   1   1   1 BWL   7 109   1   6 472   0   6   1   3   2   4   5   5
Pudel1   1   2   2   1   5  27   2   1   1   1 BWL   7 110   1   2 490   1   3   2   4   5   1   2   5
Pudel1   1   2   2   1   5  27   2   1   1   1 BWL   7 111   1   5 500   0   4   5   1   2   6   3   3
Pudel1   1   2   2   1   5  27   2   1   1   1 BWL   7 112   1   6 500   0   5   6   1   3   2   4   5
Pudel1   1   2   2   1   5  27   2   1   1   1 BWL   7 113   1   5 500   0   4   5   1   2   6   3   3
Pudel1   1   2   2   1   5  27   2   1   1   1 BWL   7 114   1   5 490   0   4   5   1   2   6   3   3
Pudel1   1   2   2   1   5  27   2   1   1   1 BWL   7 115   1   5 480   1   6   1   3   2   4   5   5
Pudel1   1   2   2   1   5  27   2   1   1   1 BWL   7 116   1   2 510   0   5   1   2   6   3   4   3
Pudel1   1   2   2   1   5  27   2   1   1   1 BWL   7 117   1   5 400   0   1   2   6   3   4   1   5
Pudel1   1   2   2   1   5  27   2   1   1   1 BWL   7 118   1   4 580   1   5   1   2   6   3   4   3
Pudel1   1   2   2   1   5  27   2   1   1   1 BWL   7 119   1   5 350   0   1   3   2   4   5   1   3
Pudel1   1   2   2   1   5  27   2   1   1   1 BWL   7 120   1   5 520   0   4   5   1   2   6   3   5
Pudel1   1   2   2   1   5  27   2   1   1   1 BWL   8   1   1   5 710   0   5   6   1   3   2   4   4
Pudel1   1   2   2   1   5  27   2   1   1   1 BWL   8   2   1   5 530   0   5   6   1   3   2   4   3
Pudel1   1   2   2   1   5  27   2   1   1   1 BWL   8   3   1   2 1231   0   1   3   2   4   5   1   5
Pudel1   1   2   2   1   5  27   2   1   1   1 BWL   8   4   1   5 770   0   5   6   1   3   2   4   4
Pudel1   1   2   2   1   5  27   2   1   1   1 BWL   8   5   1   1 720   0   5   1   2   6   3   4   4
Pudel1   1   2   2   1   5  27   2   1   1   1 BWL   8   6   1   6 560   0   1   2   6   3   4   1   5
Pudel1   1   2   2   1   5  27   2   1   1   1 BWL   8   7   1   4 460   0   4   5   1   2   6   3   3
Pudel1   1   2   2   1   5  27   2   1   1   1 BWL   8   8   1   4 460   1   5   1   2   6   3   4   4
Pudel1   1   2   2   1   5  27   2   1   1   1 BWL   8   9   1   5 621   0   1   3   2   4   5   1   3
Pudel1   1   2   2   1   5  27   2   1   1   1 BWL   8  10   1   4 520   1   5   1   2   6   3   4   5
Pudel1   1   2   2   1   5  27   2   1   1   1 BWL   8  11   1   5 640   0   5   6   1   3   2   4   4
Pudel1   1   2   2   1   5  27   2   1   1   1 BWL   8  12   1   5 551   0   5   6   1   3   2   4   5
Pudel1   1   2   2   1   5  27   2   1   1   1 BWL   8  13   1   2 580   0   1   2   6   3   4   1   3
Pudel1   1   2   2   1   5  27   2   1   1   1 BWL   8  14   1   4 540   0   3   2   4   5   1   2   3
Pudel1   1   2   2   1   5  27   2   1   1   1 BWL   8  15   1   3 490   0   2   4   5   1   2   6   4
Pudel1   1   2   2   1   5  27   2   1   1   1 BWL   8  16   1   2 460   0   4   5   1   2   6   3   4
Pudel1   1   2   2   1   5  27   2   1   1   1 BWL   8  17   1   5 670   0   2   4   5   1   2   6   4
Pudel1   1   2   2   1   5  27   2   1   1   1 BWL   8  18   1   3 550   0   1   2   6   3   4   1   5
Pudel1   1   2   2   1   5  27   2   1   1   1 BWL   8  19   1   3 600   0   1   3   2   4   5   1   3
Pudel1   1   2   2   1   5  27   2   1   1   1 BWL   8  20   1   5 540   0   3   2   4   5   1   2   5
Pudel1   1   2   2   1   5  27   2   1   1   1 BWL   8  21   1   3 560   0   1   2   6   3   4   1   3
Pudel1   1   2   2   1   5  27   2   1   1   1 BWL   8  22   1   2 510   1   3   2   4   5   1   2   5
Pudel1   1   2   2   1   5  27   2   1   1   1 BWL   8  23   1   5 390   1   6   1   3   2   4   5   3
Pudel1   1   2   2   1   5  27   2   1   1   1 BWL   8  24   1   2 660   0   5   1   2   6   3   4   3
Pudel1   1   2   2   1   5  27   2   1   1   1 BWL   8  25   1   6 680   0   5   6   1   3   2   4   4
Pudel1   1   2   2   1   5  27   2   1   1   1 BWL   8  26   1   2 640   0   6   1   3   2   4   5   4
Pudel1   1   2   2   1   5  27   2   1   1   1 BWL   8  27   1   2 500   0   6   1   3   2   4   5   4
Pudel1   1   2   2   1   5  27   2   1   1   1 BWL   8  28   1   2 490   1   3   2   4   5   1   2   4
Pudel1   1   2   2   1   5  27   2   1   1   1 BWL   8  29   1   6 550   0   5   6   1   3   2   4   4
Pudel1   1   2   2   1   5  27   2   1   1   1 BWL   8  30   1   2 510   0   6   1   3   2   4   5   4
Pudel1   1   2   2   1   5  27   2   1   1   1 BWL   8  31   1   3 500   0   1   3   2   4   5   1   4
Pudel1   1   2   2   1   5  27   2   1   1   1 BWL   8  32   1   3 570   0   1   3   2   4   5   1   3
Pudel1   1   2   2   1   5  27   2   1   1   1 BWL   8  33   1   1 600   0   2   4   5   1   2   6   5
Pudel1   1   2   2   1   5  27   2   1   1   1 BWL   8  34   1   2 550   0   6   1   3   2   4   5   4
Pudel1   1   2   2   1   5  27   2   1   1   1 BWL   8  35   1   6 530   0   5   6   1   3   2   4   4
Pudel1   1   2   2   1   5  27   2   1   1   1 BWL   8  36   1   4 480   0   4   5   1   2   6   3   4
Pudel1   1   2   2   1   5  27   2   1   1   1 BWL   8  37   1   1 220   0   2   4   5   1   2   6   5
Pudel1   1   2   2   1   5  27   2   1   1   1 BWL   8  38   1   1 870   0   5   1   2   6   3   4   3
Pudel1   1   2   2   1   5  27   2   1   1   1 BWL   8  39   1   1 1180   1   1   2   6   3   4   1   3
Pudel1   1   2   2   1   5  27   2   1   1   1 BWL   8  40   1   2 560   1   3   2   4   5   1   2   4
Pudel1   1   2   2   1   5  27   2   1   1   1 BWL   8  41   1   1 610   0   5   1   2   6   3   4   5
Pudel1   1   2   2   1   5  27   2   1   1   1 BWL   8  42   1   1 630   1   1   2   6   3   4   1   5
Pudel1   1   2   2   1   5  27   2   1   1   1 BWL   8  43   1   4 550   1   5   1   2   6   3   4   5
Pudel1   1   2   2   1   5  27   2   1   1   1 BWL   8  44   1   2 530   0   6   1   3   2   4   5   4
Pudel1   1   2   2   1   5  27   2   1   1   1 BWL   8  45   1   4 520   1   5   1   2   6   3   4   5
Pudel1   1   2   2   1   5  27   2   1   1   1 BWL   8  46   1   2 460   1   3   2   4   5   1   2   5
Pudel1   1   2   2   1   5  27   2   1   1   1 BWL   8  47   1   1 500   0   2   4   5   1   2   6   5
Pudel1   1   2   2   1   5  27   2   1   1   1 BWL   8  48   1   3 510   1   4   5   1   2   6   3   3
Pudel1   1   2   2   1   5  27   2   1   1   1 BWL   8  49   1   1 530   0   2   4   5   1   2   6   5
Pudel1   1   2   2   1   5  27   2   1   1   1 BWL   8  50   1   2 480   0   1   3   2   4   5   1   5
Pudel1   1   2   2   1   5  27   2   1   1   1 BWL   8  51   1   2 430   0   1   3   2   4   5   1   5
Pudel1   1   2   2   1   5  27   2   1   1   1 BWL   8  52   1   2 480   0   1   2   6   3   4   1   3
Pudel1   1   2   2   1   5  27   2   1   1   1 BWL   8  53   1   6 600   1   2   4   5   1   2   6   3
Pudel1   1   2   2   1   5  27   2   1   1   1 BWL   8  54   1   3 720   0   1   3   2   4   5   1   4
Pudel1   1   2   2   1   5  27   2   1   1   1 BWL   8  55   1   1 480   1   1   3   2   4   5   1   5
Pudel1   1   2   2   1   5  27   2   1   1   1 BWL   8  56   1   5 470   1   6   1   3   2   4   5   5
Pudel1   1   2   2   1   5  27   2   1   1   1 BWL   8  57   1   4 740   0   4   5   1   2   6   3   4
Pudel1   1   2   2   1   5  27   2   1   1   1 BWL   8  58   1   2 520   0   1   2   6   3   4   1   4
Pudel1   1   2   2   1   5  27   2   1   1   1 BWL   8  59   1   2 490   0   1   2   6   3   4   1   4
Pudel1   1   2   2   1   5  27   2   1   1   1 BWL   8  60   1   3 530   1   4   5   1   2   6   3   3
Pudel1   1   2   2   1   5  27   2   1   1   1 BWL   8  61   1   3 550   0   3   2   4   5   1   2   5
Pudel1   1   2   2   1   5  27   2   1   1   1 BWL   8  62   1   1 521   0   3   2   4   5   1   2   3
Pudel1   1   2   2   1   5  27   2   1   1   1 BWL   8  63   1   5 410   1   6   1   3   2   4   5   5
Pudel1   1   2   2   1   5  27   2   1   1   1 BWL   8  64   1   2 370   0   1   2   6   3   4   1   3
Pudel1   1   2   2   1   5  27   2   1   1   1 BWL   8  65   1   4 460   0   2   4   5   1   2   6   4
Pudel1   1   2   2   1   5  27   2   1   1   1 BWL   8  66   1   3 440   0   5   6   1   3   2   4   3
Pudel1   1   2   2   1   5  27   2   1   1   1 BWL   8  67   1   2 500   0   1   3   2   4   5   1   5
Pudel1   1   2   2   1   5  27   2   1   1   1 BWL   8  68   1   2 480   0   1   2   6   3   4   1   4
Pudel1   1   2   2   1   5  27   2   1   1   1 BWL   8  69   1   5 510   0   3   2   4   5   1   2   5
Pudel1   1   2   2   1   5  27   2   1   1   1 BWL   8  70   1   2 590   1   3   2   4   5   1   2   4
Pudel1   1   2   2   1   5  27   2   1   1   1 BWL   8  71   1   2 450   0   6   1   3   2   4   5   4
Pudel1   1   2   2   1   5  27   2   1   1   1 BWL   8  72   1   2 360   0   6   1   3   2   4   5   4
Pudel1   1   2   2   1   5  27   2   1   1   1 BWL   8  73   1   2 240   0   6   1   3   2   4   5   4
Pudel1   1   2   2   1   5  27   2   1   1   1 BWL   8  74   1   5 230   0   2   4   5   1   2   6   4
Pudel1   1   2   2   1   5  27   2   1   1   1 BWL   8  75   1   6 980   0   3   2   4   5   1   2   3
Pudel1   1   2   2   1   5  27   2   1   1   1 BWL   8  76   1   4 1120   0   1   3   2   4   5   1   3
Pudel1   1   2   2   1   5  27   2   1   1   1 BWL   8  77   1   6 740   1   2   4   5   1   2   6   3
Pudel1   1   2   2   1   5  27   2   1   1   1 BWL   8  78   1   5 620   1   6   1   3   2   4   5   5
Pudel1   1   2   2   1   5  27   2   1   1   1 BWL   8  79   1   2 720   0   5   1   2   6   3   4   3
Pudel1   1   2   2   1   5  27   2   1   1   1 BWL   8  80   1   4 550   0   4   5   1   2   6   3   5
Pudel1   1   2   2   1   5  27   2   1   1   1 BWL   8  81   1   6 750   1   2   4   5   1   2   6   3
Pudel1   1   2   2   1   5  27   2   1   1   1 BWL   8  82   1   6 530   0   5   6   1   3   2   4   5
Pudel1   1   2   2   1   5  27   2   1   1   1 BWL   8  83   1   5 490   0   5   1   2   6   3   4   5
Pudel1   1   2   2   1   5  27   2   1   1   1 BWL   8  84   1   4 470   1   5   1   2   6   3   4   3
Pudel1   1   2   2   1   5  27   2   1   1   1 BWL   8  85   1   6 550   0   1   3   2   4   5   1   5
Pudel1   1   2   2   1   5  27   2   1   1   1 BWL   8  86   1   5 630   0   3   2   4   5   1   2   4
Pudel1   1   2   2   1   5  27   2   1   1   1 BWL   8  87   1   5 190   0   4   5   1   2   6   3   3
Pudel1   1   2   2   1   5  27   2   1   1   1 BWL   8  88   1   2 490   0   1   2   6   3   4   1   4
Pudel1   1   2   2   1   5  27   2   1   1   1 BWL   8  89   1   6 410   0   3   2   4   5   1   2   3
Pudel1   1   2   2   1   5  27   2   1   1   1 BWL   8  90   1   6 190   0   5   6   1   3   2   4   3
Pudel1   1   2   2   1   5  27   2   1   1   1 BWL   8  91   1   5 190   1   6   1   3   2   4   5   3
Pudel1   1   2   2   1   5  27   2   1   1   1 BWL   8  92   1   5 430   0   4   5   1   2   6   3   3
Pudel1   1   2   2   1   5  27   2   1   1   1 BWL   8  93   1   1 270   0   2   4   5   1   2   6   3
Pudel1   1   2   2   1   5  27   2   1   1   1 BWL   8  94   1   5 560   0   1   2   6   3   4   1   5
Pudel1   1   2   2   1   5  27   2   1   1   1 BWL   8  95   1   6 500   1   2   4   5   1   2   6   5
Pudel1   1   2   2   1   5  27   2   1   1   1 BWL   8  96   1   1 480   1   1   3   2   4   5   1   5
Pudel1   1   2   2   1   5  27   2   1   1   1 BWL   8  97   1   5 430   0   5   6   1   3   2   4   4
Pudel1   1   2   2   1   5  27   2   1   1   1 BWL   8  98   1   5 290   0   4   5   1   2   6   3   4
Pudel1   1   2   2   1   5  27   2   1   1   1 BWL   8  99   1   6 380   1   2   4   5   1   2   6   3
Pudel1   1   2   2   1   5  27   2   1   1   1 BWL   8 100   1   4 410   1   5   6   1   3   2   4   3
Pudel1   1   2   2   1   5  27   2   1   1   1 BWL   8 101   1   2 560   0   1   3   2   4   5   1   3
Pudel1   1   2   2   1   5  27   2   1   1   1 BWL   8 102   1   1  20   0   4   5   1   2   6   3   5
Pudel1   1   2   2   1   5  27   2   1   1   1 BWL   8 103   1   6 480   0   5   1   2   6   3   4   4
Pudel1   1   2   2   1   5  27   2   1   1   1 BWL   8 104   1   6 450   0   3   2   4   5   1   2   4
Pudel1   1   2   2   1   5  27   2   1   1   1 BWL   8 105   1   6 390   0   5   1   2   6   3   4   5
Pudel1   1   2   2   1   5  27   2   1   1   1 BWL   8 106   1   2 250   0   1   2   6   3   4   1   3
Pudel1   1   2   2   1   5  27   2   1   1   1 BWL   8 107   1   6 160   0   5   6   1   3   2   4   5
Pudel1   1   2   2   1   5  27   2   1   1   1 BWL   8 108   1   3 230   0   2   4   5   1   2   6   4
Pudel1   1   2   2   1   5  27   2   1   1   1 BWL   8 109   1   6 651   0   6   1   3   2   4   5   5
Pudel1   1   2   2   1   5  27   2   1   1   1 BWL   8 110   1   6 210   0   3   2   4   5   1   2   5
Pudel1   1   2   2   1   5  27   2   1   1   1 BWL   8 111   1   4 260   0   4   5   1   2   6   3   3
Pudel1   1   2   2   1   5  27   2   1   1   1 BWL   8 112   1   6 160   0   5   6   1   3   2   4   5
Pudel1   1   2   2   1   5  27   2   1   1   1 BWL   8 113   1   4 220   0   4   5   1   2   6   3   3
Pudel1   1   2   2   1   5  27   2   1   1   1 BWL   8 114   1   4 220   0   4   5   1   2   6   3   3
Pudel1   1   2   2   1   5  27   2   1   1   1 BWL   8 115   1   1 650   0   6   1   3   2   4   5   5
Pudel1   1   2   2   1   5  27   2   1   1   1 BWL   8 116   1   4 280   1   5   1   2   6   3   4   3
Pudel1   1   2   2   1   5  27   2   1   1   1 BWL   8 117   1   6 240   0   1   2   6   3   4   1   5
Pudel1   1   2   2   1   5  27   2   1   1   1 BWL   8 118   1   6 320   0   5   1   2   6   3   4   3
Pudel1   1   2   2   1   5  27   2   1   1   1 BWL   8 119   1   1 190   1   1   3   2   4   5   1   3
Pudel1   1   2   2   1   5  27   2   1   1   1 BWL   8 120   1   1 150   0   4   5   1   2   6   3   5
