Pudel1 103   2   1   2   4  24   1   1   1   1 BWL   1   1   4 1123   4   1
Pudel1 103   2   1   2   4  24   1   1   1   1 BWL   1   2   6 809   6   1
Pudel1 103   2   1   2   4  24   1   1   1   1 BWL   1   3   2 792   2   1
Pudel1 103   2   1   2   4  24   1   1   1   1 BWL   1   4   3 826   3   1
Pudel1 103   2   1   2   4  24   1   1   1   1 BWL   1   5   5 779   5   1
Pudel1 103   2   1   2   4  24   1   1   1   1 BWL   1   6   6 677   6   1
Pudel1 103   2   1   2   4  24   1   1   1   1 BWL   1   7   2 741   2   1
Pudel1 103   2   1   2   4  24   1   1   1   1 BWL   1   8   1 699   1   1
Pudel1 103   2   1   2   4  24   1   1   1   1 BWL   1   9   5 951   5   1
Pudel1 103   2   1   2   4  24   1   1   1   1 BWL   1  10   4 828   4   1
Pudel1 103   2   1   2   4  24   1   1   1   1 BWL   1  11   2 760   2   1
Pudel1 103   2   1   2   4  24   1   1   1   1 BWL   1  12   6 750   6   1
Pudel1 103   2   1   2   4  24   1   1   1   1 BWL   1  13   3 779   3   1
Pudel1 103   2   1   2   4  24   1   1   1   1 BWL   1  14   4 744   4   1
Pudel1 103   2   1   2   4  24   1   1   1   1 BWL   1  15   1 732   1   1
Pudel1 103   2   1   2   4  24   1   1   1   1 BWL   1  16   2 762   2   1
Pudel1 103   2   1   2   4  24   1   1   1   1 BWL   1  17   4 917   4   1
Pudel1 103   2   1   2   4  24   1   1   1   1 BWL   1  18   1 766   1   1
Pudel1 103   2   1   2   4  24   1   1   1   1 BWL   1  19   3 865   3   1
Pudel1 103   2   1   2   4  24   1   1   1   1 BWL   1  20   2 795   2   1
Pudel1 103   2   1   2   4  24   1   1   1   1 BWL   1  21   5 791   5   1
Pudel1 103   2   1   2   4  24   1   1   1   1 BWL   1  22   4 895   4   1
Pudel1 103   2   1   2   4  24   1   1   1   1 BWL   1  23   6 706   6   1
Pudel1 103   2   1   2   4  24   1   1   1   1 BWL   1  24   5 758   5   1
Pudel1 103   2   1   2   4  24   1   1   1   1 BWL   1  25   4 651   4   1
Pudel1 103   2   1   2   4  24   1   1   1   1 BWL   1  26   1 721   1   1
Pudel1 103   2   1   2   4  24   1   1   1   1 BWL   1  27   2 654   2   1
Pudel1 103   2   1   2   4  24   1   1   1   1 BWL   1  28   3 672   3   1
Pudel1 103   2   1   2   4  24   1   1   1   1 BWL   1  29   5 735   5   1
Pudel1 103   2   1   2   4  24   1   1   1   1 BWL   1  30   6 643   6   1
Pudel1 103   2   1   2   4  24   1   1   1   1 BWL   1  31   1 726   1   1
Pudel1 103   2   1   2   4  24   1   1   1   1 BWL   1  32   4 809   4   1
Pudel1 103   2   1   2   4  24   1   1   1   1 BWL   1  33   5 734   5   1
Pudel1 103   2   1   2   4  24   1   1   1   1 BWL   1  34   6 631   6   1
Pudel1 103   2   1   2   4  24   1   1   1   1 BWL   1  35   1 662   1   1
Pudel1 103   2   1   2   4  24   1   1   1   1 BWL   1  36   5 891   5   1
Pudel1 103   2   1   2   4  24   1   1   1   1 BWL   1  37   3 815   3   1
Pudel1 103   2   1   2   4  24   1   1   1   1 BWL   1  38   6 703   6   1
Pudel1 103   2   1   2   4  24   1   1   1   1 BWL   1  39   2 669   2   1
Pudel1 103   2   1   2   4  24   1   1   1   1 BWL   1  40   4 787   4   1
Pudel1 103   2   1   2   4  24   1   1   1   1 BWL   1  41   3 805   3   1
Pudel1 103   2   1   2   4  24   1   1   1   1 BWL   1  42   2 649   2   1
Pudel1 103   2   1   2   4  24   1   1   1   1 BWL   1  43   5 792   5   1
Pudel1 103   2   1   2   4  24   1   1   1   1 BWL   1  44   6 699   6   1
Pudel1 103   2   1   2   4  24   1   1   1   1 BWL   1  45   1 679   1   1
Pudel1 103   2   1   2   4  24   1   1   1   1 BWL   1  46   2 609   2   1
Pudel1 103   2   1   2   4  24   1   1   1   1 BWL   1  47   4 834   4   1
Pudel1 103   2   1   2   4  24   1   1   1   1 BWL   1  48   5 584   5   1
Pudel1 103   2   1   2   4  24   1   1   1   1 BWL   1  49   3 745   3   1
Pudel1 103   2   1   2   4  24   1   1   1   1 BWL   1  50   6 702   6   1
Pudel1 103   2   1   2   4  24   1   1   1   1 BWL   1  51   1 671   1   1
Pudel1 103   2   1   2   4  24   1   1   1   1 BWL   1  52   4 745   4   1
Pudel1 103   2   1   2   4  24   1   1   1   1 BWL   1  53   5 679   5   1
Pudel1 103   2   1   2   4  24   1   1   1   1 BWL   1  54   1 729   1   1
Pudel1 103   2   1   2   4  24   1   1   1   1 BWL   1  55   6 710   6   1
Pudel1 103   2   1   2   4  24   1   1   1   1 BWL   1  56   3 886   3   1
Pudel1 103   2   1   2   4  24   1   1   1   1 BWL   1  57   1 693   1   1
Pudel1 103   2   1   2   4  24   1   1   1   1 BWL   1  58   5 805   5   1
Pudel1 103   2   1   2   4  24   1   1   1   1 BWL   1  59   2 808   2   1
Pudel1 103   2   1   2   4  24   1   1   1   1 BWL   1  60   1 703   1   1
Pudel1 103   2   1   2   4  24   1   1   1   1 BWL   1  61   5 760   5   1
Pudel1 103   2   1   2   4  24   1   1   1   1 BWL   1  62   4 675   4   1
Pudel1 103   2   1   2   4  24   1   1   1   1 BWL   1  63   3 723   3   1
Pudel1 103   2   1   2   4  24   1   1   1   1 BWL   1  64   5 761   5   1
Pudel1 103   2   1   2   4  24   1   1   1   1 BWL   1  65   3 819   4   0
Pudel1 103   2   1   2   4  24   1   1   1   1 BWL   1  66   1 821   1   1
Pudel1 103   2   1   2   4  24   1   1   1   1 BWL   1  67   2 660   2   1
Pudel1 103   2   1   2   4  24   1   1   1   1 BWL   1  68   4 688   4   1
Pudel1 103   2   1   2   4  24   1   1   1   1 BWL   1  69   6 682   6   1
Pudel1 103   2   1   2   4  24   1   1   1   1 BWL   1  70   1 714   1   1
Pudel1 103   2   1   2   4  24   1   1   1   1 BWL   1  71   2 580   2   1
Pudel1 103   2   1   2   4  24   1   1   1   1 BWL   1  72   6 754   6   1
Pudel1 103   2   1   2   4  24   1   1   1   1 BWL   1  73   1 669   1   1
Pudel1 103   2   1   2   4  24   1   1   1   1 BWL   1  74   2 693   2   1
Pudel1 103   2   1   2   4  24   1   1   1   1 BWL   1  75   4 779   4   1
Pudel1 103   2   1   2   4  24   1   1   1   1 BWL   1  76   1 681   1   1
Pudel1 103   2   1   2   4  24   1   1   1   1 BWL   1  77   5 846   5   1
Pudel1 103   2   1   2   4  24   1   1   1   1 BWL   1  78   4 849   4   1
Pudel1 103   2   1   2   4  24   1   1   1   1 BWL   1  79   1 693   1   1
Pudel1 103   2   1   2   4  24   1   1   1   1 BWL   1  80   5 780   5   1
Pudel1 103   2   1   2   4  24   1   1   1   1 BWL   1  81   2 849   2   1
Pudel1 103   2   1   2   4  24   1   1   1   1 BWL   1  82   1 692   1   1
Pudel1 103   2   1   2   4  24   1   1   1   1 BWL   1  83   3 799   3   1
Pudel1 103   2   1   2   4  24   1   1   1   1 BWL   1  84   6 672   6   1
Pudel1 103   2   1   2   4  24   1   1   1   1 BWL   1  85   2 673   2   1
Pudel1 103   2   1   2   4  24   1   1   1   1 BWL   1  86   5 756   5   1
Pudel1 103   2   1   2   4  24   1   1   1   1 BWL   1  87   1 757   1   1
Pudel1 103   2   1   2   4  24   1   1   1   1 BWL   1  88   2 743   2   1
Pudel1 103   2   1   2   4  24   1   1   1   1 BWL   1  89   4 768   4   1
Pudel1 103   2   1   2   4  24   1   1   1   1 BWL   1  90   3 800   3   1
Pudel1 103   2   1   2   4  24   1   1   1   1 BWL   1  91   5 725   5   1
Pudel1 103   2   1   2   4  24   1   1   1   1 BWL   1  92   2 791   2   1
Pudel1 103   2   1   2   4  24   1   1   1   1 BWL   1  93   4 758   4   1
Pudel1 103   2   1   2   4  24   1   1   1   1 BWL   1  94   6 699   6   1
Pudel1 103   2   1   2   4  24   1   1   1   1 BWL   1  95   2 657   2   1
Pudel1 103   2   1   2   4  24   1   1   1   1 BWL   1  96   5 724   5   1
Pudel1 103   2   1   2   4  24   1   1   1   1 BWL   1  97   6 691   6   1
Pudel1 103   2   1   2   4  24   1   1   1   1 BWL   1  98   4 692   4   1
Pudel1 103   2   1   2   4  24   1   1   1   1 BWL   1  99   1 666   1   1
Pudel1 103   2   1   2   4  24   1   1   1   1 BWL   1 100   3 569   3   1
Pudel1 103   2   1   2   4  24   1   1   1   1 BWL   1 101   4 628   4   1
Pudel1 103   2   1   2   4  24   1   1   1   1 BWL   1 102   6 625   6   1
Pudel1 103   2   1   2   4  24   1   1   1   1 BWL   1 103   1 686   1   1
Pudel1 103   2   1   2   4  24   1   1   1   1 BWL   1 104   4 722   4   1
Pudel1 103   2   1   2   4  24   1   1   1   1 BWL   1 105   5 685   5   1
Pudel1 103   2   1   2   4  24   1   1   1   1 BWL   1 106   2 871   2   1
Pudel1 103   2   1   2   4  24   1   1   1   1 BWL   1 107   1 707   1   1
Pudel1 103   2   1   2   4  24   1   1   1   1 BWL   1 108   6 735   6   1
Pudel1 103   2   1   2   4  24   1   1   1   1 BWL   1 109   5 660   5   1
Pudel1 103   2   1   2   4  24   1   1   1   1 BWL   1 110   2 835   2   1
Pudel1 103   2   1   2   4  24   1   1   1   1 BWL   1 111   6 746   6   1
Pudel1 103   2   1   2   4  24   1   1   1   1 BWL   1 112   5 707   5   1
Pudel1 103   2   1   2   4  24   1   1   1   1 BWL   1 113   2 737   2   1
Pudel1 103   2   1   2   4  24   1   1   1   1 BWL   1 114   3 532   3   1
Pudel1 103   2   1   2   4  24   1   1   1   1 BWL   1 115   1 736   1   1
Pudel1 103   2   1   2   4  24   1   1   1   1 BWL   1 116   5 745   5   1
Pudel1 103   2   1   2   4  24   1   1   1   1 BWL   1 117   3 697   2   0
Pudel1 103   2   1   2   4  24   1   1   1   1 BWL   1 118   2 440   3   0
Pudel1 103   2   1   2   4  24   1   1   1   1 BWL   1 119   5 830   5   1
Pudel1 103   2   1   2   4  24   1   1   1   1 BWL   1 120   4 707   4   1
Pudel1 103   2   1   2   4  24   1   1   1   1 BWL   1 121   3 732   3   1
Pudel1 103   2   1   2   4  24   1   1   1   1 BWL   1 122   5 766   5   1
Pudel1 103   2   1   2   4  24   1   1   1   1 BWL   1 123   1 816   1   1
Pudel1 103   2   1   2   4  24   1   1   1   1 BWL   1 124   6 704   6   1
Pudel1 103   2   1   2   4  24   1   1   1   1 BWL   1 125   4 833   4   1
Pudel1 103   2   1   2   4  24   1   1   1   1 BWL   1 126   5 667   5   1
Pudel1 103   2   1   2   4  24   1   1   1   1 BWL   1 127   6 638   6   1
Pudel1 103   2   1   2   4  24   1   1   1   1 BWL   1 128   2 694   2   1
Pudel1 103   2   1   2   4  24   1   1   1   1 BWL   1 129   3 730   3   1
Pudel1 103   2   1   2   4  24   1   1   1   1 BWL   1 130   6 747   6   1
Pudel1 103   2   1   2   4  24   1   1   1   1 BWL   1 131   5 600   5   1
Pudel1 103   2   1   2   4  24   1   1   1   1 BWL   1 132   1 643   1   1
Pudel1 103   2   1   2   4  24   1   1   1   1 BWL   1 133   4 1027   4   1
Pudel1 103   2   1   2   4  24   1   1   1   1 BWL   1 134   3 796   3   1
Pudel1 103   2   1   2   4  24   1   1   1   1 BWL   1 135   1 733   1   1
Pudel1 103   2   1   2   4  24   1   1   1   1 BWL   1 136   6 752   6   1
Pudel1 103   2   1   2   4  24   1   1   1   1 BWL   1 137   4 730   4   1
Pudel1 103   2   1   2   4  24   1   1   1   1 BWL   1 138   3 920   3   1
Pudel1 103   2   1   2   4  24   1   1   1   1 BWL   1 139   1 691   1   1
Pudel1 103   2   1   2   4  24   1   1   1   1 BWL   1 140   2 726   2   1
Pudel1 103   2   1   2   4  24   1   1   1   1 BWL   1 141   6 683   6   1
Pudel1 103   2   1   2   4  24   1   1   1   1 BWL   1 142   5 753   4   0
Pudel1 103   2   1   2   4  24   1   1   1   1 BWL   1 143   1 744   1   1
Pudel1 103   2   1   2   4  24   1   1   1   1 BWL   1 144   2 713   2   1
Pudel1 103   2   1   2   4  24   1   1   1   1 BWL   2   1   5 1023   5   1
Pudel1 103   2   1   2   4  24   1   1   1   1 BWL   2   2   6 592   6   1
Pudel1 103   2   1   2   4  24   1   1   1   1 BWL   2   3   3 803   3   1
Pudel1 103   2   1   2   4  24   1   1   1   1 BWL   2   4   2 664   2   1
Pudel1 103   2   1   2   4  24   1   1   1   1 BWL   2   5   6 713   6   1
Pudel1 103   2   1   2   4  24   1   1   1   1 BWL   2   6   4 794   4   1
Pudel1 103   2   1   2   4  24   1   1   1   1 BWL   2   7   2 716   2   1
Pudel1 103   2   1   2   4  24   1   1   1   1 BWL   2   8   1 651   1   1
Pudel1 103   2   1   2   4  24   1   1   1   1 BWL   2   9   5 771   4   0
Pudel1 103   2   1   2   4  24   1   1   1   1 BWL   2  10   3 879   3   1
Pudel1 103   2   1   2   4  24   1   1   1   1 BWL   2  11   2 669   2   1
Pudel1 103   2   1   2   4  24   1   1   1   1 BWL   2  12   1 554   1   1
Pudel1 103   2   1   2   4  24   1   1   1   1 BWL   2  13   5 736   5   1
Pudel1 103   2   1   2   4  24   1   1   1   1 BWL   2  14   4 695   4   1
Pudel1 103   2   1   2   4  24   1   1   1   1 BWL   2  15   3 666   3   1
Pudel1 103   2   1   2   4  24   1   1   1   1 BWL   2  16   6 726   5   0
Pudel1 103   2   1   2   4  24   1   1   1   1 BWL   2  17   1 794   1   1
Pudel1 103   2   1   2   4  24   1   1   1   1 BWL   2  18   6 779   6   1
Pudel1 103   2   1   2   4  24   1   1   1   1 BWL   2  19   4 944   4   1
Pudel1 103   2   1   2   4  24   1   1   1   1 BWL   2  20   3 825   3   1
Pudel1 103   2   1   2   4  24   1   1   1   1 BWL   2  21   6 779   6   1
Pudel1 103   2   1   2   4  24   1   1   1   1 BWL   2  22   5 773   5   1
Pudel1 103   2   1   2   4  24   1   1   1   1 BWL   2  23   1 758   1   1
Pudel1 103   2   1   2   4  24   1   1   1   1 BWL   2  24   2 650   2   1
Pudel1 103   2   1   2   4  24   1   1   1   1 BWL   2  25   4 822   4   1
Pudel1 103   2   1   2   4  24   1   1   1   1 BWL   2  26   3 800   3   1
Pudel1 103   2   1   2   4  24   1   1   1   1 BWL   2  27   2 657   2   1
Pudel1 103   2   1   2   4  24   1   1   1   1 BWL   2  28   5 855   5   1
Pudel1 103   2   1   2   4  24   1   1   1   1 BWL   2  29   6 751   6   1
Pudel1 103   2   1   2   4  24   1   1   1   1 BWL   2  30   3 809   3   1
Pudel1 103   2   1   2   4  24   1   1   1   1 BWL   2  31   4 870   4   1
Pudel1 103   2   1   2   4  24   1   1   1   1 BWL   2  32   6 830   6   1
Pudel1 103   2   1   2   4  24   1   1   1   1 BWL   2  33   1 757   1   1
Pudel1 103   2   1   2   4  24   1   1   1   1 BWL   2  34   4 841   4   1
Pudel1 103   2   1   2   4  24   1   1   1   1 BWL   2  35   6 779   6   1
Pudel1 103   2   1   2   4  24   1   1   1   1 BWL   2  36   2 844   2   1
Pudel1 103   2   1   2   4  24   1   1   1   1 BWL   2  37   3 708   3   1
Pudel1 103   2   1   2   4  24   1   1   1   1 BWL   2  38   1 817   1   1
Pudel1 103   2   1   2   4  24   1   1   1   1 BWL   2  39   4 746   4   1
Pudel1 103   2   1   2   4  24   1   1   1   1 BWL   2  40   5 647   5   1
Pudel1 103   2   1   2   4  24   1   1   1   1 BWL   2  41   2 958   2   1
Pudel1 103   2   1   2   4  24   1   1   1   1 BWL   2  42   6 720   6   1
Pudel1 103   2   1   2   4  24   1   1   1   1 BWL   2  43   3 813   3   1
Pudel1 103   2   1   2   4  24   1   1   1   1 BWL   2  44   2 778   2   1
Pudel1 103   2   1   2   4  24   1   1   1   1 BWL   2  45   5 759   5   1
Pudel1 103   2   1   2   4  24   1   1   1   1 BWL   2  46   3 799   3   1
Pudel1 103   2   1   2   4  24   1   1   1   1 BWL   2  47   1 731   1   1
Pudel1 103   2   1   2   4  24   1   1   1   1 BWL   2  48   4 809   4   1
Pudel1 103   2   1   2   4  24   1   1   1   1 BWL   2  49   6 655   6   1
Pudel1 103   2   1   2   4  24   1   1   1   1 BWL   2  50   3 764   3   1
Pudel1 103   2   1   2   4  24   1   1   1   1 BWL   2  51   2 687   2   1
Pudel1 103   2   1   2   4  24   1   1   1   1 BWL   2  52   1 646   1   1
Pudel1 103   2   1   2   4  24   1   1   1   1 BWL   2  53   6 763   6   1
Pudel1 103   2   1   2   4  24   1   1   1   1 BWL   2  54   5 709   5   1
Pudel1 103   2   1   2   4  24   1   1   1   1 BWL   2  55   3 708   3   1
Pudel1 103   2   1   2   4  24   1   1   1   1 BWL   2  56   4 728   4   1
Pudel1 103   2   1   2   4  24   1   1   1   1 BWL   2  57   1 693   1   1
Pudel1 103   2   1   2   4  24   1   1   1   1 BWL   2  58   6 761   6   1
Pudel1 103   2   1   2   4  24   1   1   1   1 BWL   2  59   2 711   2   1
Pudel1 103   2   1   2   4  24   1   1   1   1 BWL   2  60   5 929   5   1
Pudel1 103   2   1   2   4  24   1   1   1   1 BWL   2  61   4 797   4   1
Pudel1 103   2   1   2   4  24   1   1   1   1 BWL   2  62   2 806   2   1
Pudel1 103   2   1   2   4  24   1   1   1   1 BWL   2  63   3 607   3   1
Pudel1 103   2   1   2   4  24   1   1   1   1 BWL   2  64   6 705   6   1
Pudel1 103   2   1   2   4  24   1   1   1   1 BWL   2  65   1 695   1   1
Pudel1 103   2   1   2   4  24   1   1   1   1 BWL   2  66   5 881   5   1
Pudel1 103   2   1   2   4  24   1   1   1   1 BWL   2  67   6 761   6   1
Pudel1 103   2   1   2   4  24   1   1   1   1 BWL   2  68   1 745   1   1
Pudel1 103   2   1   2   4  24   1   1   1   1 BWL   2  69   5 957   5   1
Pudel1 103   2   1   2   4  24   1   1   1   1 BWL   2  70   4 744   4   1
Pudel1 103   2   1   2   4  24   1   1   1   1 BWL   2  71   1 851   1   1
Pudel1 103   2   1   2   4  24   1   1   1   1 BWL   2  72   5 937   5   1
Pudel1 103   2   1   2   4  24   1   1   1   1 BWL   2  73   3 892   3   1
Pudel1 103   2   1   2   4  24   1   1   1   1 BWL   2  74   2 790   2   1
Pudel1 103   2   1   2   4  24   1   1   1   1 BWL   2  75   1 673   1   1
Pudel1 103   2   1   2   4  24   1   1   1   1 BWL   2  76   5 801   5   1
Pudel1 103   2   1   2   4  24   1   1   1   1 BWL   2  77   3 778   3   1
Pudel1 103   2   1   2   4  24   1   1   1   1 BWL   2  78   4 876   4   1
Pudel1 103   2   1   2   4  24   1   1   1   1 BWL   2  79   5 685   5   1
Pudel1 103   2   1   2   4  24   1   1   1   1 BWL   2  80   1 832   1   1
Pudel1 103   2   1   2   4  24   1   1   1   1 BWL   2  81   3 680   3   1
Pudel1 103   2   1   2   4  24   1   1   1   1 BWL   2  82   5 736   5   1
Pudel1 103   2   1   2   4  24   1   1   1   1 BWL   2  83   4 854   4   1
Pudel1 103   2   1   2   4  24   1   1   1   1 BWL   2  84   1 747   1   1
Pudel1 103   2   1   2   4  24   1   1   1   1 BWL   2  85   3 703   3   1
Pudel1 103   2   1   2   4  24   1   1   1   1 BWL   2  86   4 658   4   1
Pudel1 103   2   1   2   4  24   1   1   1   1 BWL   2  87   1 738   1   1
Pudel1 103   2   1   2   4  24   1   1   1   1 BWL   2  88   5 832   5   1
Pudel1 103   2   1   2   4  24   1   1   1   1 BWL   2  89   3 715   3   1
Pudel1 103   2   1   2   4  24   1   1   1   1 BWL   2  90   2 600   2   1
Pudel1 103   2   1   2   4  24   1   1   1   1 BWL   2  91   1 615   1   1
Pudel1 103   2   1   2   4  24   1   1   1   1 BWL   2  92   4 763   4   1
Pudel1 103   2   1   2   4  24   1   1   1   1 BWL   2  93   3 791   3   1
Pudel1 103   2   1   2   4  24   1   1   1   1 BWL   2  94   6 744   5   0
Pudel1 103   2   1   2   4  24   1   1   1   1 BWL   2  95   2 982   2   1
Pudel1 103   2   1   2   4  24   1   1   1   1 BWL   2  96   1 767   1   1
Pudel1 103   2   1   2   4  24   1   1   1   1 BWL   2  97   3 722   3   1
Pudel1 103   2   1   2   4  24   1   1   1   1 BWL   2  98   2 849   2   1
Pudel1 103   2   1   2   4  24   1   1   1   1 BWL   2  99   4 795   4   1
Pudel1 103   2   1   2   4  24   1   1   1   1 BWL   2 100   6 790   6   1
Pudel1 103   2   1   2   4  24   1   1   1   1 BWL   2 101   1 753   1   1
Pudel1 103   2   1   2   4  24   1   1   1   1 BWL   2 102   4 797   4   1
Pudel1 103   2   1   2   4  24   1   1   1   1 BWL   2 103   3 709   3   1
Pudel1 103   2   1   2   4  24   1   1   1   1 BWL   2 104   1 820   1   1
Pudel1 103   2   1   2   4  24   1   1   1   1 BWL   2 105   6 799   6   1
Pudel1 103   2   1   2   4  24   1   1   1   1 BWL   2 106   3 752   3   1
Pudel1 103   2   1   2   4  24   1   1   1   1 BWL   2 107   5 908   5   1
Pudel1 103   2   1   2   4  24   1   1   1   1 BWL   2 108   2 859   2   1
Pudel1 103   2   1   2   4  24   1   1   1   1 BWL   2 109   6 759   6   1
Pudel1 103   2   1   2   4  24   1   1   1   1 BWL   2 110   1 846   1   1
Pudel1 103   2   1   2   4  24   1   1   1   1 BWL   2 111   5 924   5   1
Pudel1 103   2   1   2   4  24   1   1   1   1 BWL   2 112   4 765   4   1
Pudel1 103   2   1   2   4  24   1   1   1   1 BWL   2 113   1 706   1   1
Pudel1 103   2   1   2   4  24   1   1   1   1 BWL   2 114   5 739   5   1
Pudel1 103   2   1   2   4  24   1   1   1   1 BWL   2 115   3 724   3   1
Pudel1 103   2   1   2   4  24   1   1   1   1 BWL   2 116   6 710   6   1
Pudel1 103   2   1   2   4  24   1   1   1   1 BWL   2 117   1 744   1   1
Pudel1 103   2   1   2   4  24   1   1   1   1 BWL   2 118   3 899   3   1
Pudel1 103   2   1   2   4  24   1   1   1   1 BWL   2 119   6 777   6   1
Pudel1 103   2   1   2   4  24   1   1   1   1 BWL   2 120   5 784   5   1
Pudel1 103   2   1   2   4  24   1   1   1   1 BWL   2 121   3 817   3   1
Pudel1 103   2   1   2   4  24   1   1   1   1 BWL   2 122   2 623   2   1
Pudel1 103   2   1   2   4  24   1   1   1   1 BWL   2 123   1 666   1   1
Pudel1 103   2   1   2   4  24   1   1   1   1 BWL   2 124   5 750   5   1
Pudel1 103   2   1   2   4  24   1   1   1   1 BWL   2 125   2 823   2   1
Pudel1 103   2   1   2   4  24   1   1   1   1 BWL   2 126   3 744   3   1
Pudel1 103   2   1   2   4  24   1   1   1   1 BWL   2 127   5 741   5   1
Pudel1 103   2   1   2   4  24   1   1   1   1 BWL   2 128   3 797   4   0
Pudel1 103   2   1   2   4  24   1   1   1   1 BWL   2 129   1 831   1   1
Pudel1 103   2   1   2   4  24   1   1   1   1 BWL   2 130   2 738   2   1
Pudel1 103   2   1   2   4  24   1   1   1   1 BWL   2 131   6 711   6   1
Pudel1 103   2   1   2   4  24   1   1   1   1 BWL   2 132   1 657   1   1
Pudel1 103   2   1   2   4  24   1   1   1   1 BWL   2 133   2 709   2   1
Pudel1 103   2   1   2   4  24   1   1   1   1 BWL   2 134   3 638   3   1
Pudel1 103   2   1   2   4  24   1   1   1   1 BWL   2 135   4 671   4   1
Pudel1 103   2   1   2   4  24   1   1   1   1 BWL   2 136   2 848   2   1
Pudel1 103   2   1   2   4  24   1   1   1   1 BWL   2 137   1 550   1   1
Pudel1 103   2   1   2   4  24   1   1   1   1 BWL   2 138   5 756   5   1
Pudel1 103   2   1   2   4  24   1   1   1   1 BWL   2 139   3 711   3   1
Pudel1 103   2   1   2   4  24   1   1   1   1 BWL   2 140   6 725   6   1
Pudel1 103   2   1   2   4  24   1   1   1   1 BWL   2 141   2 714   2   1
Pudel1 103   2   1   2   4  24   1   1   1   1 BWL   2 142   3 632   3   1
Pudel1 103   2   1   2   4  24   1   1   1   1 BWL   2 143   5 625   5   1
Pudel1 103   2   1   2   4  24   1   1   1   1 BWL   2 144   2 839   2   1
Pudel1 103   2   1   2   4  24   1   1   1   1 BWL   3   1   5 843   5   1
Pudel1 103   2   1   2   4  24   1   1   1   1 BWL   3   2   6 745   6   1
Pudel1 103   2   1   2   4  24   1   1   1   1 BWL   3   3   2 753   2   1
Pudel1 103   2   1   2   4  24   1   1   1   1 BWL   3   4   5 799   5   1
Pudel1 103   2   1   2   4  24   1   1   1   1 BWL   3   5   3 964   3   1
Pudel1 103   2   1   2   4  24   1   1   1   1 BWL   3   6   1 685   1   1
Pudel1 103   2   1   2   4  24   1   1   1   1 BWL   3   7   2 716   2   1
Pudel1 103   2   1   2   4  24   1   1   1   1 BWL   3   8   6 738   6   1
Pudel1 103   2   1   2   4  24   1   1   1   1 BWL   3   9   3 880   3   1
Pudel1 103   2   1   2   4  24   1   1   1   1 BWL   3  10   4 870   4   1
Pudel1 103   2   1   2   4  24   1   1   1   1 BWL   3  11   2 770   2   1
Pudel1 103   2   1   2   4  24   1   1   1   1 BWL   3  12   3 708   3   1
Pudel1 103   2   1   2   4  24   1   1   1   1 BWL   3  13   4 829   4   1
Pudel1 103   2   1   2   4  24   1   1   1   1 BWL   3  14   2 706   2   1
Pudel1 103   2   1   2   4  24   1   1   1   1 BWL   3  15   5 863   5   1
Pudel1 103   2   1   2   4  24   1   1   1   1 BWL   3  16   1 675   1   1
Pudel1 103   2   1   2   4  24   1   1   1   1 BWL   3  17   6 746   6   1
Pudel1 103   2   1   2   4  24   1   1   1   1 BWL   3  18   5 697   5   1
Pudel1 103   2   1   2   4  24   1   1   1   1 BWL   3  19   1 670   1   1
Pudel1 103   2   1   2   4  24   1   1   1   1 BWL   3  20   4 703   4   1
Pudel1 103   2   1   2   4  24   1   1   1   1 BWL   3  21   5 701   5   1
Pudel1 103   2   1   2   4  24   1   1   1   1 BWL   3  22   6 590   6   1
Pudel1 103   2   1   2   4  24   1   1   1   1 BWL   3  23   2 681   2   1
Pudel1 103   2   1   2   4  24   1   1   1   1 BWL   3  24   5 716   5   1
Pudel1 103   2   1   2   4  24   1   1   1   1 BWL   3  25   4 661   4   1
Pudel1 103   2   1   2   4  24   1   1   1   1 BWL   3  26   1 738   1   1
Pudel1 103   2   1   2   4  24   1   1   1   1 BWL   3  27   6 694   6   1
Pudel1 103   2   1   2   4  24   1   1   1   1 BWL   3  28   5 730   4   0
Pudel1 103   2   1   2   4  24   1   1   1   1 BWL   3  29   4  58   1   0
Pudel1 103   2   1   2   4  24   1   1   1   1 BWL   3  30   5 659   5   1
Pudel1 103   2   1   2   4  24   1   1   1   1 BWL   3  31   4 638   4   1
Pudel1 103   2   1   2   4  24   1   1   1   1 BWL   3  32   2 797   2   1
Pudel1 103   2   1   2   4  24   1   1   1   1 BWL   3  33   3 694   3   1
Pudel1 103   2   1   2   4  24   1   1   1   1 BWL   3  34   6 703   6   1
Pudel1 103   2   1   2   4  24   1   1   1   1 BWL   3  35   2 741   2   1
Pudel1 103   2   1   2   4  24   1   1   1   1 BWL   3  36   3 749   3   1
Pudel1 103   2   1   2   4  24   1   1   1   1 BWL   3  37   4 777   4   1
Pudel1 103   2   1   2   4  24   1   1   1   1 BWL   3  38   6 687   6   1
Pudel1 103   2   1   2   4  24   1   1   1   1 BWL   3  39   2 758   2   1
Pudel1 103   2   1   2   4  24   1   1   1   1 BWL   3  40   1 730   1   1
Pudel1 103   2   1   2   4  24   1   1   1   1 BWL   3  41   4 807   4   1
Pudel1 103   2   1   2   4  24   1   1   1   1 BWL   3  42   3 904   3   1
Pudel1 103   2   1   2   4  24   1   1   1   1 BWL   3  43   5 791   5   1
Pudel1 103   2   1   2   4  24   1   1   1   1 BWL   3  44   1 799   1   1
Pudel1 103   2   1   2   4  24   1   1   1   1 BWL   3  45   4 850   4   1
Pudel1 103   2   1   2   4  24   1   1   1   1 BWL   3  46   6 723   6   1
Pudel1 103   2   1   2   4  24   1   1   1   1 BWL   3  47   2 730   2   1
Pudel1 103   2   1   2   4  24   1   1   1   1 BWL   3  48   3 646   3   1
Pudel1 103   2   1   2   4  24   1   1   1   1 BWL   3  49   6 707   6   1
Pudel1 103   2   1   2   4  24   1   1   1   1 BWL   3  50   5 664   5   1
Pudel1 103   2   1   2   4  24   1   1   1   1 BWL   3  51   4 586   4   1
Pudel1 103   2   1   2   4  24   1   1   1   1 BWL   3  52   1 690   1   1
Pudel1 103   2   1   2   4  24   1   1   1   1 BWL   3  53   2 686   2   1
Pudel1 103   2   1   2   4  24   1   1   1   1 BWL   3  54   6 686   6   1
Pudel1 103   2   1   2   4  24   1   1   1   1 BWL   3  55   1 659   1   1
Pudel1 103   2   1   2   4  24   1   1   1   1 BWL   3  56   4 768   4   1
Pudel1 103   2   1   2   4  24   1   1   1   1 BWL   3  57   2 710   2   1
Pudel1 103   2   1   2   4  24   1   1   1   1 BWL   3  58   5 866   5   1
Pudel1 103   2   1   2   4  24   1   1   1   1 BWL   3  59   6 691   6   1
Pudel1 103   2   1   2   4  24   1   1   1   1 BWL   3  60   2 643   3   0
Pudel1 103   2   1   2   4  24   1   1   1   1 BWL   3  61   5 768   5   1
Pudel1 103   2   1   2   4  24   1   1   1   1 BWL   3  62   2 1014   2   1
Pudel1 103   2   1   2   4  24   1   1   1   1 BWL   3  63   4 651   4   1
Pudel1 103   2   1   2   4  24   1   1   1   1 BWL   3  64   5 648   5   1
Pudel1 103   2   1   2   4  24   1   1   1   1 BWL   3  65   1 736   1   1
Pudel1 103   2   1   2   4  24   1   1   1   1 BWL   3  66   3 630   3   1
Pudel1 103   2   1   2   4  24   1   1   1   1 BWL   3  67   5 599   5   1
Pudel1 103   2   1   2   4  24   1   1   1   1 BWL   3  68   1 746   1   1
Pudel1 103   2   1   2   4  24   1   1   1   1 BWL   3  69   3 618   3   1
Pudel1 103   2   1   2   4  24   1   1   1   1 BWL   3  70   6 664   6   1
Pudel1 103   2   1   2   4  24   1   1   1   1 BWL   3  71   4 689   4   1
Pudel1 103   2   1   2   4  24   1   1   1   1 BWL   3  72   3 774   3   1
Pudel1 103   2   1   2   4  24   1   1   1   1 BWL   3  73   6 709   6   1
Pudel1 103   2   1   2   4  24   1   1   1   1 BWL   3  74   2 651   2   1
Pudel1 103   2   1   2   4  24   1   1   1   1 BWL   3  75   1 684   1   1
Pudel1 103   2   1   2   4  24   1   1   1   1 BWL   3  76   3 713   3   1
Pudel1 103   2   1   2   4  24   1   1   1   1 BWL   3  77   4 738   4   1
Pudel1 103   2   1   2   4  24   1   1   1   1 BWL   3  78   6 688   6   1
Pudel1 103   2   1   2   4  24   1   1   1   1 BWL   3  79   1 709   1   1
Pudel1 103   2   1   2   4  24   1   1   1   1 BWL   3  80   5 734   4   0
Pudel1 103   2   1   2   4  24   1   1   1   1 BWL   3  81   3 787   3   1
Pudel1 103   2   1   2   4  24   1   1   1   1 BWL   3  82   5 913   5   1
Pudel1 103   2   1   2   4  24   1   1   1   1 BWL   3  83   4 787   4   1
Pudel1 103   2   1   2   4  24   1   1   1   1 BWL   3  84   3 763   3   1
Pudel1 103   2   1   2   4  24   1   1   1   1 BWL   3  85   6 768   6   1
Pudel1 103   2   1   2   4  24   1   1   1   1 BWL   3  86   1 699   1   1
Pudel1 103   2   1   2   4  24   1   1   1   1 BWL   3  87   2 684   2   1
Pudel1 103   2   1   2   4  24   1   1   1   1 BWL   3  88   5 818   5   1
Pudel1 103   2   1   2   4  24   1   1   1   1 BWL   3  89   4 718   4   1
Pudel1 103   2   1   2   4  24   1   1   1   1 BWL   3  90   3 625   3   1
Pudel1 103   2   1   2   4  24   1   1   1   1 BWL   3  91   6 791   6   1
Pudel1 103   2   1   2   4  24   1   1   1   1 BWL   3  92   5 795   5   1
Pudel1 103   2   1   2   4  24   1   1   1   1 BWL   3  93   1 703   1   1
Pudel1 103   2   1   2   4  24   1   1   1   1 BWL   3  94   2 678   2   1
Pudel1 103   2   1   2   4  24   1   1   1   1 BWL   3  95   6 677   6   1
Pudel1 103   2   1   2   4  24   1   1   1   1 BWL   3  96   1 730   1   1
Pudel1 103   2   1   2   4  24   1   1   1   1 BWL   3  97   3 779   3   1
Pudel1 103   2   1   2   4  24   1   1   1   1 BWL   3  98   5 807   5   1
Pudel1 103   2   1   2   4  24   1   1   1   1 BWL   3  99   1 673   1   1
Pudel1 103   2   1   2   4  24   1   1   1   1 BWL   3 100   4 692   4   1
Pudel1 103   2   1   2   4  24   1   1   1   1 BWL   3 101   3 729   3   1
Pudel1 103   2   1   2   4  24   1   1   1   1 BWL   3 102   6 696   6   1
Pudel1 103   2   1   2   4  24   1   1   1   1 BWL   3 103   4 985   4   1
Pudel1 103   2   1   2   4  24   1   1   1   1 BWL   3 104   3 775   3   1
Pudel1 103   2   1   2   4  24   1   1   1   1 BWL   3 105   1 674   1   1
Pudel1 103   2   1   2   4  24   1   1   1   1 BWL   3 106   2 846   2   1
Pudel1 103   2   1   2   4  24   1   1   1   1 BWL   3 107   6 730   6   1
Pudel1 103   2   1   2   4  24   1   1   1   1 BWL   3 108   5 853   5   1
Pudel1 103   2   1   2   4  24   1   1   1   1 BWL   3 109   2 780   2   1
Pudel1 103   2   1   2   4  24   1   1   1   1 BWL   3 110   6 756   6   1
Pudel1 103   2   1   2   4  24   1   1   1   1 BWL   3 111   3 761   3   1
Pudel1 103   2   1   2   4  24   1   1   1   1 BWL   3 112   1 763   1   1
Pudel1 103   2   1   2   4  24   1   1   1   1 BWL   3 113   4 842   4   1
Pudel1 103   2   1   2   4  24   1   1   1   1 BWL   3 114   2 813   2   1
Pudel1 103   2   1   2   4  24   1   1   1   1 BWL   3 115   3 641   3   1
Pudel1 103   2   1   2   4  24   1   1   1   1 BWL   3 116   4 685   4   1
Pudel1 103   2   1   2   4  24   1   1   1   1 BWL   3 117   5 685   5   1
Pudel1 103   2   1   2   4  24   1   1   1   1 BWL   3 118   1 733   1   1
Pudel1 103   2   1   2   4  24   1   1   1   1 BWL   3 119   3 647   3   1
Pudel1 103   2   1   2   4  24   1   1   1   1 BWL   3 120   5 724   5   1
Pudel1 103   2   1   2   4  24   1   1   1   1 BWL   3 121   4 744   4   1
Pudel1 103   2   1   2   4  24   1   1   1   1 BWL   3 122   3 669   3   1
Pudel1 103   2   1   2   4  24   1   1   1   1 BWL   3 123   2 617   2   1
Pudel1 103   2   1   2   4  24   1   1   1   1 BWL   3 124   4 730   4   1
Pudel1 103   2   1   2   4  24   1   1   1   1 BWL   3 125   3 652   3   1
Pudel1 103   2   1   2   4  24   1   1   1   1 BWL   3 126   6 718   6   1
Pudel1 103   2   1   2   4  24   1   1   1   1 BWL   3 127   4 795   4   1
Pudel1 103   2   1   2   4  24   1   1   1   1 BWL   3 128   3 684   3   1
Pudel1 103   2   1   2   4  24   1   1   1   1 BWL   3 129   1 606   1   1
Pudel1 103   2   1   2   4  24   1   1   1   1 BWL   3 130   6 697   6   1
Pudel1 103   2   1   2   4  24   1   1   1   1 BWL   3 131   5 714   5   1
Pudel1 103   2   1   2   4  24   1   1   1   1 BWL   3 132   2 785   2   1
Pudel1 103   2   1   2   4  24   1   1   1   1 BWL   3 133   1 778   1   1
Pudel1 103   2   1   2   4  24   1   1   1   1 BWL   3 134   6 682   6   1
Pudel1 103   2   1   2   4  24   1   1   1   1 BWL   3 135   3 712   3   1
Pudel1 103   2   1   2   4  24   1   1   1   1 BWL   3 136   5 732   5   1
Pudel1 103   2   1   2   4  24   1   1   1   1 BWL   3 137   6 560   6   1
Pudel1 103   2   1   2   4  24   1   1   1   1 BWL   3 138   2 822   2   1
Pudel1 103   2   1   2   4  24   1   1   1   1 BWL   3 139   5 819   5   1
Pudel1 103   2   1   2   4  24   1   1   1   1 BWL   3 140   3 982   3   1
Pudel1 103   2   1   2   4  24   1   1   1   1 BWL   3 141   1 844   1   1
Pudel1 103   2   1   2   4  24   1   1   1   1 BWL   3 142   2 753   2   1
Pudel1 103   2   1   2   4  24   1   1   1   1 BWL   3 143   3 767   3   1
Pudel1 103   2   1   2   4  24   1   1   1   1 BWL   3 144   1 855   1   1
Pudel1 103   2   1   2   4  24   1   1   1   1 BWL   4   1   4 880   4   1
Pudel1 103   2   1   2   4  24   1   1   1   1 BWL   4   2   2 798   2   1
Pudel1 103   2   1   2   4  24   1   1   1   1 BWL   4   3   6 730   6   1
Pudel1 103   2   1   2   4  24   1   1   1   1 BWL   4   4   4 837   4   1
Pudel1 103   2   1   2   4  24   1   1   1   1 BWL   4   5   3 737   3   1
Pudel1 103   2   1   2   4  24   1   1   1   1 BWL   4   6   5 754   5   1
Pudel1 103   2   1   2   4  24   1   1   1   1 BWL   4   7   2 795   2   1
Pudel1 103   2   1   2   4  24   1   1   1   1 BWL   4   8   4 681   4   1
Pudel1 103   2   1   2   4  24   1   1   1   1 BWL   4   9   1 645   1   1
Pudel1 103   2   1   2   4  24   1   1   1   1 BWL   4  10   5 751   5   1
Pudel1 103   2   1   2   4  24   1   1   1   1 BWL   4  11   3 683   3   1
Pudel1 103   2   1   2   4  24   1   1   1   1 BWL   4  12   2 591   2   1
Pudel1 103   2   1   2   4  24   1   1   1   1 BWL   4  13   5 669   5   1
Pudel1 103   2   1   2   4  24   1   1   1   1 BWL   4  14   1 661   1   1
Pudel1 103   2   1   2   4  24   1   1   1   1 BWL   4  15   6 606   6   1
Pudel1 103   2   1   2   4  24   1   1   1   1 BWL   4  16   5 598   5   1
Pudel1 103   2   1   2   4  24   1   1   1   1 BWL   4  17   3 650   3   1
Pudel1 103   2   1   2   4  24   1   1   1   1 BWL   4  18   6 657   6   1
Pudel1 103   2   1   2   4  24   1   1   1   1 BWL   4  19   2 610   2   1
Pudel1 103   2   1   2   4  24   1   1   1   1 BWL   4  20   4 690   4   1
Pudel1 103   2   1   2   4  24   1   1   1   1 BWL   4  21   3 694   3   1
Pudel1 103   2   1   2   4  24   1   1   1   1 BWL   4  22   5 769   5   1
Pudel1 103   2   1   2   4  24   1   1   1   1 BWL   4  23   2 854   2   1
Pudel1 103   2   1   2   4  24   1   1   1   1 BWL   4  24   4 768   4   1
Pudel1 103   2   1   2   4  24   1   1   1   1 BWL   4  25   5 638   5   1
Pudel1 103   2   1   2   4  24   1   1   1   1 BWL   4  26   6 593   6   1
Pudel1 103   2   1   2   4  24   1   1   1   1 BWL   4  27   1 711   1   1
Pudel1 103   2   1   2   4  24   1   1   1   1 BWL   4  28   4 724   5   0
Pudel1 103   2   1   2   4  24   1   1   1   1 BWL   4  29   6 740   6   1
Pudel1 103   2   1   2   4  24   1   1   1   1 BWL   4  30   1 696   1   1
Pudel1 103   2   1   2   4  24   1   1   1   1 BWL   4  31   5 775   5   1
Pudel1 103   2   1   2   4  24   1   1   1   1 BWL   4  32   2 694   2   1
Pudel1 103   2   1   2   4  24   1   1   1   1 BWL   4  33   4 619   4   1
Pudel1 103   2   1   2   4  24   1   1   1   1 BWL   4  34   6 703   6   1
Pudel1 103   2   1   2   4  24   1   1   1   1 BWL   4  35   2 770   2   1
Pudel1 103   2   1   2   4  24   1   1   1   1 BWL   4  36   1 784   1   1
Pudel1 103   2   1   2   4  24   1   1   1   1 BWL   4  37   4 734   4   1
Pudel1 103   2   1   2   4  24   1   1   1   1 BWL   4  38   2 711   2   1
Pudel1 103   2   1   2   4  24   1   1   1   1 BWL   4  39   6 653   5   0
Pudel1 103   2   1   2   4  24   1   1   1   1 BWL   4  40   1 699   1   1
Pudel1 103   2   1   2   4  24   1   1   1   1 BWL   4  41   2 804   2   1
Pudel1 103   2   1   2   4  24   1   1   1   1 BWL   4  42   5 743   5   1
Pudel1 103   2   1   2   4  24   1   1   1   1 BWL   4  43   4 620   4   1
Pudel1 103   2   1   2   4  24   1   1   1   1 BWL   4  44   1 739   1   1
Pudel1 103   2   1   2   4  24   1   1   1   1 BWL   4  45   3 722   3   1
Pudel1 103   2   1   2   4  24   1   1   1   1 BWL   4  46   1 817   2   0
Pudel1 103   2   1   2   4  24   1   1   1   1 BWL   4  47   2 141   6   0
Pudel1 103   2   1   2   4  24   1   1   1   1 BWL   4  48   1 687   1   1
Pudel1 103   2   1   2   4  24   1   1   1   1 BWL   4  49   5 768   5   1
Pudel1 103   2   1   2   4  24   1   1   1   1 BWL   4  50   6 692   6   1
Pudel1 103   2   1   2   4  24   1   1   1   1 BWL   4  51   1 613   1   1
Pudel1 103   2   1   2   4  24   1   1   1   1 BWL   4  52   3 627   3   1
Pudel1 103   2   1   2   4  24   1   1   1   1 BWL   4  53   5 661   5   1
Pudel1 103   2   1   2   4  24   1   1   1   1 BWL   4  54   4 695   4   1
Pudel1 103   2   1   2   4  24   1   1   1   1 BWL   4  55   2 683   2   1
Pudel1 103   2   1   2   4  24   1   1   1   1 BWL   4  56   3 576   3   1
Pudel1 103   2   1   2   4  24   1   1   1   1 BWL   4  57   5 710   5   1
Pudel1 103   2   1   2   4  24   1   1   1   1 BWL   4  58   1 714   1   1
Pudel1 103   2   1   2   4  24   1   1   1   1 BWL   4  59   6 700   6   1
Pudel1 103   2   1   2   4  24   1   1   1   1 BWL   4  60   2 713   2   1
Pudel1 103   2   1   2   4  24   1   1   1   1 BWL   4  61   3 829   4   0
Pudel1 103   2   1   2   4  24   1   1   1   1 BWL   4  62   5 763   5   1
Pudel1 103   2   1   2   4  24   1   1   1   1 BWL   4  63   2 855   2   1
Pudel1 103   2   1   2   4  24   1   1   1   1 BWL   4  64   4 817   4   1
Pudel1 103   2   1   2   4  24   1   1   1   1 BWL   4  65   5 682   5   1
Pudel1 103   2   1   2   4  24   1   1   1   1 BWL   4  66   3 841   3   1
Pudel1 103   2   1   2   4  24   1   1   1   1 BWL   4  67   6 916   6   1
Pudel1 103   2   1   2   4  24   1   1   1   1 BWL   4  68   1 759   1   1
Pudel1 103   2   1   2   4  24   1   1   1   1 BWL   4  69   3 724   3   1
Pudel1 103   2   1   2   4  24   1   1   1   1 BWL   4  70   5 742   5   1
Pudel1 103   2   1   2   4  24   1   1   1   1 BWL   4  71   2 1050   2   1
Pudel1 103   2   1   2   4  24   1   1   1   1 BWL   4  72   4 957   4   1
Pudel1 103   2   1   2   4  24   1   1   1   1 BWL   4  73   6 982   6   1
Pudel1 103   2   1   2   4  24   1   1   1   1 BWL   4  74   3 800   3   1
Pudel1 103   2   1   2   4  24   1   1   1   1 BWL   4  75   2 658   2   1
Pudel1 103   2   1   2   4  24   1   1   1   1 BWL   4  76   6 762   6   1
Pudel1 103   2   1   2   4  24   1   1   1   1 BWL   4  77   3 2320   3   1
Pudel1 103   2   1   2   4  24   1   1   1   1 BWL   4  78   1 1192   1   1
Pudel1 103   2   1   2   4  24   1   1   1   1 BWL   4  79   6 839   6   1
Pudel1 103   2   1   2   4  24   1   1   1   1 BWL   4  80   5 839   5   1
Pudel1 103   2   1   2   4  24   1   1   1   1 BWL   4  81   1 799   1   1
Pudel1 103   2   1   2   4  24   1   1   1   1 BWL   4  82   2 892   2   1
Pudel1 103   2   1   2   4  24   1   1   1   1 BWL   4  83   6 808   6   1
Pudel1 103   2   1   2   4  24   1   1   1   1 BWL   4  84   3 714   3   1
Pudel1 103   2   1   2   4  24   1   1   1   1 BWL   4  85   5 975   5   1
Pudel1 103   2   1   2   4  24   1   1   1   1 BWL   4  86   4 991   4   1
Pudel1 103   2   1   2   4  24   1   1   1   1 BWL   4  87   1 755   1   1
Pudel1 103   2   1   2   4  24   1   1   1   1 BWL   4  88   3 840   3   1
Pudel1 103   2   1   2   4  24   1   1   1   1 BWL   4  89   4 809   4   1
Pudel1 103   2   1   2   4  24   1   1   1   1 BWL   4  90   6 670   6   1
Pudel1 103   2   1   2   4  24   1   1   1   1 BWL   4  91   1 725   1   1
Pudel1 103   2   1   2   4  24   1   1   1   1 BWL   4  92   2 780   2   1
Pudel1 103   2   1   2   4  24   1   1   1   1 BWL   4  93   4 723   4   1
Pudel1 103   2   1   2   4  24   1   1   1   1 BWL   4  94   5 608   5   1
Pudel1 103   2   1   2   4  24   1   1   1   1 BWL   4  95   3 747   3   1
Pudel1 103   2   1   2   4  24   1   1   1   1 BWL   4  96   1 832   1   1
Pudel1 103   2   1   2   4  24   1   1   1   1 BWL   4  97   5 897   5   1
Pudel1 103   2   1   2   4  24   1   1   1   1 BWL   4  98   2 812   2   1
Pudel1 103   2   1   2   4  24   1   1   1   1 BWL   4  99   3 636   3   1
Pudel1 103   2   1   2   4  24   1   1   1   1 BWL   4 100   4 705   4   1
Pudel1 103   2   1   2   4  24   1   1   1   1 BWL   4 101   5 601   5   1
Pudel1 103   2   1   2   4  24   1   1   1   1 BWL   4 102   1 724   1   1
Pudel1 103   2   1   2   4  24   1   1   1   1 BWL   4 103   6 761   6   1
Pudel1 103   2   1   2   4  24   1   1   1   1 BWL   4 104   5 853   5   1
Pudel1 103   2   1   2   4  24   1   1   1   1 BWL   4 105   2 886   2   1
Pudel1 103   2   1   2   4  24   1   1   1   1 BWL   4 106   1 871   1   1
Pudel1 103   2   1   2   4  24   1   1   1   1 BWL   4 107   5 973   5   1
Pudel1 103   2   1   2   4  24   1   1   1   1 BWL   4 108   3 812   3   1
Pudel1 103   2   1   2   4  24   1   1   1   1 BWL   4 109   4 730   4   1
Pudel1 103   2   1   2   4  24   1   1   1   1 BWL   4 110   5 610   5   1
Pudel1 103   2   1   2   4  24   1   1   1   1 BWL   4 111   3 783   3   1
Pudel1 103   2   1   2   4  24   1   1   1   1 BWL   4 112   1 695   1   1
Pudel1 103   2   1   2   4  24   1   1   1   1 BWL   4 113   5 707   4   0
Pudel1 103   2   1   2   4  24   1   1   1   1 BWL   4 114   4 146   6   0
Pudel1 103   2   1   2   4  24   1   1   1   1 BWL   4 115   5 709   5   1
Pudel1 103   2   1   2   4  24   1   1   1   1 BWL   4 116   1 682   1   1
Pudel1 103   2   1   2   4  24   1   1   1   1 BWL   4 117   6 748   6   1
Pudel1 103   2   1   2   4  24   1   1   1   1 BWL   4 118   4 731   4   1
Pudel1 103   2   1   2   4  24   1   1   1   1 BWL   4 119   1 743   1   1
Pudel1 103   2   1   2   4  24   1   1   1   1 BWL   4 120   5 751   5   1
Pudel1 103   2   1   2   4  24   1   1   1   1 BWL   4 121   4 752   4   1
Pudel1 103   2   1   2   4  24   1   1   1   1 BWL   4 122   6 718   6   1
Pudel1 103   2   1   2   4  24   1   1   1   1 BWL   4 123   2 717   2   1
Pudel1 103   2   1   2   4  24   1   1   1   1 BWL   4 124   5 982   5   1
Pudel1 103   2   1   2   4  24   1   1   1   1 BWL   4 125   1 725   1   1
Pudel1 103   2   1   2   4  24   1   1   1   1 BWL   4 126   4 670   4   1
Pudel1 103   2   1   2   4  24   1   1   1   1 BWL   4 127   6 626   6   1
Pudel1 103   2   1   2   4  24   1   1   1   1 BWL   4 128   5 808   5   1
Pudel1 103   2   1   2   4  24   1   1   1   1 BWL   4 129   3 825   3   1
Pudel1 103   2   1   2   4  24   1   1   1   1 BWL   4 130   1 830   1   1
Pudel1 103   2   1   2   4  24   1   1   1   1 BWL   4 131   6 660   6   1
Pudel1 103   2   1   2   4  24   1   1   1   1 BWL   4 132   4 694   4   1
Pudel1 103   2   1   2   4  24   1   1   1   1 BWL   4 133   3 721   3   1
Pudel1 103   2   1   2   4  24   1   1   1   1 BWL   4 134   2 580   2   1
Pudel1 103   2   1   2   4  24   1   1   1   1 BWL   4 135   4 683   4   1
Pudel1 103   2   1   2   4  24   1   1   1   1 BWL   4 136   3 971   3   1
Pudel1 103   2   1   2   4  24   1   1   1   1 BWL   4 137   1 855   1   1
Pudel1 103   2   1   2   4  24   1   1   1   1 BWL   4 138   4 646   4   1
Pudel1 103   2   1   2   4  24   1   1   1   1 BWL   4 139   5 624   5   1
Pudel1 103   2   1   2   4  24   1   1   1   1 BWL   4 140   3 687   3   1
Pudel1 103   2   1   2   4  24   1   1   1   1 BWL   4 141   6 704   6   1
Pudel1 103   2   1   2   4  24   1   1   1   1 BWL   4 142   2 667   2   1
Pudel1 103   2   1   2   4  24   1   1   1   1 BWL   4 143   5 821   5   1
Pudel1 103   2   1   2   4  24   1   1   1   1 BWL   4 144   6 776   6   1
Pudel1 103   2   1   2   4  24   1   1   1   1 BWL   5   1   4 824   4   1
Pudel1 103   2   1   2   4  24   1   1   1   1 BWL   5   2   2 960   2   1
Pudel1 103   2   1   2   4  24   1   1   1   1 BWL   5   3   3 752   3   1
Pudel1 103   2   1   2   4  24   1   1   1   1 BWL   5   4   1 673   1   1
Pudel1 103   2   1   2   4  24   1   1   1   1 BWL   5   5   6 692   6   1
Pudel1 103   2   1   2   4  24   1   1   1   1 BWL   5   6   5 675   5   1
Pudel1 103   2   1   2   4  24   1   1   1   1 BWL   5   7   2 741   2   1
Pudel1 103   2   1   2   4  24   1   1   1   1 BWL   5   8   1 830   1   1
Pudel1 103   2   1   2   4  24   1   1   1   1 BWL   5   9   4 939   4   1
Pudel1 103   2   1   2   4  24   1   1   1   1 BWL   5  10   3 696   3   1
Pudel1 103   2   1   2   4  24   1   1   1   1 BWL   5  11   2 587   2   1
Pudel1 103   2   1   2   4  24   1   1   1   1 BWL   5  12   6 749   6   1
Pudel1 103   2   1   2   4  24   1   1   1   1 BWL   5  13   5 670   5   1
Pudel1 103   2   1   2   4  24   1   1   1   1 BWL   5  14   2 719   2   1
Pudel1 103   2   1   2   4  24   1   1   1   1 BWL   5  15   1 744   1   1
Pudel1 103   2   1   2   4  24   1   1   1   1 BWL   5  16   6 660   6   1
Pudel1 103   2   1   2   4  24   1   1   1   1 BWL   5  17   3 765   3   1
Pudel1 103   2   1   2   4  24   1   1   1   1 BWL   5  18   5 737   5   1
Pudel1 103   2   1   2   4  24   1   1   1   1 BWL   5  19   2 777   2   1
Pudel1 103   2   1   2   4  24   1   1   1   1 BWL   5  20   4 685   4   1
Pudel1 103   2   1   2   4  24   1   1   1   1 BWL   5  21   6 641   6   1
Pudel1 103   2   1   2   4  24   1   1   1   1 BWL   5  22   3 869   3   1
Pudel1 103   2   1   2   4  24   1   1   1   1 BWL   5  23   4 675   4   1
Pudel1 103   2   1   2   4  24   1   1   1   1 BWL   5  24   5 655   5   1
Pudel1 103   2   1   2   4  24   1   1   1   1 BWL   5  25   6 649   6   1
Pudel1 103   2   1   2   4  24   1   1   1   1 BWL   5  26   2 785   2   1
Pudel1 103   2   1   2   4  24   1   1   1   1 BWL   5  27   5 773   5   1
Pudel1 103   2   1   2   4  24   1   1   1   1 BWL   5  28   6 659   6   1
Pudel1 103   2   1   2   4  24   1   1   1   1 BWL   5  29   3 780   3   1
Pudel1 103   2   1   2   4  24   1   1   1   1 BWL   5  30   4 708   4   1
Pudel1 103   2   1   2   4  24   1   1   1   1 BWL   5  31   5 616   5   1
Pudel1 103   2   1   2   4  24   1   1   1   1 BWL   5  32   2 771   2   1
Pudel1 103   2   1   2   4  24   1   1   1   1 BWL   5  33   3 823   3   1
Pudel1 103   2   1   2   4  24   1   1   1   1 BWL   5  34   4 637   4   1
Pudel1 103   2   1   2   4  24   1   1   1   1 BWL   5  35   6 627   6   1
Pudel1 103   2   1   2   4  24   1   1   1   1 BWL   5  36   2 730   2   1
Pudel1 103   2   1   2   4  24   1   1   1   1 BWL   5  37   4 786   4   1
Pudel1 103   2   1   2   4  24   1   1   1   1 BWL   5  38   3 746   3   1
Pudel1 103   2   1   2   4  24   1   1   1   1 BWL   5  39   2 848   2   1
Pudel1 103   2   1   2   4  24   1   1   1   1 BWL   5  40   6 703   6   1
Pudel1 103   2   1   2   4  24   1   1   1   1 BWL   5  41   5 828   5   1
Pudel1 103   2   1   2   4  24   1   1   1   1 BWL   5  42   1 816   1   1
Pudel1 103   2   1   2   4  24   1   1   1   1 BWL   5  43   6 770   6   1
Pudel1 103   2   1   2   4  24   1   1   1   1 BWL   5  44   3 738   3   1
Pudel1 103   2   1   2   4  24   1   1   1   1 BWL   5  45   2 743   2   1
Pudel1 103   2   1   2   4  24   1   1   1   1 BWL   5  46   6 681   6   1
Pudel1 103   2   1   2   4  24   1   1   1   1 BWL   5  47   5 770   5   1
Pudel1 103   2   1   2   4  24   1   1   1   1 BWL   5  48   2 775   2   1
Pudel1 103   2   1   2   4  24   1   1   1   1 BWL   5  49   1 790   1   1
Pudel1 103   2   1   2   4  24   1   1   1   1 BWL   5  50   3 743   3   1
Pudel1 103   2   1   2   4  24   1   1   1   1 BWL   5  51   4 659   4   1
Pudel1 103   2   1   2   4  24   1   1   1   1 BWL   5  52   2 922   2   1
Pudel1 103   2   1   2   4  24   1   1   1   1 BWL   5  53   1 880   1   1
Pudel1 103   2   1   2   4  24   1   1   1   1 BWL   5  54   5 739   5   1
Pudel1 103   2   1   2   4  24   1   1   1   1 BWL   5  55   4 718   4   1
Pudel1 103   2   1   2   4  24   1   1   1   1 BWL   5  56   3 763   3   1
Pudel1 103   2   1   2   4  24   1   1   1   1 BWL   5  57   6 702   6   1
Pudel1 103   2   1   2   4  24   1   1   1   1 BWL   5  58   4 702   4   1
Pudel1 103   2   1   2   4  24   1   1   1   1 BWL   5  59   1 1275   1   1
Pudel1 103   2   1   2   4  24   1   1   1   1 BWL   5  60   3 775   3   1
Pudel1 103   2   1   2   4  24   1   1   1   1 BWL   5  61   6 666   6   1
Pudel1 103   2   1   2   4  24   1   1   1   1 BWL   5  62   2 724   2   1
Pudel1 103   2   1   2   4  24   1   1   1   1 BWL   5  63   1 759   1   1
Pudel1 103   2   1   2   4  24   1   1   1   1 BWL   5  64   5 710   5   1
Pudel1 103   2   1   2   4  24   1   1   1   1 BWL   5  65   2 869   2   1
Pudel1 103   2   1   2   4  24   1   1   1   1 BWL   5  66   1 748   1   1
Pudel1 103   2   1   2   4  24   1   1   1   1 BWL   5  67   6 723   6   1
Pudel1 103   2   1   2   4  24   1   1   1   1 BWL   5  68   5 866   5   1
Pudel1 103   2   1   2   4  24   1   1   1   1 BWL   5  69   3 929   3   1
Pudel1 103   2   1   2   4  24   1   1   1   1 BWL   5  70   6 720   6   1
Pudel1 103   2   1   2   4  24   1   1   1   1 BWL   5  71   5 825   5   1
Pudel1 103   2   1   2   4  24   1   1   1   1 BWL   5  72   4 1170   4   1
Pudel1 103   2   1   2   4  24   1   1   1   1 BWL   5  73   6 772   6   1
Pudel1 103   2   1   2   4  24   1   1   1   1 BWL   5  74   5 878   5   1
Pudel1 103   2   1   2   4  24   1   1   1   1 BWL   5  75   2 827   2   1
Pudel1 103   2   1   2   4  24   1   1   1   1 BWL   5  76   4 669   4   1
Pudel1 103   2   1   2   4  24   1   1   1   1 BWL   5  77   1 669   1   1
Pudel1 103   2   1   2   4  24   1   1   1   1 BWL   5  78   5 811   5   1
Pudel1 103   2   1   2   4  24   1   1   1   1 BWL   5  79   2 624   2   1
Pudel1 103   2   1   2   4  24   1   1   1   1 BWL   5  80   1 784   1   1
Pudel1 103   2   1   2   4  24   1   1   1   1 BWL   5  81   4 696   4   1
Pudel1 103   2   1   2   4  24   1   1   1   1 BWL   5  82   3 820   3   1
Pudel1 103   2   1   2   4  24   1   1   1   1 BWL   5  83   6 692   6   1
Pudel1 103   2   1   2   4  24   1   1   1   1 BWL   5  84   4 803   4   1
Pudel1 103   2   1   2   4  24   1   1   1   1 BWL   5  85   3 726   3   1
Pudel1 103   2   1   2   4  24   1   1   1   1 BWL   5  86   5 709   5   1
Pudel1 103   2   1   2   4  24   1   1   1   1 BWL   5  87   2 678   2   1
Pudel1 103   2   1   2   4  24   1   1   1   1 BWL   5  88   6 723   6   1
Pudel1 103   2   1   2   4  24   1   1   1   1 BWL   5  89   5 767   5   1
Pudel1 103   2   1   2   4  24   1   1   1   1 BWL   5  90   3 834   3   1
Pudel1 103   2   1   2   4  24   1   1   1   1 BWL   5  91   4 672   4   1
Pudel1 103   2   1   2   4  24   1   1   1   1 BWL   5  92   1 835   1   1
Pudel1 103   2   1   2   4  24   1   1   1   1 BWL   5  93   5 752   5   1
Pudel1 103   2   1   2   4  24   1   1   1   1 BWL   5  94   4 1235   4   1
Pudel1 103   2   1   2   4  24   1   1   1   1 BWL   5  95   1 826   1   1
Pudel1 103   2   1   2   4  24   1   1   1   1 BWL   5  96   5 863   5   1
Pudel1 103   2   1   2   4  24   1   1   1   1 BWL   5  97   3 906   3   1
Pudel1 103   2   1   2   4  24   1   1   1   1 BWL   5  98   6 669   6   1
Pudel1 103   2   1   2   4  24   1   1   1   1 BWL   5  99   5 656   5   1
Pudel1 103   2   1   2   4  24   1   1   1   1 BWL   5 100   2 851   2   1
Pudel1 103   2   1   2   4  24   1   1   1   1 BWL   5 101   4 695   4   1
Pudel1 103   2   1   2   4  24   1   1   1   1 BWL   5 102   6 647   6   1
Pudel1 103   2   1   2   4  24   1   1   1   1 BWL   5 103   5 647   5   1
Pudel1 103   2   1   2   4  24   1   1   1   1 BWL   5 104   2 812   2   1
Pudel1 103   2   1   2   4  24   1   1   1   1 BWL   5 105   3 774   3   1
Pudel1 103   2   1   2   4  24   1   1   1   1 BWL   5 106   5 722   5   1
Pudel1 103   2   1   2   4  24   1   1   1   1 BWL   5 107   4 786   4   1
Pudel1 103   2   1   2   4  24   1   1   1   1 BWL   5 108   6 696   6   1
Pudel1 103   2   1   2   4  24   1   1   1   1 BWL   5 109   3 614   3   1
Pudel1 103   2   1   2   4  24   1   1   1   1 BWL   5 110   5 644   5   1
Pudel1 103   2   1   2   4  24   1   1   1   1 BWL   5 111   2 738   2   1
Pudel1 103   2   1   2   4  24   1   1   1   1 BWL   5 112   1 684   1   1
Pudel1 103   2   1   2   4  24   1   1   1   1 BWL   5 113   3 676   3   1
Pudel1 103   2   1   2   4  24   1   1   1   1 BWL   5 114   6 663   6   1
Pudel1 103   2   1   2   4  24   1   1   1   1 BWL   5 115   1 677   1   1
Pudel1 103   2   1   2   4  24   1   1   1   1 BWL   5 116   2 653   2   1
Pudel1 103   2   1   2   4  24   1   1   1   1 BWL   5 117   4 1002   4   1
Pudel1 103   2   1   2   4  24   1   1   1   1 BWL   5 118   6 893   6   1
Pudel1 103   2   1   2   4  24   1   1   1   1 BWL   5 119   3 706   3   1
Pudel1 103   2   1   2   4  24   1   1   1   1 BWL   5 120   1 741   1   1
Pudel1 103   2   1   2   4  24   1   1   1   1 BWL   5 121   2 657   2   1
Pudel1 103   2   1   2   4  24   1   1   1   1 BWL   5 122   3 572   3   1
Pudel1 103   2   1   2   4  24   1   1   1   1 BWL   5 123   6 668   6   1
Pudel1 103   2   1   2   4  24   1   1   1   1 BWL   5 124   4 589   4   1
Pudel1 103   2   1   2   4  24   1   1   1   1 BWL   5 125   5 647   5   1
Pudel1 103   2   1   2   4  24   1   1   1   1 BWL   5 126   6 651   6   1
Pudel1 103   2   1   2   4  24   1   1   1   1 BWL   5 127   1 747   1   1
Pudel1 103   2   1   2   4  24   1   1   1   1 BWL   5 128   5 872   5   1
Pudel1 103   2   1   2   4  24   1   1   1   1 BWL   5 129   3 1061   3   1
Pudel1 103   2   1   2   4  24   1   1   1   1 BWL   5 130   6 867   6   1
Pudel1 103   2   1   2   4  24   1   1   1   1 BWL   5 131   2 721   2   1
Pudel1 103   2   1   2   4  24   1   1   1   1 BWL   5 132   1 848   1   1
Pudel1 103   2   1   2   4  24   1   1   1   1 BWL   5 133   6 754   6   1
Pudel1 103   2   1   2   4  24   1   1   1   1 BWL   5 134   2 762   2   1
Pudel1 103   2   1   2   4  24   1   1   1   1 BWL   5 135   4 764   4   1
Pudel1 103   2   1   2   4  24   1   1   1   1 BWL   5 136   1 675   1   1
Pudel1 103   2   1   2   4  24   1   1   1   1 BWL   5 137   6 614   6   1
Pudel1 103   2   1   2   4  24   1   1   1   1 BWL   5 138   4 696   4   1
Pudel1 103   2   1   2   4  24   1   1   1   1 BWL   5 139   2 620   3   0
Pudel1 103   2   1   2   4  24   1   1   1   1 BWL   5 140   4 822   6   0
Pudel1 103   2   1   2   4  24   1   1   1   1 BWL   5 141   4 918   4   1
Pudel1 103   2   1   2   4  24   1   1   1   1 BWL   5 142   3 865   3   1
Pudel1 103   2   1   2   4  24   1   1   1   1 BWL   5 143   1 908   1   1
Pudel1 103   2   1   2   4  24   1   1   1   1 BWL   5 144   5 987   5   1
Pudel1 103   2   1   2   4  24   1   1   1   1 BWL   6   1   2 954   2   1
Pudel1 103   2   1   2   4  24   1   1   1   1 BWL   6   2   3 800   3   1
Pudel1 103   2   1   2   4  24   1   1   1   1 BWL   6   3   6 711   6   1
Pudel1 103   2   1   2   4  24   1   1   1   1 BWL   6   4   5 563   5   1
Pudel1 103   2   1   2   4  24   1   1   1   1 BWL   6   5   2 742   2   1
Pudel1 103   2   1   2   4  24   1   1   1   1 BWL   6   6   1 664   1   1
Pudel1 103   2   1   2   4  24   1   1   1   1 BWL   6   7   6 661   6   1
Pudel1 103   2   1   2   4  24   1   1   1   1 BWL   6   8   3 724   3   1
Pudel1 103   2   1   2   4  24   1   1   1   1 BWL   6   9   1 922   1   1
Pudel1 103   2   1   2   4  24   1   1   1   1 BWL   6  10   4 647   4   1
Pudel1 103   2   1   2   4  24   1   1   1   1 BWL   6  11   6 595   6   1
Pudel1 103   2   1   2   4  24   1   1   1   1 BWL   6  12   2 649   2   1
Pudel1 103   2   1   2   4  24   1   1   1   1 BWL   6  13   4 784   4   1
Pudel1 103   2   1   2   4  24   1   1   1   1 BWL   6  14   3 873   3   1
Pudel1 103   2   1   2   4  24   1   1   1   1 BWL   6  15   1 750   1   1
Pudel1 103   2   1   2   4  24   1   1   1   1 BWL   6  16   2 762   2   1
Pudel1 103   2   1   2   4  24   1   1   1   1 BWL   6  17   4 854   4   1
Pudel1 103   2   1   2   4  24   1   1   1   1 BWL   6  18   5 578   5   1
Pudel1 103   2   1   2   4  24   1   1   1   1 BWL   6  19   1 677   1   1
Pudel1 103   2   1   2   4  24   1   1   1   1 BWL   6  20   4 664   4   1
Pudel1 103   2   1   2   4  24   1   1   1   1 BWL   6  21   3 911   3   1
Pudel1 103   2   1   2   4  24   1   1   1   1 BWL   6  22   2 696   2   1
Pudel1 103   2   1   2   4  24   1   1   1   1 BWL   6  23   6 633   6   1
Pudel1 103   2   1   2   4  24   1   1   1   1 BWL   6  24   5 654   5   1
Pudel1 103   2   1   2   4  24   1   1   1   1 BWL   6  25   3 772   3   1
Pudel1 103   2   1   2   4  24   1   1   1   1 BWL   6  26   1 710   1   1
Pudel1 103   2   1   2   4  24   1   1   1   1 BWL   6  27   4 647   4   1
Pudel1 103   2   1   2   4  24   1   1   1   1 BWL   6  28   5 606   5   1
Pudel1 103   2   1   2   4  24   1   1   1   1 BWL   6  29   3 827   3   1
Pudel1 103   2   1   2   4  24   1   1   1   1 BWL   6  30   1 777   1   1
Pudel1 103   2   1   2   4  24   1   1   1   1 BWL   6  31   4 647   4   1
Pudel1 103   2   1   2   4  24   1   1   1   1 BWL   6  32   5 593   5   1
Pudel1 103   2   1   2   4  24   1   1   1   1 BWL   6  33   2 655   2   1
Pudel1 103   2   1   2   4  24   1   1   1   1 BWL   6  34   3 651   3   1
Pudel1 103   2   1   2   4  24   1   1   1   1 BWL   6  35   1 761   1   1
Pudel1 103   2   1   2   4  24   1   1   1   1 BWL   6  36   2 800   2   1
Pudel1 103   2   1   2   4  24   1   1   1   1 BWL   6  37   6 668   6   1
Pudel1 103   2   1   2   4  24   1   1   1   1 BWL   6  38   5 827   5   1
Pudel1 103   2   1   2   4  24   1   1   1   1 BWL   6  39   1 766   1   1
Pudel1 103   2   1   2   4  24   1   1   1   1 BWL   6  40   6 703   6   1
Pudel1 103   2   1   2   4  24   1   1   1   1 BWL   6  41   5 648   5   1
Pudel1 103   2   1   2   4  24   1   1   1   1 BWL   6  42   2 861   2   1
Pudel1 103   2   1   2   4  24   1   1   1   1 BWL   6  43   4 594   4   1
Pudel1 103   2   1   2   4  24   1   1   1   1 BWL   6  44   6 658   6   1
Pudel1 103   2   1   2   4  24   1   1   1   1 BWL   6  45   2 657   2   1
Pudel1 103   2   1   2   4  24   1   1   1   1 BWL   6  46   3 708   3   1
Pudel1 103   2   1   2   4  24   1   1   1   1 BWL   6  47   1 709   1   1
Pudel1 103   2   1   2   4  24   1   1   1   1 BWL   6  48   6 683   6   1
Pudel1 103   2   1   2   4  24   1   1   1   1 BWL   6  49   5 733   5   1
Pudel1 103   2   1   2   4  24   1   1   1   1 BWL   6  50   3 951   3   1
Pudel1 103   2   1   2   4  24   1   1   1   1 BWL   6  51   4 781   4   1
Pudel1 103   2   1   2   4  24   1   1   1   1 BWL   6  52   2 648   2   1
Pudel1 103   2   1   2   4  24   1   1   1   1 BWL   6  53   3 708   3   1
Pudel1 103   2   1   2   4  24   1   1   1   1 BWL   6  54   6 860   6   1
Pudel1 103   2   1   2   4  24   1   1   1   1 BWL   6  55   1 794   1   1
Pudel1 103   2   1   2   4  24   1   1   1   1 BWL   6  56   4 669   4   1
Pudel1 103   2   1   2   4  24   1   1   1   1 BWL   6  57   2 654   2   1
Pudel1 103   2   1   2   4  24   1   1   1   1 BWL   6  58   6 766   6   1
Pudel1 103   2   1   2   4  24   1   1   1   1 BWL   6  59   4 741   4   1
Pudel1 103   2   1   2   4  24   1   1   1   1 BWL   6  60   5 646   5   1
Pudel1 103   2   1   2   4  24   1   1   1   1 BWL   6  61   6 612   6   1
Pudel1 103   2   1   2   4  24   1   1   1   1 BWL   6  62   4 578   4   1
Pudel1 103   2   1   2   4  24   1   1   1   1 BWL   6  63   5 588   5   1
Pudel1 103   2   1   2   4  24   1   1   1   1 BWL   6  64   3 740   2   0
Pudel1 103   2   1   2   4  24   1   1   1   1 BWL   6  65   4 944   4   1
Pudel1 103   2   1   2   4  24   1   1   1   1 BWL   6  66   2 706   3   0
Pudel1 103   2   1   2   4  24   1   1   1   1 BWL   6  67   5 983   5   1
Pudel1 103   2   1   2   4  24   1   1   1   1 BWL   6  68   6 648   6   1
Pudel1 103   2   1   2   4  24   1   1   1   1 BWL   6  69   1 817   1   1
Pudel1 103   2   1   2   4  24   1   1   1   1 BWL   6  70   4 696   4   1
Pudel1 103   2   1   2   4  24   1   1   1   1 BWL   6  71   6 692   6   1
Pudel1 103   2   1   2   4  24   1   1   1   1 BWL   6  72   1 753   1   1
Pudel1 103   2   1   2   4  24   1   1   1   1 BWL   6  73   4 928   4   1
Pudel1 103   2   1   2   4  24   1   1   1   1 BWL   6  74   5 637   5   1
Pudel1 103   2   1   2   4  24   1   1   1   1 BWL   6  75   6 855   6   1
Pudel1 103   2   1   2   4  24   1   1   1   1 BWL   6  76   2 914   2   1
Pudel1 103   2   1   2   4  24   1   1   1   1 BWL   6  77   1 989   1   1
Pudel1 103   2   1   2   4  24   1   1   1   1 BWL   6  78   4 668   4   1
Pudel1 103   2   1   2   4  24   1   1   1   1 BWL   6  79   2 907   2   1
Pudel1 103   2   1   2   4  24   1   1   1   1 BWL   6  80   1 750   1   1
Pudel1 103   2   1   2   4  24   1   1   1   1 BWL   6  81   5 1072   5   1
Pudel1 103   2   1   2   4  24   1   1   1   1 BWL   6  82   6 699   6   1
Pudel1 103   2   1   2   4  24   1   1   1   1 BWL   6  83   2 840   2   1
Pudel1 103   2   1   2   4  24   1   1   1   1 BWL   6  84   4 856   4   1
Pudel1 103   2   1   2   4  24   1   1   1   1 BWL   6  85   3 744   3   1
Pudel1 103   2   1   2   4  24   1   1   1   1 BWL   6  86   1 714   1   1
Pudel1 103   2   1   2   4  24   1   1   1   1 BWL   6  87   5 736   5   1
Pudel1 103   2   1   2   4  24   1   1   1   1 BWL   6  88   3 1064   3   1
Pudel1 103   2   1   2   4  24   1   1   1   1 BWL   6  89   6 711   6   1
Pudel1 103   2   1   2   4  24   1   1   1   1 BWL   6  90   5 699   5   1
Pudel1 103   2   1   2   4  24   1   1   1   1 BWL   6  91   1 780   1   1
Pudel1 103   2   1   2   4  24   1   1   1   1 BWL   6  92   3 984   3   1
Pudel1 103   2   1   2   4  24   1   1   1   1 BWL   6  93   2 691   2   1
Pudel1 103   2   1   2   4  24   1   1   1   1 BWL   6  94   6 572   6   1
Pudel1 103   2   1   2   4  24   1   1   1   1 BWL   6  95   1 685   1   1
Pudel1 103   2   1   2   4  24   1   1   1   1 BWL   6  96   3 809   3   1
Pudel1 103   2   1   2   4  24   1   1   1   1 BWL   6  97   5 579   5   1
Pudel1 103   2   1   2   4  24   1   1   1   1 BWL   6  98   6 598   6   1
Pudel1 103   2   1   2   4  24   1   1   1   1 BWL   6  99   1 699   1   1
Pudel1 103   2   1   2   4  24   1   1   1   1 BWL   6 100   5 993   5   1
Pudel1 103   2   1   2   4  24   1   1   1   1 BWL   6 101   4 894   4   1
Pudel1 103   2   1   2   4  24   1   1   1   1 BWL   6 102   6 712   6   1
Pudel1 103   2   1   2   4  24   1   1   1   1 BWL   6 103   1 713   1   1
Pudel1 103   2   1   2   4  24   1   1   1   1 BWL   6 104   3 689   3   1
Pudel1 103   2   1   2   4  24   1   1   1   1 BWL   6 105   4 561   4   1
Pudel1 103   2   1   2   4  24   1   1   1   1 BWL   6 106   2 806   2   1
Pudel1 103   2   1   2   4  24   1   1   1   1 BWL   6 107   3 734   3   1
Pudel1 103   2   1   2   4  24   1   1   1   1 BWL   6 108   4 617   4   1
Pudel1 103   2   1   2   4  24   1   1   1   1 BWL   6 109   1 797   1   1
Pudel1 103   2   1   2   4  24   1   1   1   1 BWL   6 110   5 770   5   1
Pudel1 103   2   1   2   4  24   1   1   1   1 BWL   6 111   6 673   6   1
Pudel1 103   2   1   2   4  24   1   1   1   1 BWL   6 112   1 584   1   1
Pudel1 103   2   1   2   4  24   1   1   1   1 BWL   6 113   3 680   3   1
Pudel1 103   2   1   2   4  24   1   1   1   1 BWL   6 114   4 581   4   1
Pudel1 103   2   1   2   4  24   1   1   1   1 BWL   6 115   6 616   6   1
Pudel1 103   2   1   2   4  24   1   1   1   1 BWL   6 116   3 887   3   1
Pudel1 103   2   1   2   4  24   1   1   1   1 BWL   6 117   5 774   5   1
Pudel1 103   2   1   2   4  24   1   1   1   1 BWL   6 118   2 869   2   1
Pudel1 103   2   1   2   4  24   1   1   1   1 BWL   6 119   1 866   1   1
Pudel1 103   2   1   2   4  24   1   1   1   1 BWL   6 120   5 986   5   1
Pudel1 103   2   1   2   4  24   1   1   1   1 BWL   6 121   4 689   4   1
Pudel1 103   2   1   2   4  24   1   1   1   1 BWL   6 122   3 858   3   1
Pudel1 103   2   1   2   4  24   1   1   1   1 BWL   6 123   5 849   5   1
Pudel1 103   2   1   2   4  24   1   1   1   1 BWL   6 124   6 619   6   1
Pudel1 103   2   1   2   4  24   1   1   1   1 BWL   6 125   3 815   3   1
Pudel1 103   2   1   2   4  24   1   1   1   1 BWL   6 126   5 943   5   1
Pudel1 103   2   1   2   4  24   1   1   1   1 BWL   6 127   2 857   2   1
Pudel1 103   2   1   2   4  24   1   1   1   1 BWL   6 128   4 729   4   1
Pudel1 103   2   1   2   4  24   1   1   1   1 BWL   6 129   3 921   3   1
Pudel1 103   2   1   2   4  24   1   1   1   1 BWL   6 130   2 842   2   1
Pudel1 103   2   1   2   4  24   1   1   1   1 BWL   6 131   5 810   5   1
Pudel1 103   2   1   2   4  24   1   1   1   1 BWL   6 132   1 628   1   1
Pudel1 103   2   1   2   4  24   1   1   1   1 BWL   6 133   6 653   6   1
Pudel1 103   2   1   2   4  24   1   1   1   1 BWL   6 134   4 640   4   1
Pudel1 103   2   1   2   4  24   1   1   1   1 BWL   6 135   5 563   5   1
Pudel1 103   2   1   2   4  24   1   1   1   1 BWL   6 136   3 682   3   1
Pudel1 103   2   1   2   4  24   1   1   1   1 BWL   6 137   6 671   6   1
Pudel1 103   2   1   2   4  24   1   1   1   1 BWL   6 138   5 641   4   0
Pudel1 103   2   1   2   4  24   1   1   1   1 BWL   6 139   1 785   1   1
Pudel1 103   2   1   2   4  24   1   1   1   1 BWL   6 140   2 778   2   1
Pudel1 103   2   1   2   4  24   1   1   1   1 BWL   6 141   3 599   3   1
Pudel1 103   2   1   2   4  24   1   1   1   1 BWL   6 142   6 893   6   1
Pudel1 103   2   1   2   4  24   1   1   1   1 BWL   6 143   2 757   2   1
Pudel1 103   2   1   2   4  24   1   1   1   1 BWL   6 144   4 619   4   1
Pudel1 103   2   1   2   4  24   1   1   1   1 BWL   7   1   1   6 2971   0   4   6   1   4   3   5   5
Pudel1 103   2   1   2   4  24   1   1   1   1 BWL   7   2   1   4 602   0   1   4   3   5   4   3   5
Pudel1 103   2   1   2   4  24   1   1   1   1 BWL   7   3   1   5 612   0   6   2   1   3   4   6   5
Pudel1 103   2   1   2   4  24   1   1   1   1 BWL   7   4   1   3 2552   0   1   3   4   6   1   4   5
Pudel1 103   2   1   2   4  24   1   1   1   1 BWL   7   5   1   5 1692   0   4   6   1   4   3   5   4
Pudel1 103   2   1   2   4  24   1   1   1   1 BWL   7   6   1   2 772   0   1   3   4   6   1   4   5
Pudel1 103   2   1   2   4  24   1   1   1   1 BWL   7   7   1   4 672   0   6   1   4   3   5   4   4
Pudel1 103   2   1   2   4  24   1   1   1   1 BWL   7   8   1   5 1583   0   6   2   1   3   4   6   4
Pudel1 103   2   1   2   4  24   1   1   1   1 BWL   7   9   1   1 892   0   2   1   3   4   6   1   5
Pudel1 103   2   1   2   4  24   1   1   1   1 BWL   7  10   1   6 812   0   4   6   1   4   3   5   5
Pudel1 103   2   1   2   4  24   1   1   1   1 BWL   7  11   1   2 772   0   3   4   6   1   4   3   3
Pudel1 103   2   1   2   4  24   1   1   1   1 BWL   7  12   1   5 842   0   2   1   3   4   6   1   5
Pudel1 103   2   1   2   4  24   1   1   1   1 BWL   7  13   1   3 702   0   2   1   3   4   6   1   3
Pudel1 103   2   1   2   4  24   1   1   1   1 BWL   7  14   1   4 822   0   6   2   1   3   4   6   3
Pudel1 103   2   1   2   4  24   1   1   1   1 BWL   7  15   1   3 1032   0   1   3   4   6   1   4   3
Pudel1 103   2   1   2   4  24   1   1   1   1 BWL   7  16   1   6 3362   0   6   1   4   3   5   4   3
Pudel1 103   2   1   2   4  24   1   1   1   1 BWL   7  17   1   2 1392   0   1   3   4   6   1   4   4
Pudel1 103   2   1   2   4  24   1   1   1   1 BWL   7  18   1   5 692   0   1   3   4   6   1   4   3
Pudel1 103   2   1   2   4  24   1   1   1   1 BWL   7  19   1   3 712   0   3   4   6   1   4   3   5
Pudel1 103   2   1   2   4  24   1   1   1   1 BWL   7  20   1   5 742   0   6   1   4   3   5   4   4
Pudel1 103   2   1   2   4  24   1   1   1   1 BWL   7  21   1   1 542   0   2   1   3   4   6   1   3
Pudel1 103   2   1   2   4  24   1   1   1   1 BWL   7  22   1   6 1082   0   4   3   5   4   3   6   5
Pudel1 103   2   1   2   4  24   1   1   1   1 BWL   7  23   1   2 942   0   1   3   4   6   1   4   4
Pudel1 103   2   1   2   4  24   1   1   1   1 BWL   7  24   1   5 822   0   1   4   3   5   4   3   4
Pudel1 103   2   1   2   4  24   1   1   1   1 BWL   7  25   1   3 602   0   3   4   6   1   4   3   4
Pudel1 103   2   1   2   4  24   1   1   1   1 BWL   7  26   1   4 1863   0   4   3   5   4   3   6   4
Pudel1 103   2   1   2   4  24   1   1   1   1 BWL   7  27   1   2 1432   0   3   4   6   1   4   3   3
Pudel1 103   2   1   2   4  24   1   1   1   1 BWL   7  28   1   5 892   0   6   2   1   3   4   6   4
Pudel1 103   2   1   2   4  24   1   1   1   1 BWL   7  29   1   6 902   0   6   2   1   3   4   6   5
Pudel1 103   2   1   2   4  24   1   1   1   1 BWL   7  30   1   1 902   0   6   1   4   3   5   4   5
Pudel1 103   2   1   2   4  24   1   1   1   1 BWL   7  31   1   6 912   0   3   4   6   1   4   3   3
Pudel1 103   2   1   2   4  24   1   1   1   1 BWL   7  32   1   2 1022   0   4   6   1   4   3   5   3
Pudel1 103   2   1   2   4  24   1   1   1   1 BWL   7  33   1   3 1162   0   2   1   3   4   6   1   5
Pudel1 103   2   1   2   4  24   1   1   1   1 BWL   7  34   1   5 1503   0   1   3   4   6   1   4   3
Pudel1 103   2   1   2   4  24   1   1   1   1 BWL   7  35   1   3 1322   0   2   1   3   4   6   1   4
Pudel1 103   2   1   2   4  24   1   1   1   1 BWL   7  36   1   6 1282   0   4   3   5   4   3   6   5
Pudel1 103   2   1   2   4  24   1   1   1   1 BWL   7  37   1   2 1532   0   6   1   4   3   5   4   4
Pudel1 103   2   1   2   4  24   1   1   1   1 BWL   7  38   1   5 832   0   4   3   5   4   3   6   4
Pudel1 103   2   1   2   4  24   1   1   1   1 BWL   7  39   1   3 1182   0   4   6   1   4   3   5   3
Pudel1 103   2   1   2   4  24   1   1   1   1 BWL   7  40   1   4 1122   0   4   3   5   4   3   6   3
Pudel1 103   2   1   2   4  24   1   1   1   1 BWL   7  41   1   3 733   0   6   2   1   3   4   6   3
Pudel1 103   2   1   2   4  24   1   1   1   1 BWL   7  42   1   5 642   0   1   3   4   6   1   4   4
Pudel1 103   2   1   2   4  24   1   1   1   1 BWL   7  43   1   2 512   0   2   1   3   4   6   1   4
Pudel1 103   2   1   2   4  24   1   1   1   1 BWL   7  44   1   6 432   0   4   6   1   4   3   5   5
Pudel1 103   2   1   2   4  24   1   1   1   1 BWL   7  45   1   1 492   0   3   4   6   1   4   3   4
Pudel1 103   2   1   2   4  24   1   1   1   1 BWL   7  46   1   5 382   0   2   1   3   4   6   1   3
Pudel1 103   2   1   2   4  24   1   1   1   1 BWL   7  47   1   2 342   0   4   6   1   4   3   5   5
Pudel1 103   2   1   2   4  24   1   1   1   1 BWL   7  48   1   4 2393   0   1   4   3   5   4   3   3
Pudel1 103   2   1   2   4  24   1   1   1   1 BWL   7  49   1   3 1322   0   4   3   5   4   3   6   5
Pudel1 103   2   1   2   4  24   1   1   1   1 BWL   7  50   1   2 1232   0   4   6   1   4   3   5   3
Pudel1 103   2   1   2   4  24   1   1   1   1 BWL   7  51   1   5 2612   0   6   1   4   3   5   4   5
Pudel1 103   2   1   2   4  24   1   1   1   1 BWL   7  52   1   3 792   0   3   4   6   1   4   3   5
Pudel1 103   2   1   2   4  24   1   1   1   1 BWL   7  53   1   4 1192   0   3   4   6   1   4   3   5
Pudel1 103   2   1   2   4  24   1   1   1   1 BWL   7  54   1   6 1502   0   6   2   1   3   4   6   4
Pudel1 103   2   1   2   4  24   1   1   1   1 BWL   7  55   1   2 842   0   3   4   6   1   4   3   5
Pudel1 103   2   1   2   4  24   1   1   1   1 BWL   7  56   1   5 932   0   3   4   6   1   4   3   3
Pudel1 103   2   1   2   4  24   1   1   1   1 BWL   7  57   1   3 752   0   4   6   1   4   3   5   3
Pudel1 103   2   1   2   4  24   1   1   1   1 BWL   7  58   1   5 2483   0   1   3   4   6   1   4   3
Pudel1 103   2   1   2   4  24   1   1   1   1 BWL   7  59   1   6 1592   0   1   4   3   5   4   3   5
Pudel1 103   2   1   2   4  24   1   1   1   1 BWL   7  60   1   3 1342   0   6   1   4   3   5   4   5
Pudel1 103   2   1   2   4  24   1   1   1   1 BWL   7  61   1   2 1083   0   6   1   4   3   5   4   3
Pudel1 103   2   1   2   4  24   1   1   1   1 BWL   7  62   1   5 862   0   1   4   3   5   4   3   3
Pudel1 103   2   1   2   4  24   1   1   1   1 BWL   7  63   1   1 782   0   3   4   6   1   4   3   5
Pudel1 103   2   1   2   4  24   1   1   1   1 BWL   7  64   1   6 1312   0   4   3   5   4   3   6   3
Pudel1 103   2   1   2   4  24   1   1   1   1 BWL   7  65   1   2 1112   0   1   4   3   5   4   3   5
Pudel1 103   2   1   2   4  24   1   1   1   1 BWL   7  66   1   5 972   0   6   1   4   3   5   4   5
Pudel1 103   2   1   2   4  24   1   1   1   1 BWL   7  67   1   3 832   0   4   6   1   4   3   5   4
Pudel1 103   2   1   2   4  24   1   1   1   1 BWL   7  68   1   5 882   0   3   4   6   1   4   3   4
Pudel1 103   2   1   2   4  24   1   1   1   1 BWL   7  69   1   2 1092   0   3   4   6   1   4   3   4
Pudel1 103   2   1   2   4  24   1   1   1   1 BWL   7  70   1   5 972   0   4   3   5   4   3   6   3
Pudel1 103   2   1   2   4  24   1   1   1   1 BWL   7  71   1   1 1012   0   3   4   6   1   4   3   4
Pudel1 103   2   1   2   4  24   1   1   1   1 BWL   7  72   1   6 1002   0   1   4   3   5   4   3   5
Pudel1 103   2   1   2   4  24   1   1   1   1 BWL   7  73   1   2 933   0   1   4   3   5   4   3   3
Pudel1 103   2   1   2   4  24   1   1   1   1 BWL   7  74   1   5 972   0   6   1   4   3   5   4   3
Pudel1 103   2   1   2   4  24   1   1   1   1 BWL   7  75   1   3 1322   0   3   4   6   1   4   3   3
Pudel1 103   2   1   2   4  24   1   1   1   1 BWL   7  76   1   2 1003   0   6   2   1   3   4   6   3
Pudel1 103   2   1   2   4  24   1   1   1   1 BWL   7  77   1   1 1672   0   4   6   1   4   3   5   4
Pudel1 103   2   1   2   4  24   1   1   1   1 BWL   7  78   1   4 1852   0   4   3   5   4   3   6   3
Pudel1 103   2   1   2   4  24   1   1   1   1 BWL   7  79   1   2 572   0   4   3   5   4   3   6   3
Pudel1 103   2   1   2   4  24   1   1   1   1 BWL   7  80   1   5 843   0   1   4   3   5   4   3   5
Pudel1 103   2   1   2   4  24   1   1   1   1 BWL   7  81   1   3 872   0   4   6   1   4   3   5   3
Pudel1 103   2   1   2   4  24   1   1   1   1 BWL   7  82   1   6 672   0   4   3   5   4   3   6   5
Pudel1 103   2   1   2   4  24   1   1   1   1 BWL   7  83   1   2 732   0   6   1   4   3   5   4   3
Pudel1 103   2   1   2   4  24   1   1   1   1 BWL   7  84   1   5 812   0   2   1   3   4   6   1   3
Pudel1 103   2   1   2   4  24   1   1   1   1 BWL   7  85   1   1 642   0   1   4   3   5   4   3   4
Pudel1 103   2   1   2   4  24   1   1   1   1 BWL   7  86   1   4 1042   0   2   1   3   4   6   1   5
Pudel1 103   2   1   2   4  24   1   1   1   1 BWL   7  87   1   2 792   0   4   6   1   4   3   5   5
Pudel1 103   2   1   2   4  24   1   1   1   1 BWL   7  88   1   5 912   0   1   3   4   6   1   4   5
Pudel1 103   2   1   2   4  24   1   1   1   1 BWL   7  89   1   3 972   0   1   3   4   6   1   4   4
Pudel1 103   2   1   2   4  24   1   1   1   1 BWL   7  90   1   6 592   0   1   3   4   6   1   4   5
Pudel1 103   2   1   2   4  24   1   1   1   1 BWL   7  91   1   2 1094   0   1   3   4   6   1   4   4
Pudel1 103   2   1   2   4  24   1   1   1   1 BWL   7  92   1   5 922   0   2   1   3   4   6   1   3
Pudel1 103   2   1   2   4  24   1   1   1   1 BWL   7  93   1   1 662   0   6   2   1   3   4   6   3
Pudel1 103   2   1   2   4  24   1   1   1   1 BWL   7  94   1   4 592   0   6   2   1   3   4   6   5
Pudel1 103   2   1   2   4  24   1   1   1   1 BWL   7  95   1   2 472   0   1   4   3   5   4   3   3
Pudel1 103   2   1   2   4  24   1   1   1   1 BWL   7  96   1   5 562   0   1   3   4   6   1   4   3
Pudel1 103   2   1   2   4  24   1   1   1   1 BWL   7  97   1   3 782   0   2   1   3   4   6   1   5
Pudel1 103   2   1   2   4  24   1   1   1   1 BWL   7  98   1   6 652   0   6   1   4   3   5   4   3
Pudel1 103   2   1   2   4  24   1   1   1   1 BWL   7  99   1   4 1953   0   4   6   1   4   3   5   4
Pudel1 103   2   1   2   4  24   1   1   1   1 BWL   7 100   1   2 682   0   2   1   3   4   6   1   4
Pudel1 103   2   1   2   4  24   1   1   1   1 BWL   7 101   1   1 1882   0   6   2   1   3   4   6   5
Pudel1 103   2   1   2   4  24   1   1   1   1 BWL   7 102   1   3 902   0   4   3   5   4   3   6   5
Pudel1 103   2   1   2   4  24   1   1   1   1 BWL   7 103   1   4 1312   0   4   3   5   4   3   6   4
Pudel1 103   2   1   2   4  24   1   1   1   1 BWL   7 104   1   6 642   0   1   4   3   5   4   3   3
Pudel1 103   2   1   2   4  24   1   1   1   1 BWL   7 105   1   2 1872   0   4   3   5   4   3   6   4
Pudel1 103   2   1   2   4  24   1   1   1   1 BWL   7 106   1   4 1182   0   4   3   5   4   3   6   4
Pudel1 103   2   1   2   4  24   1   1   1   1 BWL   7 107   1   3 722   0   4   6   1   4   3   5   4
Pudel1 103   2   1   2   4  24   1   1   1   1 BWL   7 108   1   5 612   0   2   1   3   4   6   1   4
Pudel1 103   2   1   2   4  24   1   1   1   1 BWL   7 109   1   1 922   0   1   4   3   5   4   3   4
Pudel1 103   2   1   2   4  24   1   1   1   1 BWL   7 110   1   5 903   0   6   2   1   3   4   6   4
Pudel1 103   2   1   2   4  24   1   1   1   1 BWL   7 111   1   2 752   0   6   1   4   3   5   4   4
Pudel1 103   2   1   2   4  24   1   1   1   1 BWL   7 112   1   6 842   0   1   3   4   6   1   4   5
Pudel1 103   2   1   2   4  24   1   1   1   1 BWL   7 113   1   3 822   0   6   2   1   3   4   6   3
Pudel1 103   2   1   2   4  24   1   1   1   1 BWL   7 114   1   4 1392   0   1   4   3   5   4   3   4
Pudel1 103   2   1   2   4  24   1   1   1   1 BWL   7 115   1   2 662   0   6   1   4   3   5   4   5
Pudel1 103   2   1   2   4  24   1   1   1   1 BWL   7 116   1   5 562   0   2   1   3   4   6   1   4
Pudel1 103   2   1   2   4  24   1   1   1   1 BWL   7 117   1   1 802   0   6   1   4   3   5   4   4
Pudel1 103   2   1   2   4  24   1   1   1   1 BWL   7 118   1   6 622   0   6   2   1   3   4   6   5
Pudel1 103   2   1   2   4  24   1   1   1   1 BWL   7 119   1   2 582   0   6   2   1   3   4   6   4
Pudel1 103   2   1   2   4  24   1   1   1   1 BWL   7 120   1   5 482   0   1   4   3   5   4   3   4
Pudel1 103   2   1   2   4  24   1   1   1   1 BWL   8   1   1   1 4062   0   4   6   1   4   3   5   5
Pudel1 103   2   1   2   4  24   1   1   1   1 BWL   8   2   1   2 8872   0   1   4   3   5   4   3   5
Pudel1 103   2   1   2   4  24   1   1   1   1 BWL   8   3   1   3 562   0   6   2   1   3   4   6   5
Pudel1 103   2   1   2   4  24   1   1   1   1 BWL   8   4   1   5 4173   0   1   3   4   6   1   4   5
Pudel1 103   2   1   2   4  24   1   1   1   1 BWL   8   5   1   6 1703   0   4   6   1   4   3   5   4
Pudel1 103   2   1   2   4  24   1   1   1   1 BWL   8   6   1   5 1132   0   1   3   4   6   1   4   5
Pudel1 103   2   1   2   4  24   1   1   1   1 BWL   8   7   1   6 852   0   6   1   4   3   5   4   4
Pudel1 103   2   1   2   4  24   1   1   1   1 BWL   8   8   1   3 2242   0   6   2   1   3   4   6   4
Pudel1 103   2   1   2   4  24   1   1   1   1 BWL   8   9   1   4 3282   0   2   1   3   4   6   1   5
Pudel1 103   2   1   2   4  24   1   1   1   1 BWL   8  10   1   6 3122   0   4   6   1   4   3   5   5
Pudel1 103   2   1   2   4  24   1   1   1   1 BWL   8  11   1   5 1923   0   3   4   6   1   4   3   3
Pudel1 103   2   1   2   4  24   1   1   1   1 BWL   8  12   1   6 1022   0   2   1   3   4   6   1   5
Pudel1 103   2   1   2   4  24   1   1   1   1 BWL   8  13   1   4 1052   0   2   1   3   4   6   1   3
Pudel1 103   2   1   2   4  24   1   1   1   1 BWL   8  14   1   5 642   0   6   2   1   3   4   6   3
Pudel1 103   2   1   2   4  24   1   1   1   1 BWL   8  15   1   4 862   0   1   3   4   6   1   4   3
Pudel1 103   2   1   2   4  24   1   1   1   1 BWL   8  16   1   6 492   0   6   1   4   3   5   4   3
Pudel1 103   2   1   2   4  24   1   1   1   1 BWL   8  17   1   4 422   0   1   3   4   6   1   4   4
Pudel1 103   2   1   2   4  24   1   1   1   1 BWL   8  18   1   5 352   0   1   3   4   6   1   4   3
Pudel1 103   2   1   2   4  24   1   1   1   1 BWL   8  19   1   4 372   0   3   4   6   1   4   3   5
Pudel1 103   2   1   2   4  24   1   1   1   1 BWL   8  20   1   6 382   0   6   1   4   3   5   4   4
Pudel1 103   2   1   2   4  24   1   1   1   1 BWL   8  21   1   4 382   0   2   1   3   4   6   1   3
Pudel1 103   2   1   2   4  24   1   1   1   1 BWL   8  22   1   5 402   0   4   3   5   4   3   6   5
Pudel1 103   2   1   2   4  24   1   1   1   1 BWL   8  23   1   4 372   0   1   3   4   6   1   4   4
Pudel1 103   2   1   2   4  24   1   1   1   1 BWL   8  24   1   6 573   0   1   4   3   5   4   3   4
Pudel1 103   2   1   2   4  24   1   1   1   1 BWL   8  25   1   1 1022   0   3   4   6   1   4   3   4
Pudel1 103   2   1   2   4  24   1   1   1   1 BWL   8  26   1   3 412   0   4   3   5   4   3   6   4
Pudel1 103   2   1   2   4  24   1   1   1   1 BWL   8  27   1   2 512   0   3   4   6   1   4   3   3
Pudel1 103   2   1   2   4  24   1   1   1   1 BWL   8  28   1   1 692   0   6   2   1   3   4   6   4
Pudel1 103   2   1   2   4  24   1   1   1   1 BWL   8  29   1   3 462   0   6   2   1   3   4   6   5
Pudel1 103   2   1   2   4  24   1   1   1   1 BWL   8  30   1   2 642   0   6   1   4   3   5   4   5
Pudel1 103   2   1   2   4  24   1   1   1   1 BWL   8  31   1   2 422   0   3   4   6   1   4   3   3
Pudel1 103   2   1   2   4  24   1   1   1   1 BWL   8  32   1   1 981   0   4   6   1   4   3   5   3
Pudel1 103   2   1   2   4  24   1   1   1   1 BWL   8  33   1   3 852   0   2   1   3   4   6   1   5
Pudel1 103   2   1   2   4  24   1   1   1   1 BWL   8  34   1   1 812   0   1   3   4   6   1   4   3
Pudel1 103   2   1   2   4  24   1   1   1   1 BWL   8  35   1   2 1102   0   2   1   3   4   6   1   4
Pudel1 103   2   1   2   4  24   1   1   1   1 BWL   8  36   1   1 782   0   4   3   5   4   3   6   5
Pudel1 103   2   1   2   4  24   1   1   1   1 BWL   8  37   1   3 592   0   6   1   4   3   5   4   4
Pudel1 103   2   1   2   4  24   1   1   1   1 BWL   8  38   1   4 983   0   4   3   5   4   3   6   4
Pudel1 103   2   1   2   4  24   1   1   1   1 BWL   8  39   1   5 2782   0   4   6   1   4   3   5   3
Pudel1 103   2   1   2   4  24   1   1   1   1 BWL   8  40   1   6 1202   0   4   3   5   4   3   6   3
Pudel1 103   2   1   2   4  24   1   1   1   1 BWL   8  41   1   3 1862   0   6   2   1   3   4   6   3
Pudel1 103   2   1   2   4  24   1   1   1   1 BWL   8  42   1   4 2542   0   1   3   4   6   1   4   4
Pudel1 103   2   1   2   4  24   1   1   1   1 BWL   8  43   1   3 772   0   2   1   3   4   6   1   4
Pudel1 103   2   1   2   4  24   1   1   1   1 BWL   8  44   1   4 652   0   4   6   1   4   3   5   5
Pudel1 103   2   1   2   4  24   1   1   1   1 BWL   8  45   1   3 582   0   3   4   6   1   4   3   4
Pudel1 103   2   1   2   4  24   1   1   1   1 BWL   8  46   1   6 622   0   2   1   3   4   6   1   3
Pudel1 103   2   1   2   4  24   1   1   1   1 BWL   8  47   1   1 602   0   4   6   1   4   3   5   5
Pudel1 103   2   1   2   4  24   1   1   1   1 BWL   8  48   1   6 322   0   1   4   3   5   4   3   3
Pudel1 103   2   1   2   4  24   1   1   1   1 BWL   8  49   1   1 403   0   4   3   5   4   3   6   5
Pudel1 103   2   1   2   4  24   1   1   1   1 BWL   8  50   1   4 722   0   4   6   1   4   3   5   3
Pudel1 103   2   1   2   4  24   1   1   1   1 BWL   8  51   1   3 273   0   6   1   4   3   5   4   5
Pudel1 103   2   1   2   4  24   1   1   1   1 BWL   8  52   1   4 292   0   3   4   6   1   4   3   5
Pudel1 103   2   1   2   4  24   1   1   1   1 BWL   8  53   1   3 322   0   3   4   6   1   4   3   5
Pudel1 103   2   1   2   4  24   1   1   1   1 BWL   8  54   1   5 332   0   6   2   1   3   4   6   4
Pudel1 103   2   1   2   4  24   1   1   1   1 BWL   8  55   1   2 322   0   3   4   6   1   4   3   5
Pudel1 103   2   1   2   4  24   1   1   1   1 BWL   8  56   1   5 292   0   3   4   6   1   4   3   3
Pudel1 103   2   1   2   4  24   1   1   1   1 BWL   8  57   1   2 352   0   4   6   1   4   3   5   3
Pudel1 103   2   1   2   4  24   1   1   1   1 BWL   8  58   1   6 672   0   1   3   4   6   1   4   3
Pudel1 103   2   1   2   4  24   1   1   1   1 BWL   8  59   1   1 372   0   1   4   3   5   4   3   5
Pudel1 103   2   1   2   4  24   1   1   1   1 BWL   8  60   1   6 313   0   6   1   4   3   5   4   5
Pudel1 103   2   1   2   4  24   1   1   1   1 BWL   8  61   1   1 292   0   6   1   4   3   5   4   3
Pudel1 103   2   1   2   4  24   1   1   1   1 BWL   8  62   1   5 772   0   1   4   3   5   4   3   3
Pudel1 103   2   1   2   4  24   1   1   1   1 BWL   8  63   1   2 472   0   3   4   6   1   4   3   5
Pudel1 103   2   1   2   4  24   1   1   1   1 BWL   8  64   1   5 342   0   4   3   5   4   3   6   3
Pudel1 103   2   1   2   4  24   1   1   1   1 BWL   8  65   1   2 372   0   1   4   3   5   4   3   5
Pudel1 103   2   1   2   4  24   1   1   1   1 BWL   8  66   1   4 642   0   6   1   4   3   5   4   5
Pudel1 103   2   1   2   4  24   1   1   1   1 BWL   8  67   1   3 352   0   4   6   1   4   3   5   4
Pudel1 103   2   1   2   4  24   1   1   1   1 BWL   8  68   1   4 353   0   3   4   6   1   4   3   4
Pudel1 103   2   1   2   4  24   1   1   1   1 BWL   8  69   1   3 382   0   3   4   6   1   4   3   4
Pudel1 103   2   1   2   4  24   1   1   1   1 BWL   8  70   1   5 272   0   4   3   5   4   3   6   3
Pudel1 103   2   1   2   4  24   1   1   1   1 BWL   8  71   1   2 292   0   3   4   6   1   4   3   4
Pudel1 103   2   1   2   4  24   1   1   1   1 BWL   8  72   1   5 262   0   1   4   3   5   4   3   5
Pudel1 103   2   1   2   4  24   1   1   1   1 BWL   8  73   1   2 282   0   1   4   3   5   4   3   3
Pudel1 103   2   1   2   4  24   1   1   1   1 BWL   8  74   1   6 252   0   6   1   4   3   5   4   3
Pudel1 103   2   1   2   4  24   1   1   1   1 BWL   8  75   1   1 242   0   3   4   6   1   4   3   3
Pudel1 103   2   1   2   4  24   1   1   1   1 BWL   8  76   1   6 232   0   6   2   1   3   4   6   3
Pudel1 103   2   1   2   4  24   1   1   1   1 BWL   8  77   1   1 262   0   4   6   1   4   3   5   4
Pudel1 103   2   1   2   4  24   1   1   1   1 BWL   8  78   1   5 212   0   4   3   5   4   3   6   3
Pudel1 103   2   1   2   4  24   1   1   1   1 BWL   8  79   1   2 182   0   4   3   5   4   3   6   3
Pudel1 103   2   1   2   4  24   1   1   1   1 BWL   8  80   1   5 272   0   1   4   3   5   4   3   5
Pudel1 103   2   1   2   4  24   1   1   1   1 BWL   8  81   1   2 232   0   4   6   1   4   3   5   3
Pudel1 103   2   1   2   4  24   1   1   1   1 BWL   8  82   1   4 252   0   4   3   5   4   3   6   5
Pudel1 103   2   1   2   4  24   1   1   1   1 BWL   8  83   1   3 242   0   6   1   4   3   5   4   3
Pudel1 103   2   1   2   4  24   1   1   1   1 BWL   8  84   1   4 212   0   2   1   3   4   6   1   3
Pudel1 103   2   1   2   4  24   1   1   1   1 BWL   8  85   1   3 252   0   1   4   3   5   4   3   4
Pudel1 103   2   1   2   4  24   1   1   1   1 BWL   8  86   1   5 332   0   2   1   3   4   6   1   5
Pudel1 103   2   1   2   4  24   1   1   1   1 BWL   8  87   1   2 212   0   4   6   1   4   3   5   5
Pudel1 103   2   1   2   4  24   1   1   1   1 BWL   8  88   1   5 292   0   1   3   4   6   1   4   5
Pudel1 103   2   1   2   4  24   1   1   1   1 BWL   8  89   1   2 262   0   1   3   4   6   1   4   4
Pudel1 103   2   1   2   4  24   1   1   1   1 BWL   8  90   1   6 212   0   1   3   4   6   1   4   5
Pudel1 103   2   1   2   4  24   1   1   1   1 BWL   8  91   1   1 222   0   1   3   4   6   1   4   4
Pudel1 103   2   1   2   4  24   1   1   1   1 BWL   8  92   1   6 272   0   2   1   3   4   6   1   3
Pudel1 103   2   1   2   4  24   1   1   1   1 BWL   8  93   1   1 252   0   6   2   1   3   4   6   3
Pudel1 103   2   1   2   4  24   1   1   1   1 BWL   8  94   1   5 332   0   6   2   1   3   4   6   5
Pudel1 103   2   1   2   4  24   1   1   1   1 BWL   8  95   1   2 232   0   1   4   3   5   4   3   3
Pudel1 103   2   1   2   4  24   1   1   1   1 BWL   8  96   1   5 252   0   1   3   4   6   1   4   3
Pudel1 103   2   1   2   4  24   1   1   1   1 BWL   8  97   1   2 252   0   2   1   3   4   6   1   5
Pudel1 103   2   1   2   4  24   1   1   1   1 BWL   8  98   1   6 282   0   6   1   4   3   5   4   3
Pudel1 103   2   1   2   4  24   1   1   1   1 BWL   8  99   1   1 192   0   4   6   1   4   3   5   4
Pudel1 103   2   1   2   4  24   1   1   1   1 BWL   8 100   1   6 242   0   2   1   3   4   6   1   4
Pudel1 103   2   1   2   4  24   1   1   1   1 BWL   8 101   1   1 242   0   6   2   1   3   4   6   5
Pudel1 103   2   1   2   4  24   1   1   1   1 BWL   8 102   1   5 242   0   4   3   5   4   3   6   5
Pudel1 103   2   1   2   4  24   1   1   1   1 BWL   8 103   1   2 242   0   4   3   5   4   3   6   4
Pudel1 103   2   1   2   4  24   1   1   1   1 BWL   8 104   1   5 252   0   1   4   3   5   4   3   3
Pudel1 103   2   1   2   4  24   1   1   1   1 BWL   8 105   1   2 262   0   4   3   5   4   3   6   4
Pudel1 103   2   1   2   4  24   1   1   1   1 BWL   8 106   1   4 252   0   4   3   5   4   3   6   4
Pudel1 103   2   1   2   4  24   1   1   1   1 BWL   8 107   1   3 272   0   4   6   1   4   3   5   4
Pudel1 103   2   1   2   4  24   1   1   1   1 BWL   8 108   1   4 252   0   2   1   3   4   6   1   4
Pudel1 103   2   1   2   4  24   1   1   1   1 BWL   8 109   1   3 262   0   1   4   3   5   4   3   4
Pudel1 103   2   1   2   4  24   1   1   1   1 BWL   8 110   1   5 672   0   6   2   1   3   4   6   4
Pudel1 103   2   1   2   4  24   1   1   1   1 BWL   8 111   1   2 272   0   6   1   4   3   5   4   4
Pudel1 103   2   1   2   4  24   1   1   1   1 BWL   8 112   1   5 232   0   1   3   4   6   1   4   5
Pudel1 103   2   1   2   4  24   1   1   1   1 BWL   8 113   1   2 252   0   6   2   1   3   4   6   3
Pudel1 103   2   1   2   4  24   1   1   1   1 BWL   8 114   1   6 292   0   1   4   3   5   4   3   4
Pudel1 103   2   1   2   4  24   1   1   1   1 BWL   8 115   1   1 212   0   6   1   4   3   5   4   5
Pudel1 103   2   1   2   4  24   1   1   1   1 BWL   8 116   1   6 282   0   2   1   3   4   6   1   4
Pudel1 103   2   1   2   4  24   1   1   1   1 BWL   8 117   1   1 262   0   6   1   4   3   5   4   4
Pudel1 103   2   1   2   4  24   1   1   1   1 BWL   8 118   1   5 252   0   6   2   1   3   4   6   5
Pudel1 103   2   1   2   4  24   1   1   1   1 BWL   8 119   1   2 202   0   6   2   1   3   4   6   4
Pudel1 103   2   1   2   4  24   1   1   1   1 BWL   8 120   1   5 252   0   1   4   3   5   4   3   4
