Pudel1 144   1   2   1   1  25   2   2   1   1 JURA   1   1   5 777   5   1
Pudel1 144   1   2   1   1  25   2   2   1   1 JURA   1   2   6 656   6   1
Pudel1 144   1   2   1   1  25   2   2   1   1 JURA   1   3   3 1050   3   1
Pudel1 144   1   2   1   1  25   2   2   1   1 JURA   1   4   5 951   5   1
Pudel1 144   1   2   1   1  25   2   2   1   1 JURA   1   5   2 973   2   1
Pudel1 144   1   2   1   1  25   2   2   1   1 JURA   1   6   4 2102   4   1
Pudel1 144   1   2   1   1  25   2   2   1   1 JURA   1   7   1 737   1   1
Pudel1 144   1   2   1   1  25   2   2   1   1 JURA   1   8   2 885   2   1
Pudel1 144   1   2   1   1  25   2   2   1   1 JURA   1   9   5 793   5   1
Pudel1 144   1   2   1   1  25   2   2   1   1 JURA   1  10   4 1244   4   1
Pudel1 144   1   2   1   1  25   2   2   1   1 JURA   1  11   2 809   2   1
Pudel1 144   1   2   1   1  25   2   2   1   1 JURA   1  12   6 741   6   1
Pudel1 144   1   2   1   1  25   2   2   1   1 JURA   1  13   5 782   5   1
Pudel1 144   1   2   1   1  25   2   2   1   1 JURA   1  14   2 830   2   1
Pudel1 144   1   2   1   1  25   2   2   1   1 JURA   1  15   1 736   1   1
Pudel1 144   1   2   1   1  25   2   2   1   1 JURA   1  16   3 770   3   1
Pudel1 144   1   2   1   1  25   2   2   1   1 JURA   1  17   2 770   2   1
Pudel1 144   1   2   1   1  25   2   2   1   1 JURA   1  18   1 755   1   1
Pudel1 144   1   2   1   1  25   2   2   1   1 JURA   1  19   4 1173   4   1
Pudel1 144   1   2   1   1  25   2   2   1   1 JURA   1  20   5 870   5   1
Pudel1 144   1   2   1   1  25   2   2   1   1 JURA   1  21   6 902   6   1
Pudel1 144   1   2   1   1  25   2   2   1   1 JURA   1  22   2 849   2   1
Pudel1 144   1   2   1   1  25   2   2   1   1 JURA   1  23   3 716   3   1
Pudel1 144   1   2   1   1  25   2   2   1   1 JURA   1  24   5 883   5   1
Pudel1 144   1   2   1   1  25   2   2   1   1 JURA   1  25   2 833   2   1
Pudel1 144   1   2   1   1  25   2   2   1   1 JURA   1  26   3 727   3   1
Pudel1 144   1   2   1   1  25   2   2   1   1 JURA   1  27   5 818   5   1
Pudel1 144   1   2   1   1  25   2   2   1   1 JURA   1  28   2 807   2   1
Pudel1 144   1   2   1   1  25   2   2   1   1 JURA   1  29   4 1203   4   1
Pudel1 144   1   2   1   1  25   2   2   1   1 JURA   1  30   5 791   5   1
Pudel1 144   1   2   1   1  25   2   2   1   1 JURA   1  31   1 807   1   1
Pudel1 144   1   2   1   1  25   2   2   1   1 JURA   1  32   6 1032   6   1
Pudel1 144   1   2   1   1  25   2   2   1   1 JURA   1  33   3 863   3   1
Pudel1 144   1   2   1   1  25   2   2   1   1 JURA   1  34   2 897   2   1
Pudel1 144   1   2   1   1  25   2   2   1   1 JURA   1  35   5 887   5   1
Pudel1 144   1   2   1   1  25   2   2   1   1 JURA   1  36   4 1257   4   1
Pudel1 144   1   2   1   1  25   2   2   1   1 JURA   1  37   2 790   2   1
Pudel1 144   1   2   1   1  25   2   2   1   1 JURA   1  38   1 784   1   1
Pudel1 144   1   2   1   1  25   2   2   1   1 JURA   1  39   5 849   5   1
Pudel1 144   1   2   1   1  25   2   2   1   1 JURA   1  40   6 727   6   1
Pudel1 144   1   2   1   1  25   2   2   1   1 JURA   1  41   4 1026   4   1
Pudel1 144   1   2   1   1  25   2   2   1   1 JURA   1  42   2 811   2   1
Pudel1 144   1   2   1   1  25   2   2   1   1 JURA   1  43   5 852   5   1
Pudel1 144   1   2   1   1  25   2   2   1   1 JURA   1  44   3 758   3   1
Pudel1 144   1   2   1   1  25   2   2   1   1 JURA   1  45   6 811   6   1
Pudel1 144   1   2   1   1  25   2   2   1   1 JURA   1  46   5 876   5   1
Pudel1 144   1   2   1   1  25   2   2   1   1 JURA   1  47   1 721   1   1
Pudel1 144   1   2   1   1  25   2   2   1   1 JURA   1  48   2 842   2   1
Pudel1 144   1   2   1   1  25   2   2   1   1 JURA   1  49   3 727   3   1
Pudel1 144   1   2   1   1  25   2   2   1   1 JURA   1  50   4 1064   4   1
Pudel1 144   1   2   1   1  25   2   2   1   1 JURA   1  51   5 741   5   1
Pudel1 144   1   2   1   1  25   2   2   1   1 JURA   1  52   1 676   1   1
Pudel1 144   1   2   1   1  25   2   2   1   1 JURA   1  53   2 733   2   1
Pudel1 144   1   2   1   1  25   2   2   1   1 JURA   1  54   6 660   6   1
Pudel1 144   1   2   1   1  25   2   2   1   1 JURA   1  55   5 687   5   1
Pudel1 144   1   2   1   1  25   2   2   1   1 JURA   1  56   3 781   2   0
Pudel1 144   1   2   1   1  25   2   2   1   1 JURA   1  57   5 1381   4   0
Pudel1 144   1   2   1   1  25   2   2   1   1 JURA   1  58   3 1075   3   1
Pudel1 144   1   2   1   1  25   2   2   1   1 JURA   1  59   6 1216   5   0
Pudel1 144   1   2   1   1  25   2   2   1   1 JURA   1  60   2 1090   2   1
Pudel1 144   1   2   1   1  25   2   2   1   1 JURA   1  61   1 784   1   1
Pudel1 144   1   2   1   1  25   2   2   1   1 JURA   1  62   6 1312   6   1
Pudel1 144   1   2   1   1  25   2   2   1   1 JURA   1  63   2 1091   2   1
Pudel1 144   1   2   1   1  25   2   2   1   1 JURA   1  64   6 2321   5   0
Pudel1 144   1   2   1   1  25   2   2   1   1 JURA   1  65   3 1137   3   1
Pudel1 144   1   2   1   1  25   2   2   1   1 JURA   1  66   2 1117   2   1
Pudel1 144   1   2   1   1  25   2   2   1   1 JURA   1  67   1 766   1   1
Pudel1 144   1   2   1   1  25   2   2   1   1 JURA   1  68   5 3112   5   1
Pudel1 144   1   2   1   1  25   2   2   1   1 JURA   1  69   4 993   4   1
Pudel1 144   1   2   1   1  25   2   2   1   1 JURA   1  70   2 1421   2   1
Pudel1 144   1   2   1   1  25   2   2   1   1 JURA   1  71   5 1082   5   1
Pudel1 144   1   2   1   1  25   2   2   1   1 JURA   1  72   6 810   6   1
Pudel1 144   1   2   1   1  25   2   2   1   1 JURA   1  73   1 969   1   1
Pudel1 144   1   2   1   1  25   2   2   1   1 JURA   1  74   2 724   2   1
Pudel1 144   1   2   1   1  25   2   2   1   1 JURA   1  75   5 1190   5   1
Pudel1 144   1   2   1   1  25   2   2   1   1 JURA   1  76   6 765   6   1
Pudel1 144   1   2   1   1  25   2   2   1   1 JURA   1  77   3 1140   3   1
Pudel1 144   1   2   1   1  25   2   2   1   1 JURA   1  78   5 865   5   1
Pudel1 144   1   2   1   1  25   2   2   1   1 JURA   1  79   2 907   2   1
Pudel1 144   1   2   1   1  25   2   2   1   1 JURA   1  80   4 1398   4   1
Pudel1 144   1   2   1   1  25   2   2   1   1 JURA   1  81   5 916   5   1
Pudel1 144   1   2   1   1  25   2   2   1   1 JURA   1  82   2 864   2   1
Pudel1 144   1   2   1   1  25   2   2   1   1 JURA   1  83   3 850   3   1
Pudel1 144   1   2   1   1  25   2   2   1   1 JURA   1  84   6 991   6   1
Pudel1 144   1   2   1   1  25   2   2   1   1 JURA   1  85   2 1165   2   1
Pudel1 144   1   2   1   1  25   2   2   1   1 JURA   1  86   5 842   5   1
Pudel1 144   1   2   1   1  25   2   2   1   1 JURA   1  87   1 786   1   1
Pudel1 144   1   2   1   1  25   2   2   1   1 JURA   1  88   4 1094   4   1
Pudel1 144   1   2   1   1  25   2   2   1   1 JURA   1  89   2 735   2   1
Pudel1 144   1   2   1   1  25   2   2   1   1 JURA   1  90   5 979   5   1
Pudel1 144   1   2   1   1  25   2   2   1   1 JURA   1  91   1 687   1   1
Pudel1 144   1   2   1   1  25   2   2   1   1 JURA   1  92   3 827   3   1
Pudel1 144   1   2   1   1  25   2   2   1   1 JURA   1  93   6 1060   6   1
Pudel1 144   1   2   1   1  25   2   2   1   1 JURA   1  94   2 792   2   1
Pudel1 144   1   2   1   1  25   2   2   1   1 JURA   1  95   5 873   5   1
Pudel1 144   1   2   1   1  25   2   2   1   1 JURA   1  96   4 903   4   1
Pudel1 144   1   2   1   1  25   2   2   1   1 JURA   1  97   1 802   1   1
Pudel1 144   1   2   1   1  25   2   2   1   1 JURA   1  98   2 829   2   1
Pudel1 144   1   2   1   1  25   2   2   1   1 JURA   1  99   6 874   6   1
Pudel1 144   1   2   1   1  25   2   2   1   1 JURA   1 100   4 887   4   1
Pudel1 144   1   2   1   1  25   2   2   1   1 JURA   1 101   5 764   5   1
Pudel1 144   1   2   1   1  25   2   2   1   1 JURA   1 102   3 887   3   1
Pudel1 144   1   2   1   1  25   2   2   1   1 JURA   1 103   2 847   2   1
Pudel1 144   1   2   1   1  25   2   2   1   1 JURA   1 104   5 2056   5   1
Pudel1 144   1   2   1   1  25   2   2   1   1 JURA   1 105   1 691   1   1
Pudel1 144   1   2   1   1  25   2   2   1   1 JURA   1 106   3 1070   3   1
Pudel1 144   1   2   1   1  25   2   2   1   1 JURA   1 107   5 863   5   1
Pudel1 144   1   2   1   1  25   2   2   1   1 JURA   1 108   2 853   2   1
Pudel1 144   1   2   1   1  25   2   2   1   1 JURA   1 109   6 843   6   1
Pudel1 144   1   2   1   1  25   2   2   1   1 JURA   1 110   5 766   5   1
Pudel1 144   1   2   1   1  25   2   2   1   1 JURA   1 111   2 912   2   1
Pudel1 144   1   2   1   1  25   2   2   1   1 JURA   1 112   4 1333   4   1
Pudel1 144   1   2   1   1  25   2   2   1   1 JURA   1 113   3 1301   3   1
Pudel1 144   1   2   1   1  25   2   2   1   1 JURA   1 114   5 757   5   1
Pudel1 144   1   2   1   1  25   2   2   1   1 JURA   1 115   6 710   6   1
Pudel1 144   1   2   1   1  25   2   2   1   1 JURA   1 116   1 745   1   1
Pudel1 144   1   2   1   1  25   2   2   1   1 JURA   1 117   2 703   2   1
Pudel1 144   1   2   1   1  25   2   2   1   1 JURA   1 118   4 1518   4   1
Pudel1 144   1   2   1   1  25   2   2   1   1 JURA   1 119   5 824   5   1
Pudel1 144   1   2   1   1  25   2   2   1   1 JURA   1 120   2 922   2   1
Pudel1 144   1   2   1   1  25   2   2   1   1 JURA   1 121   1 784   1   1
Pudel1 144   1   2   1   1  25   2   2   1   1 JURA   1 122   5 899   5   1
Pudel1 144   1   2   1   1  25   2   2   1   1 JURA   1 123   2 1159   2   1
Pudel1 144   1   2   1   1  25   2   2   1   1 JURA   1 124   6 795   6   1
Pudel1 144   1   2   1   1  25   2   2   1   1 JURA   1 125   4 1215   4   1
Pudel1 144   1   2   1   1  25   2   2   1   1 JURA   1 126   2 779   2   1
Pudel1 144   1   2   1   1  25   2   2   1   1 JURA   1 127   5 926   5   1
Pudel1 144   1   2   1   1  25   2   2   1   1 JURA   1 128   3 855   3   1
Pudel1 144   1   2   1   1  25   2   2   1   1 JURA   1 129   1 676   1   1
Pudel1 144   1   2   1   1  25   2   2   1   1 JURA   1 130   4 1659   4   1
Pudel1 144   1   2   1   1  25   2   2   1   1 JURA   1 131   5 773   5   1
Pudel1 144   1   2   1   1  25   2   2   1   1 JURA   1 132   3 1140   3   1
Pudel1 144   1   2   1   1  25   2   2   1   1 JURA   1 133   2 1024   2   1
Pudel1 144   1   2   1   1  25   2   2   1   1 JURA   1 134   5 1216   5   1
Pudel1 144   1   2   1   1  25   2   2   1   1 JURA   1 135   6 744   6   1
Pudel1 144   1   2   1   1  25   2   2   1   1 JURA   1 136   2 801   2   1
Pudel1 144   1   2   1   1  25   2   2   1   1 JURA   1 137   5 847   5   1
Pudel1 144   1   2   1   1  25   2   2   1   1 JURA   1 138   1 750   1   1
Pudel1 144   1   2   1   1  25   2   2   1   1 JURA   1 139   2 943   2   1
Pudel1 144   1   2   1   1  25   2   2   1   1 JURA   1 140   5 1746   5   1
Pudel1 144   1   2   1   1  25   2   2   1   1 JURA   1 141   3 1221   3   1
Pudel1 144   1   2   1   1  25   2   2   1   1 JURA   1 142   2 791   2   1
Pudel1 144   1   2   1   1  25   2   2   1   1 JURA   1 143   4 1120   4   1
Pudel1 144   1   2   1   1  25   2   2   1   1 JURA   1 144   6 846   6   1
Pudel1 144   1   2   1   1  25   2   2   1   1 JURA   2   1   5 784   5   1
Pudel1 144   1   2   1   1  25   2   2   1   1 JURA   2   2   6 648   6   1
Pudel1 144   1   2   1   1  25   2   2   1   1 JURA   2   3   3 877   3   1
Pudel1 144   1   2   1   1  25   2   2   1   1 JURA   2   4   5 752   5   1
Pudel1 144   1   2   1   1  25   2   2   1   1 JURA   2   5   2 757   2   1
Pudel1 144   1   2   1   1  25   2   2   1   1 JURA   2   6   5 832   4   0
Pudel1 144   1   2   1   1  25   2   2   1   1 JURA   2   7   1 812   1   1
Pudel1 144   1   2   1   1  25   2   2   1   1 JURA   2   8   2 799   2   1
Pudel1 144   1   2   1   1  25   2   2   1   1 JURA   2   9   5 2018   5   1
Pudel1 144   1   2   1   1  25   2   2   1   1 JURA   2  10   4 711   4   1
Pudel1 144   1   2   1   1  25   2   2   1   1 JURA   2  11   2 894   2   1
Pudel1 144   1   2   1   1  25   2   2   1   1 JURA   2  12   6 1319   6   1
Pudel1 144   1   2   1   1  25   2   2   1   1 JURA   2  13   5 1054   5   1
Pudel1 144   1   2   1   1  25   2   2   1   1 JURA   2  14   2 968   2   1
Pudel1 144   1   2   1   1  25   2   2   1   1 JURA   2  15   1 710   1   1
Pudel1 144   1   2   1   1  25   2   2   1   1 JURA   2  16   3 836   3   1
Pudel1 144   1   2   1   1  25   2   2   1   1 JURA   2  17   2 667   2   1
Pudel1 144   1   2   1   1  25   2   2   1   1 JURA   2  18   1 777   1   1
Pudel1 144   1   2   1   1  25   2   2   1   1 JURA   2  19   4 1653   4   1
Pudel1 144   1   2   1   1  25   2   2   1   1 JURA   2  20   5 701   5   1
Pudel1 144   1   2   1   1  25   2   2   1   1 JURA   2  21   6 685   6   1
Pudel1 144   1   2   1   1  25   2   2   1   1 JURA   2  22   2 795   2   1
Pudel1 144   1   2   1   1  25   2   2   1   1 JURA   2  23   3 761   3   1
Pudel1 144   1   2   1   1  25   2   2   1   1 JURA   2  24   5 810   5   1
Pudel1 144   1   2   1   1  25   2   2   1   1 JURA   2  25   2 858   2   1
Pudel1 144   1   2   1   1  25   2   2   1   1 JURA   2  26   3 795   3   1
Pudel1 144   1   2   1   1  25   2   2   1   1 JURA   2  27   5 830   5   1
Pudel1 144   1   2   1   1  25   2   2   1   1 JURA   2  28   2 714   2   1
Pudel1 144   1   2   1   1  25   2   2   1   1 JURA   2  29   4 1464   4   1
Pudel1 144   1   2   1   1  25   2   2   1   1 JURA   2  30   5 711   5   1
Pudel1 144   1   2   1   1  25   2   2   1   1 JURA   2  31   1 808   1   1
Pudel1 144   1   2   1   1  25   2   2   1   1 JURA   2  32   6 1213   6   1
Pudel1 144   1   2   1   1  25   2   2   1   1 JURA   2  33   3 857   3   1
Pudel1 144   1   2   1   1  25   2   2   1   1 JURA   2  34   2 691   2   1
Pudel1 144   1   2   1   1  25   2   2   1   1 JURA   2  35   5 816   5   1
Pudel1 144   1   2   1   1  25   2   2   1   1 JURA   2  36   4 1268   4   1
Pudel1 144   1   2   1   1  25   2   2   1   1 JURA   2  37   2 709   2   1
Pudel1 144   1   2   1   1  25   2   2   1   1 JURA   2  38   1 777   1   1
Pudel1 144   1   2   1   1  25   2   2   1   1 JURA   2  39   5 836   5   1
Pudel1 144   1   2   1   1  25   2   2   1   1 JURA   2  40   6 762   6   1
Pudel1 144   1   2   1   1  25   2   2   1   1 JURA   2  41   4 1137   4   1
Pudel1 144   1   2   1   1  25   2   2   1   1 JURA   2  42   2 1515   2   1
Pudel1 144   1   2   1   1  25   2   2   1   1 JURA   2  43   5 1169   5   1
Pudel1 144   1   2   1   1  25   2   2   1   1 JURA   2  44   3 791   3   1
Pudel1 144   1   2   1   1  25   2   2   1   1 JURA   2  45   6 731   6   1
Pudel1 144   1   2   1   1  25   2   2   1   1 JURA   2  46   5 665   5   1
Pudel1 144   1   2   1   1  25   2   2   1   1 JURA   2  47   1 652   1   1
Pudel1 144   1   2   1   1  25   2   2   1   1 JURA   2  48   2 736   2   1
Pudel1 144   1   2   1   1  25   2   2   1   1 JURA   2  49   3 679   3   1
Pudel1 144   1   2   1   1  25   2   2   1   1 JURA   2  50   4 757   4   1
Pudel1 144   1   2   1   1  25   2   2   1   1 JURA   2  51   5 570   5   1
Pudel1 144   1   2   1   1  25   2   2   1   1 JURA   2  52   1 674   1   1
Pudel1 144   1   2   1   1  25   2   2   1   1 JURA   2  53   2 708   2   1
Pudel1 144   1   2   1   1  25   2   2   1   1 JURA   2  54   6 730   6   1
Pudel1 144   1   2   1   1  25   2   2   1   1 JURA   2  55   5 1316   5   1
Pudel1 144   1   2   1   1  25   2   2   1   1 JURA   2  56   2 963   2   1
Pudel1 144   1   2   1   1  25   2   2   1   1 JURA   2  57   4 1153   4   1
Pudel1 144   1   2   1   1  25   2   2   1   1 JURA   2  58   2 790   3   0
Pudel1 144   1   2   1   1  25   2   2   1   1 JURA   2  59   5 1059   5   1
Pudel1 144   1   2   1   1  25   2   2   1   1 JURA   2  60   2 1369   2   1
Pudel1 144   1   2   1   1  25   2   2   1   1 JURA   2  61   1 719   1   1
Pudel1 144   1   2   1   1  25   2   2   1   1 JURA   2  62   6 781   6   1
Pudel1 144   1   2   1   1  25   2   2   1   1 JURA   2  63   2 747   2   1
Pudel1 144   1   2   1   1  25   2   2   1   1 JURA   2  64   5 1003   5   1
Pudel1 144   1   2   1   1  25   2   2   1   1 JURA   2  65   2 989   3   0
Pudel1 144   1   2   1   1  25   2   2   1   1 JURA   2  66   2 1685   2   1
Pudel1 144   1   2   1   1  25   2   2   1   1 JURA   2  67   1 725   1   1
Pudel1 144   1   2   1   1  25   2   2   1   1 JURA   2  68   5 2355   5   1
Pudel1 144   1   2   1   1  25   2   2   1   1 JURA   2  69   4 976   4   1
Pudel1 144   1   2   1   1  25   2   2   1   1 JURA   2  70   2 910   2   1
Pudel1 144   1   2   1   1  25   2   2   1   1 JURA   2  71   5 756   5   1
Pudel1 144   1   2   1   1  25   2   2   1   1 JURA   2  72   6 737   6   1
Pudel1 144   1   2   1   1  25   2   2   1   1 JURA   2  73   1 759   1   1
Pudel1 144   1   2   1   1  25   2   2   1   1 JURA   2  74   2 656   2   1
Pudel1 144   1   2   1   1  25   2   2   1   1 JURA   2  75   5 1135   5   1
Pudel1 144   1   2   1   1  25   2   2   1   1 JURA   2  76   6 698   6   1
Pudel1 144   1   2   1   1  25   2   2   1   1 JURA   2  77   3 1202   3   1
Pudel1 144   1   2   1   1  25   2   2   1   1 JURA   2  78   5 893   5   1
Pudel1 144   1   2   1   1  25   2   2   1   1 JURA   2  79   2 830   2   1
Pudel1 144   1   2   1   1  25   2   2   1   1 JURA   2  80   4 1176   4   1
Pudel1 144   1   2   1   1  25   2   2   1   1 JURA   2  81   5 745   5   1
Pudel1 144   1   2   1   1  25   2   2   1   1 JURA   2  82   2 893   2   1
Pudel1 144   1   2   1   1  25   2   2   1   1 JURA   2  83   3 914   3   1
Pudel1 144   1   2   1   1  25   2   2   1   1 JURA   2  84   6 881   6   1
Pudel1 144   1   2   1   1  25   2   2   1   1 JURA   2  85   2 715   2   1
Pudel1 144   1   2   1   1  25   2   2   1   1 JURA   2  86   5 927   5   1
Pudel1 144   1   2   1   1  25   2   2   1   1 JURA   2  87   1 701   1   1
Pudel1 144   1   2   1   1  25   2   2   1   1 JURA   2  88   4 1028   4   1
Pudel1 144   1   2   1   1  25   2   2   1   1 JURA   2  89   2 812   2   1
Pudel1 144   1   2   1   1  25   2   2   1   1 JURA   2  90   5 1054   5   1
Pudel1 144   1   2   1   1  25   2   2   1   1 JURA   2  91   1 798   1   1
Pudel1 144   1   2   1   1  25   2   2   1   1 JURA   2  92   3 879   3   1
Pudel1 144   1   2   1   1  25   2   2   1   1 JURA   2  93   6 710   6   1
Pudel1 144   1   2   1   1  25   2   2   1   1 JURA   2  94   2 781   2   1
Pudel1 144   1   2   1   1  25   2   2   1   1 JURA   2  95   5 984   5   1
Pudel1 144   1   2   1   1  25   2   2   1   1 JURA   2  96   4 830   4   1
Pudel1 144   1   2   1   1  25   2   2   1   1 JURA   2  97   1 766   1   1
Pudel1 144   1   2   1   1  25   2   2   1   1 JURA   2  98   2 745   2   1
Pudel1 144   1   2   1   1  25   2   2   1   1 JURA   2  99   6 741   6   1
Pudel1 144   1   2   1   1  25   2   2   1   1 JURA   2 100   4 1014   4   1
Pudel1 144   1   2   1   1  25   2   2   1   1 JURA   2 101   5 809   5   1
Pudel1 144   1   2   1   1  25   2   2   1   1 JURA   2 102   3 1329   3   1
Pudel1 144   1   2   1   1  25   2   2   1   1 JURA   2 103   2 698   2   1
Pudel1 144   1   2   1   1  25   2   2   1   1 JURA   2 104   5 896   5   1
Pudel1 144   1   2   1   1  25   2   2   1   1 JURA   2 105   1 725   1   1
Pudel1 144   1   2   1   1  25   2   2   1   1 JURA   2 106   3 817   3   1
Pudel1 144   1   2   1   1  25   2   2   1   1 JURA   2 107   5 739   5   1
Pudel1 144   1   2   1   1  25   2   2   1   1 JURA   2 108   2 774   2   1
Pudel1 144   1   2   1   1  25   2   2   1   1 JURA   2 109   6 846   6   1
Pudel1 144   1   2   1   1  25   2   2   1   1 JURA   2 110   5 825   5   1
Pudel1 144   1   2   1   1  25   2   2   1   1 JURA   2 111   2 926   2   1
Pudel1 144   1   2   1   1  25   2   2   1   1 JURA   2 112   4 1145   4   1
Pudel1 144   1   2   1   1  25   2   2   1   1 JURA   2 113   3 999   3   1
Pudel1 144   1   2   1   1  25   2   2   1   1 JURA   2 114   5 923   5   1
Pudel1 144   1   2   1   1  25   2   2   1   1 JURA   2 115   6 775   6   1
Pudel1 144   1   2   1   1  25   2   2   1   1 JURA   2 116   1 771   1   1
Pudel1 144   1   2   1   1  25   2   2   1   1 JURA   2 117   2 753   2   1
Pudel1 144   1   2   1   1  25   2   2   1   1 JURA   2 118   4 1052   4   1
Pudel1 144   1   2   1   1  25   2   2   1   1 JURA   2 119   5 758   5   1
Pudel1 144   1   2   1   1  25   2   2   1   1 JURA   2 120   2 832   2   1
Pudel1 144   1   2   1   1  25   2   2   1   1 JURA   2 121   1 724   1   1
Pudel1 144   1   2   1   1  25   2   2   1   1 JURA   2 122   5 775   5   1
Pudel1 144   1   2   1   1  25   2   2   1   1 JURA   2 123   2 1009   2   1
Pudel1 144   1   2   1   1  25   2   2   1   1 JURA   2 124   6 1213   6   1
Pudel1 144   1   2   1   1  25   2   2   1   1 JURA   2 125   4 1077   4   1
Pudel1 144   1   2   1   1  25   2   2   1   1 JURA   2 126   2 829   2   1
Pudel1 144   1   2   1   1  25   2   2   1   1 JURA   2 127   5 943   5   1
Pudel1 144   1   2   1   1  25   2   2   1   1 JURA   2 128   3 977   3   1
Pudel1 144   1   2   1   1  25   2   2   1   1 JURA   2 129   1 793   1   1
Pudel1 144   1   2   1   1  25   2   2   1   1 JURA   2 130   4 1026   4   1
Pudel1 144   1   2   1   1  25   2   2   1   1 JURA   2 131   5 1093   5   1
Pudel1 144   1   2   1   1  25   2   2   1   1 JURA   2 132   3 1158   3   1
Pudel1 144   1   2   1   1  25   2   2   1   1 JURA   2 133   2 856   2   1
Pudel1 144   1   2   1   1  25   2   2   1   1 JURA   2 134   5 840   5   1
Pudel1 144   1   2   1   1  25   2   2   1   1 JURA   2 135   6 903   6   1
Pudel1 144   1   2   1   1  25   2   2   1   1 JURA   2 136   2 748   2   1
Pudel1 144   1   2   1   1  25   2   2   1   1 JURA   2 137   4 1083   5   0
Pudel1 144   1   2   1   1  25   2   2   1   1 JURA   2 138   1 943   1   1
Pudel1 144   1   2   1   1  25   2   2   1   1 JURA   2 139   3 882   2   0
Pudel1 144   1   2   1   1  25   2   2   1   1 JURA   2 140   5 876   5   1
Pudel1 144   1   2   1   1  25   2   2   1   1 JURA   2 141   3 884   3   1
Pudel1 144   1   2   1   1  25   2   2   1   1 JURA   2 142   2 748   2   1
Pudel1 144   1   2   1   1  25   2   2   1   1 JURA   2 143   4 1472   4   1
Pudel1 144   1   2   1   1  25   2   2   1   1 JURA   2 144   6 787   6   1
Pudel1 144   1   2   1   1  25   2   2   1   1 JURA   3   1   5 839   5   1
Pudel1 144   1   2   1   1  25   2   2   1   1 JURA   3   2   6 607   6   1
Pudel1 144   1   2   1   1  25   2   2   1   1 JURA   3   3   3 898   3   1
Pudel1 144   1   2   1   1  25   2   2   1   1 JURA   3   4   5 776   5   1
Pudel1 144   1   2   1   1  25   2   2   1   1 JURA   3   5   2 718   2   1
Pudel1 144   1   2   1   1  25   2   2   1   1 JURA   3   6   4 1026   4   1
Pudel1 144   1   2   1   1  25   2   2   1   1 JURA   3   7   1 710   1   1
Pudel1 144   1   2   1   1  25   2   2   1   1 JURA   3   8   2 682   2   1
Pudel1 144   1   2   1   1  25   2   2   1   1 JURA   3   9   5 911   5   1
Pudel1 144   1   2   1   1  25   2   2   1   1 JURA   3  10   4 1289   4   1
Pudel1 144   1   2   1   1  25   2   2   1   1 JURA   3  11   2 830   2   1
Pudel1 144   1   2   1   1  25   2   2   1   1 JURA   3  12   6 804   6   1
Pudel1 144   1   2   1   1  25   2   2   1   1 JURA   3  13   5 740   5   1
Pudel1 144   1   2   1   1  25   2   2   1   1 JURA   3  14   2 1060   2   1
Pudel1 144   1   2   1   1  25   2   2   1   1 JURA   3  15   1 744   1   1
Pudel1 144   1   2   1   1  25   2   2   1   1 JURA   3  16   3 735   3   1
Pudel1 144   1   2   1   1  25   2   2   1   1 JURA   3  17   2 697   2   1
Pudel1 144   1   2   1   1  25   2   2   1   1 JURA   3  18   1 662   1   1
Pudel1 144   1   2   1   1  25   2   2   1   1 JURA   3  19   5 886   4   0
Pudel1 144   1   2   1   1  25   2   2   1   1 JURA   3  20   5 1982   5   1
Pudel1 144   1   2   1   1  25   2   2   1   1 JURA   3  21   6 680   6   1
Pudel1 144   1   2   1   1  25   2   2   1   1 JURA   3  22   2 894   2   1
Pudel1 144   1   2   1   1  25   2   2   1   1 JURA   3  23   3 856   3   1
Pudel1 144   1   2   1   1  25   2   2   1   1 JURA   3  24   5 1005   5   1
Pudel1 144   1   2   1   1  25   2   2   1   1 JURA   3  25   2 825   2   1
Pudel1 144   1   2   1   1  25   2   2   1   1 JURA   3  26   3 874   3   1
Pudel1 144   1   2   1   1  25   2   2   1   1 JURA   3  27   5 788   5   1
Pudel1 144   1   2   1   1  25   2   2   1   1 JURA   3  28   2 836   2   1
Pudel1 144   1   2   1   1  25   2   2   1   1 JURA   3  29   4 1169   4   1
Pudel1 144   1   2   1   1  25   2   2   1   1 JURA   3  30   5 816   5   1
Pudel1 144   1   2   1   1  25   2   2   1   1 JURA   3  31   1 769   1   1
Pudel1 144   1   2   1   1  25   2   2   1   1 JURA   3  32   6 880   6   1
Pudel1 144   1   2   1   1  25   2   2   1   1 JURA   3  33   3 983   3   1
Pudel1 144   1   2   1   1  25   2   2   1   1 JURA   3  34   2 794   2   1
Pudel1 144   1   2   1   1  25   2   2   1   1 JURA   3  35   5 995   5   1
Pudel1 144   1   2   1   1  25   2   2   1   1 JURA   3  36   4 940   4   1
Pudel1 144   1   2   1   1  25   2   2   1   1 JURA   3  37   2 750   2   1
Pudel1 144   1   2   1   1  25   2   2   1   1 JURA   3  38   1 1046   1   1
Pudel1 144   1   2   1   1  25   2   2   1   1 JURA   3  39   5 894   5   1
Pudel1 144   1   2   1   1  25   2   2   1   1 JURA   3  40   6 872   6   1
Pudel1 144   1   2   1   1  25   2   2   1   1 JURA   3  41   4 946   4   1
Pudel1 144   1   2   1   1  25   2   2   1   1 JURA   3  42   2 719   2   1
Pudel1 144   1   2   1   1  25   2   2   1   1 JURA   3  43   5 784   5   1
Pudel1 144   1   2   1   1  25   2   2   1   1 JURA   3  44   3 909   3   1
Pudel1 144   1   2   1   1  25   2   2   1   1 JURA   3  45   6 741   6   1
Pudel1 144   1   2   1   1  25   2   2   1   1 JURA   3  46   5 733   5   1
Pudel1 144   1   2   1   1  25   2   2   1   1 JURA   3  47   1 779   1   1
Pudel1 144   1   2   1   1  25   2   2   1   1 JURA   3  48   2 702   2   1
Pudel1 144   1   2   1   1  25   2   2   1   1 JURA   3  49   3 742   3   1
Pudel1 144   1   2   1   1  25   2   2   1   1 JURA   3  50   5 666   4   0
Pudel1 144   1   2   1   1  25   2   2   1   1 JURA   3  51   5 943   5   1
Pudel1 144   1   2   1   1  25   2   2   1   1 JURA   3  52   1 708   1   1
Pudel1 144   1   2   1   1  25   2   2   1   1 JURA   3  53   2 1411   2   1
Pudel1 144   1   2   1   1  25   2   2   1   1 JURA   3  54   6 883   6   1
Pudel1 144   1   2   1   1  25   2   2   1   1 JURA   3  55   5 707   5   1
Pudel1 144   1   2   1   1  25   2   2   1   1 JURA   3  56   2 832   2   1
Pudel1 144   1   2   1   1  25   2   2   1   1 JURA   3  57   5 891   4   0
Pudel1 144   1   2   1   1  25   2   2   1   1 JURA   3  58   2 1492   3   0
Pudel1 144   1   2   1   1  25   2   2   1   1 JURA   3  59   5 1855   5   1
Pudel1 144   1   2   1   1  25   2   2   1   1 JURA   3  60   2 827   2   1
Pudel1 144   1   2   1   1  25   2   2   1   1 JURA   3  61   1 720   1   1
Pudel1 144   1   2   1   1  25   2   2   1   1 JURA   3  62   6 1023   6   1
Pudel1 144   1   2   1   1  25   2   2   1   1 JURA   3  63   2 903   2   1
Pudel1 144   1   2   1   1  25   2   2   1   1 JURA   3  64   5 926   5   1
Pudel1 144   1   2   1   1  25   2   2   1   1 JURA   3  65   3 1252   3   1
Pudel1 144   1   2   1   1  25   2   2   1   1 JURA   3  66   2 859   2   1
Pudel1 144   1   2   1   1  25   2   2   1   1 JURA   3  67   1 761   1   1
Pudel1 144   1   2   1   1  25   2   2   1   1 JURA   3  68   5 845   5   1
Pudel1 144   1   2   1   1  25   2   2   1   1 JURA   3  69   4 706   4   1
Pudel1 144   1   2   1   1  25   2   2   1   1 JURA   3  70   2 723   2   1
Pudel1 144   1   2   1   1  25   2   2   1   1 JURA   3  71   5 766   5   1
Pudel1 144   1   2   1   1  25   2   2   1   1 JURA   3  72   6 721   6   1
Pudel1 144   1   2   1   1  25   2   2   1   1 JURA   3  73   1 702   1   1
Pudel1 144   1   2   1   1  25   2   2   1   1 JURA   3  74   2 674   2   1
Pudel1 144   1   2   1   1  25   2   2   1   1 JURA   3  75   5 785   5   1
Pudel1 144   1   2   1   1  25   2   2   1   1 JURA   3  76   6 702   6   1
Pudel1 144   1   2   1   1  25   2   2   1   1 JURA   3  77   3 1119   3   1
Pudel1 144   1   2   1   1  25   2   2   1   1 JURA   3  78   5 788   5   1
Pudel1 144   1   2   1   1  25   2   2   1   1 JURA   3  79   2 738   2   1
Pudel1 144   1   2   1   1  25   2   2   1   1 JURA   3  80   4 1080   4   1
Pudel1 144   1   2   1   1  25   2   2   1   1 JURA   3  81   5 893   5   1
Pudel1 144   1   2   1   1  25   2   2   1   1 JURA   3  82   2 974   2   1
Pudel1 144   1   2   1   1  25   2   2   1   1 JURA   3  83   3 936   3   1
Pudel1 144   1   2   1   1  25   2   2   1   1 JURA   3  84   6 968   6   1
Pudel1 144   1   2   1   1  25   2   2   1   1 JURA   3  85   2 707   2   1
Pudel1 144   1   2   1   1  25   2   2   1   1 JURA   3  86   5 913   5   1
Pudel1 144   1   2   1   1  25   2   2   1   1 JURA   3  87   1 712   1   1
Pudel1 144   1   2   1   1  25   2   2   1   1 JURA   3  88   4 1146   4   1
Pudel1 144   1   2   1   1  25   2   2   1   1 JURA   3  89   2 817   2   1
Pudel1 144   1   2   1   1  25   2   2   1   1 JURA   3  90   5 803   5   1
Pudel1 144   1   2   1   1  25   2   2   1   1 JURA   3  91   1 780   1   1
Pudel1 144   1   2   1   1  25   2   2   1   1 JURA   3  92   3 756   3   1
Pudel1 144   1   2   1   1  25   2   2   1   1 JURA   3  93   6 758   6   1
Pudel1 144   1   2   1   1  25   2   2   1   1 JURA   3  94   2 789   2   1
Pudel1 144   1   2   1   1  25   2   2   1   1 JURA   3  95   5 893   5   1
Pudel1 144   1   2   1   1  25   2   2   1   1 JURA   3  96   4 851   4   1
Pudel1 144   1   2   1   1  25   2   2   1   1 JURA   3  97   1 728   1   1
Pudel1 144   1   2   1   1  25   2   2   1   1 JURA   3  98   2 799   2   1
Pudel1 144   1   2   1   1  25   2   2   1   1 JURA   3  99   6 746   6   1
Pudel1 144   1   2   1   1  25   2   2   1   1 JURA   3 100   4 994   4   1
Pudel1 144   1   2   1   1  25   2   2   1   1 JURA   3 101   5 760   5   1
Pudel1 144   1   2   1   1  25   2   2   1   1 JURA   3 102   3 988   3   1
Pudel1 144   1   2   1   1  25   2   2   1   1 JURA   3 103   2 750   2   1
Pudel1 144   1   2   1   1  25   2   2   1   1 JURA   3 104   5 900   5   1
Pudel1 144   1   2   1   1  25   2   2   1   1 JURA   3 105   1 976   1   1
Pudel1 144   1   2   1   1  25   2   2   1   1 JURA   3 106   3 692   3   1
Pudel1 144   1   2   1   1  25   2   2   1   1 JURA   3 107   5 702   5   1
Pudel1 144   1   2   1   1  25   2   2   1   1 JURA   3 108   2 707   2   1
Pudel1 144   1   2   1   1  25   2   2   1   1 JURA   3 109   6 1057   6   1
Pudel1 144   1   2   1   1  25   2   2   1   1 JURA   3 110   5 1453   5   1
Pudel1 144   1   2   1   1  25   2   2   1   1 JURA   3 111   2 870   2   1
Pudel1 144   1   2   1   1  25   2   2   1   1 JURA   3 112   4 1176   4   1
Pudel1 144   1   2   1   1  25   2   2   1   1 JURA   3 113   3 1202   3   1
Pudel1 144   1   2   1   1  25   2   2   1   1 JURA   3 114   5 809   5   1
Pudel1 144   1   2   1   1  25   2   2   1   1 JURA   3 115   6 811   6   1
Pudel1 144   1   2   1   1  25   2   2   1   1 JURA   3 116   1 643   1   1
Pudel1 144   1   2   1   1  25   2   2   1   1 JURA   3 117   2 669   2   1
Pudel1 144   1   2   1   1  25   2   2   1   1 JURA   3 118   5 1379   4   0
Pudel1 144   1   2   1   1  25   2   2   1   1 JURA   3 119   5 793   5   1
Pudel1 144   1   2   1   1  25   2   2   1   1 JURA   3 120   2 827   2   1
Pudel1 144   1   2   1   1  25   2   2   1   1 JURA   3 121   1 754   1   1
Pudel1 144   1   2   1   1  25   2   2   1   1 JURA   3 122   5 807   5   1
Pudel1 144   1   2   1   1  25   2   2   1   1 JURA   3 123   2 781   2   1
Pudel1 144   1   2   1   1  25   2   2   1   1 JURA   3 124   6 790   6   1
Pudel1 144   1   2   1   1  25   2   2   1   1 JURA   3 125   4 945   4   1
Pudel1 144   1   2   1   1  25   2   2   1   1 JURA   3 126   2 701   2   1
Pudel1 144   1   2   1   1  25   2   2   1   1 JURA   3 127   5 677   5   1
Pudel1 144   1   2   1   1  25   2   2   1   1 JURA   3 128   3 877   3   1
Pudel1 144   1   2   1   1  25   2   2   1   1 JURA   3 129   1 729   1   1
Pudel1 144   1   2   1   1  25   2   2   1   1 JURA   3 130   4 996   4   1
Pudel1 144   1   2   1   1  25   2   2   1   1 JURA   3 131   5 759   5   1
Pudel1 144   1   2   1   1  25   2   2   1   1 JURA   3 132   3 928   3   1
Pudel1 144   1   2   1   1  25   2   2   1   1 JURA   3 133   2 672   2   1
Pudel1 144   1   2   1   1  25   2   2   1   1 JURA   3 134   5 939   5   1
Pudel1 144   1   2   1   1  25   2   2   1   1 JURA   3 135   6 710   6   1
Pudel1 144   1   2   1   1  25   2   2   1   1 JURA   3 136   2 750   2   1
Pudel1 144   1   2   1   1  25   2   2   1   1 JURA   3 137   5 795   5   1
Pudel1 144   1   2   1   1  25   2   2   1   1 JURA   3 138   1 719   1   1
Pudel1 144   1   2   1   1  25   2   2   1   1 JURA   3 139   2 689   2   1
Pudel1 144   1   2   1   1  25   2   2   1   1 JURA   3 140   5 898   5   1
Pudel1 144   1   2   1   1  25   2   2   1   1 JURA   3 141   3 1012   3   1
Pudel1 144   1   2   1   1  25   2   2   1   1 JURA   3 142   2 815   2   1
Pudel1 144   1   2   1   1  25   2   2   1   1 JURA   3 143   4 1080   4   1
Pudel1 144   1   2   1   1  25   2   2   1   1 JURA   3 144   6 831   6   1
Pudel1 144   1   2   1   1  25   2   2   1   1 JURA   4   1   5 760   5   1
Pudel1 144   1   2   1   1  25   2   2   1   1 JURA   4   2   6 620   6   1
Pudel1 144   1   2   1   1  25   2   2   1   1 JURA   4   3   3 800   3   1
Pudel1 144   1   2   1   1  25   2   2   1   1 JURA   4   4   5 674   5   1
Pudel1 144   1   2   1   1  25   2   2   1   1 JURA   4   5   2 713   2   1
Pudel1 144   1   2   1   1  25   2   2   1   1 JURA   4   6   4 1063   4   1
Pudel1 144   1   2   1   1  25   2   2   1   1 JURA   4   7   1 726   1   1
Pudel1 144   1   2   1   1  25   2   2   1   1 JURA   4   8   2 660   2   1
Pudel1 144   1   2   1   1  25   2   2   1   1 JURA   4   9   5 684   5   1
Pudel1 144   1   2   1   1  25   2   2   1   1 JURA   4  10   5 642   4   0
Pudel1 144   1   2   1   1  25   2   2   1   1 JURA   4  11   2 943   2   1
Pudel1 144   1   2   1   1  25   2   2   1   1 JURA   4  12   6 709   6   1
Pudel1 144   1   2   1   1  25   2   2   1   1 JURA   4  13   5 820   5   1
Pudel1 144   1   2   1   1  25   2   2   1   1 JURA   4  14   2 1138   2   1
Pudel1 144   1   2   1   1  25   2   2   1   1 JURA   4  15   1 691   1   1
Pudel1 144   1   2   1   1  25   2   2   1   1 JURA   4  16   3 648   3   1
Pudel1 144   1   2   1   1  25   2   2   1   1 JURA   4  17   2 761   2   1
Pudel1 144   1   2   1   1  25   2   2   1   1 JURA   4  18   1 898   1   1
Pudel1 144   1   2   1   1  25   2   2   1   1 JURA   4  19   4 894   4   1
Pudel1 144   1   2   1   1  25   2   2   1   1 JURA   4  20   5 626   5   1
Pudel1 144   1   2   1   1  25   2   2   1   1 JURA   4  21   6 611   6   1
Pudel1 144   1   2   1   1  25   2   2   1   1 JURA   4  22   2 811   2   1
Pudel1 144   1   2   1   1  25   2   2   1   1 JURA   4  23   3 813   3   1
Pudel1 144   1   2   1   1  25   2   2   1   1 JURA   4  24   5 777   5   1
Pudel1 144   1   2   1   1  25   2   2   1   1 JURA   4  25   2 796   2   1
Pudel1 144   1   2   1   1  25   2   2   1   1 JURA   4  26   3 677   3   1
Pudel1 144   1   2   1   1  25   2   2   1   1 JURA   4  27   5 724   5   1
Pudel1 144   1   2   1   1  25   2   2   1   1 JURA   4  28   2 670   2   1
Pudel1 144   1   2   1   1  25   2   2   1   1 JURA   4  29   4 900   4   1
Pudel1 144   1   2   1   1  25   2   2   1   1 JURA   4  30   5 749   5   1
Pudel1 144   1   2   1   1  25   2   2   1   1 JURA   4  31   1 723   1   1
Pudel1 144   1   2   1   1  25   2   2   1   1 JURA   4  32   6 749   6   1
Pudel1 144   1   2   1   1  25   2   2   1   1 JURA   4  33   3 1096   3   1
Pudel1 144   1   2   1   1  25   2   2   1   1 JURA   4  34   2 1068   2   1
Pudel1 144   1   2   1   1  25   2   2   1   1 JURA   4  35   5 717   5   1
Pudel1 144   1   2   1   1  25   2   2   1   1 JURA   4  36   4 831   4   1
Pudel1 144   1   2   1   1  25   2   2   1   1 JURA   4  37   2 755   2   1
Pudel1 144   1   2   1   1  25   2   2   1   1 JURA   4  38   1 725   1   1
Pudel1 144   1   2   1   1  25   2   2   1   1 JURA   4  39   5 796   5   1
Pudel1 144   1   2   1   1  25   2   2   1   1 JURA   4  40   6 784   6   1
Pudel1 144   1   2   1   1  25   2   2   1   1 JURA   4  41   4 923   4   1
Pudel1 144   1   2   1   1  25   2   2   1   1 JURA   4  42   2 709   2   1
Pudel1 144   1   2   1   1  25   2   2   1   1 JURA   4  43   5 885   5   1
Pudel1 144   1   2   1   1  25   2   2   1   1 JURA   4  44   3 870   3   1
Pudel1 144   1   2   1   1  25   2   2   1   1 JURA   4  45   6 713   6   1
Pudel1 144   1   2   1   1  25   2   2   1   1 JURA   4  46   5 793   5   1
Pudel1 144   1   2   1   1  25   2   2   1   1 JURA   4  47   1 805   1   1
Pudel1 144   1   2   1   1  25   2   2   1   1 JURA   4  48   2 717   2   1
Pudel1 144   1   2   1   1  25   2   2   1   1 JURA   4  49   3 792   3   1
Pudel1 144   1   2   1   1  25   2   2   1   1 JURA   4  50   5 771   4   0
Pudel1 144   1   2   1   1  25   2   2   1   1 JURA   4  51   5 913   5   1
Pudel1 144   1   2   1   1  25   2   2   1   1 JURA   4  52   1 703   1   1
Pudel1 144   1   2   1   1  25   2   2   1   1 JURA   4  53   2 688   2   1
Pudel1 144   1   2   1   1  25   2   2   1   1 JURA   4  54   6 775   6   1
Pudel1 144   1   2   1   1  25   2   2   1   1 JURA   4  55   5 747   5   1
Pudel1 144   1   2   1   1  25   2   2   1   1 JURA   4  56   1 698   2   0
Pudel1 144   1   2   1   1  25   2   2   1   1 JURA   4  57   4 1172   4   1
Pudel1 144   1   2   1   1  25   2   2   1   1 JURA   4  58   3 981   3   1
Pudel1 144   1   2   1   1  25   2   2   1   1 JURA   4  59   5 673   5   1
Pudel1 144   1   2   1   1  25   2   2   1   1 JURA   4  60   2 621   2   1
Pudel1 144   1   2   1   1  25   2   2   1   1 JURA   4  61   1 916   1   1
Pudel1 144   1   2   1   1  25   2   2   1   1 JURA   4  62   6 714   6   1
Pudel1 144   1   2   1   1  25   2   2   1   1 JURA   4  63   2 843   2   1
Pudel1 144   1   2   1   1  25   2   2   1   1 JURA   4  64   5 840   5   1
Pudel1 144   1   2   1   1  25   2   2   1   1 JURA   4  65   3 872   3   1
Pudel1 144   1   2   1   1  25   2   2   1   1 JURA   4  66   2 828   2   1
Pudel1 144   1   2   1   1  25   2   2   1   1 JURA   4  67   1 763   1   1
Pudel1 144   1   2   1   1  25   2   2   1   1 JURA   4  68   5 1155   5   1
Pudel1 144   1   2   1   1  25   2   2   1   1 JURA   4  69   4 1204   4   1
Pudel1 144   1   2   1   1  25   2   2   1   1 JURA   4  70   2 730   2   1
Pudel1 144   1   2   1   1  25   2   2   1   1 JURA   4  71   5 751   5   1
Pudel1 144   1   2   1   1  25   2   2   1   1 JURA   4  72   6 725   6   1
Pudel1 144   1   2   1   1  25   2   2   1   1 JURA   4  73   1 706   1   1
Pudel1 144   1   2   1   1  25   2   2   1   1 JURA   4  74   2 735   2   1
Pudel1 144   1   2   1   1  25   2   2   1   1 JURA   4  75   5 1018   5   1
Pudel1 144   1   2   1   1  25   2   2   1   1 JURA   4  76   6 710   6   1
Pudel1 144   1   2   1   1  25   2   2   1   1 JURA   4  77   3 1314   3   1
Pudel1 144   1   2   1   1  25   2   2   1   1 JURA   4  78   5 755   5   1
Pudel1 144   1   2   1   1  25   2   2   1   1 JURA   4  79   2 662   2   1
Pudel1 144   1   2   1   1  25   2   2   1   1 JURA   4  80   4 959   4   1
Pudel1 144   1   2   1   1  25   2   2   1   1 JURA   4  81   5 738   5   1
Pudel1 144   1   2   1   1  25   2   2   1   1 JURA   4  82   2 762   2   1
Pudel1 144   1   2   1   1  25   2   2   1   1 JURA   4  83   3 696   3   1
Pudel1 144   1   2   1   1  25   2   2   1   1 JURA   4  84   6 835   6   1
Pudel1 144   1   2   1   1  25   2   2   1   1 JURA   4  85   2 801   2   1
Pudel1 144   1   2   1   1  25   2   2   1   1 JURA   4  86   5 852   5   1
Pudel1 144   1   2   1   1  25   2   2   1   1 JURA   4  87   1 697   1   1
Pudel1 144   1   2   1   1  25   2   2   1   1 JURA   4  88   4 1370   4   1
Pudel1 144   1   2   1   1  25   2   2   1   1 JURA   4  89   2 646   2   1
Pudel1 144   1   2   1   1  25   2   2   1   1 JURA   4  90   5 826   5   1
Pudel1 144   1   2   1   1  25   2   2   1   1 JURA   4  91   1 824   1   1
Pudel1 144   1   2   1   1  25   2   2   1   1 JURA   4  92   3 802   3   1
Pudel1 144   1   2   1   1  25   2   2   1   1 JURA   4  93   6 735   6   1
Pudel1 144   1   2   1   1  25   2   2   1   1 JURA   4  94   2 856   2   1
Pudel1 144   1   2   1   1  25   2   2   1   1 JURA   4  95   5 913   5   1
Pudel1 144   1   2   1   1  25   2   2   1   1 JURA   4  96   4 765   4   1
Pudel1 144   1   2   1   1  25   2   2   1   1 JURA   4  97   1 739   1   1
Pudel1 144   1   2   1   1  25   2   2   1   1 JURA   4  98   2 751   2   1
Pudel1 144   1   2   1   1  25   2   2   1   1 JURA   4  99   6 754   6   1
Pudel1 144   1   2   1   1  25   2   2   1   1 JURA   4 100   4 983   4   1
Pudel1 144   1   2   1   1  25   2   2   1   1 JURA   4 101   5 1016   5   1
Pudel1 144   1   2   1   1  25   2   2   1   1 JURA   4 102   3 1003   3   1
Pudel1 144   1   2   1   1  25   2   2   1   1 JURA   4 103   2 711   2   1
Pudel1 144   1   2   1   1  25   2   2   1   1 JURA   4 104   5 1145   5   1
Pudel1 144   1   2   1   1  25   2   2   1   1 JURA   4 105   1 727   1   1
Pudel1 144   1   2   1   1  25   2   2   1   1 JURA   4 106   3 809   3   1
Pudel1 144   1   2   1   1  25   2   2   1   1 JURA   4 107   5 623   5   1
Pudel1 144   1   2   1   1  25   2   2   1   1 JURA   4 108   2 833   2   1
Pudel1 144   1   2   1   1  25   2   2   1   1 JURA   4 109   6 667   6   1
Pudel1 144   1   2   1   1  25   2   2   1   1 JURA   4 110   5 751   5   1
Pudel1 144   1   2   1   1  25   2   2   1   1 JURA   4 111   2 673   2   1
Pudel1 144   1   2   1   1  25   2   2   1   1 JURA   4 112   4 910   4   1
Pudel1 144   1   2   1   1  25   2   2   1   1 JURA   4 113   3 838   3   1
Pudel1 144   1   2   1   1  25   2   2   1   1 JURA   4 114   6 684   5   0
Pudel1 144   1   2   1   1  25   2   2   1   1 JURA   4 115   6 747   6   1
Pudel1 144   1   2   1   1  25   2   2   1   1 JURA   4 116   1 790   1   1
Pudel1 144   1   2   1   1  25   2   2   1   1 JURA   4 117   2 729   2   1
Pudel1 144   1   2   1   1  25   2   2   1   1 JURA   4 118   4 904   4   1
Pudel1 144   1   2   1   1  25   2   2   1   1 JURA   4 119   5 747   5   1
Pudel1 144   1   2   1   1  25   2   2   1   1 JURA   4 120   2 829   2   1
Pudel1 144   1   2   1   1  25   2   2   1   1 JURA   4 121   1 673   1   1
Pudel1 144   1   2   1   1  25   2   2   1   1 JURA   4 122   5 807   5   1
Pudel1 144   1   2   1   1  25   2   2   1   1 JURA   4 123   2 693   2   1
Pudel1 144   1   2   1   1  25   2   2   1   1 JURA   4 124   6 655   6   1
Pudel1 144   1   2   1   1  25   2   2   1   1 JURA   4 125   4 887   4   1
Pudel1 144   1   2   1   1  25   2   2   1   1 JURA   4 126   2 695   2   1
Pudel1 144   1   2   1   1  25   2   2   1   1 JURA   4 127   5 697   5   1
Pudel1 144   1   2   1   1  25   2   2   1   1 JURA   4 128   3 872   3   1
Pudel1 144   1   2   1   1  25   2   2   1   1 JURA   4 129   1 701   1   1
Pudel1 144   1   2   1   1  25   2   2   1   1 JURA   4 130   5 915   4   0
Pudel1 144   1   2   1   1  25   2   2   1   1 JURA   4 131   5 950   5   1
Pudel1 144   1   2   1   1  25   2   2   1   1 JURA   4 132   3 967   3   1
Pudel1 144   1   2   1   1  25   2   2   1   1 JURA   4 133   2 685   2   1
Pudel1 144   1   2   1   1  25   2   2   1   1 JURA   4 134   5 795   5   1
Pudel1 144   1   2   1   1  25   2   2   1   1 JURA   4 135   6 742   6   1
Pudel1 144   1   2   1   1  25   2   2   1   1 JURA   4 136   2 713   2   1
Pudel1 144   1   2   1   1  25   2   2   1   1 JURA   4 137   5 833   5   1
Pudel1 144   1   2   1   1  25   2   2   1   1 JURA   4 138   1 728   1   1
Pudel1 144   1   2   1   1  25   2   2   1   1 JURA   4 139   2 745   2   1
Pudel1 144   1   2   1   1  25   2   2   1   1 JURA   4 140   5 795   5   1
Pudel1 144   1   2   1   1  25   2   2   1   1 JURA   4 141   3 1100   3   1
Pudel1 144   1   2   1   1  25   2   2   1   1 JURA   4 142   2 669   2   1
Pudel1 144   1   2   1   1  25   2   2   1   1 JURA   4 143   4 1060   4   1
Pudel1 144   1   2   1   1  25   2   2   1   1 JURA   4 144   6 892   6   1
Pudel1 144   1   2   1   1  25   2   2   1   1 JURA   5   1   5 801   5   1
Pudel1 144   1   2   1   1  25   2   2   1   1 JURA   5   2   6 652   6   1
Pudel1 144   1   2   1   1  25   2   2   1   1 JURA   5   3   3 816   3   1
Pudel1 144   1   2   1   1  25   2   2   1   1 JURA   5   4   5 648   5   1
Pudel1 144   1   2   1   1  25   2   2   1   1 JURA   5   5   2 657   2   1
Pudel1 144   1   2   1   1  25   2   2   1   1 JURA   5   6   4 786   4   1
Pudel1 144   1   2   1   1  25   2   2   1   1 JURA   5   7   1 709   1   1
Pudel1 144   1   2   1   1  25   2   2   1   1 JURA   5   8   2 702   2   1
Pudel1 144   1   2   1   1  25   2   2   1   1 JURA   5   9   5 821   5   1
Pudel1 144   1   2   1   1  25   2   2   1   1 JURA   5  10   4 639   4   1
Pudel1 144   1   2   1   1  25   2   2   1   1 JURA   5  11   2 658   2   1
Pudel1 144   1   2   1   1  25   2   2   1   1 JURA   5  12   6 718   6   1
Pudel1 144   1   2   1   1  25   2   2   1   1 JURA   5  13   5 820   5   1
Pudel1 144   1   2   1   1  25   2   2   1   1 JURA   5  14   2 706   2   1
Pudel1 144   1   2   1   1  25   2   2   1   1 JURA   5  15   1 604   1   1
Pudel1 144   1   2   1   1  25   2   2   1   1 JURA   5  16   3 675   3   1
Pudel1 144   1   2   1   1  25   2   2   1   1 JURA   5  17   2 648   2   1
Pudel1 144   1   2   1   1  25   2   2   1   1 JURA   5  18   1 692   1   1
Pudel1 144   1   2   1   1  25   2   2   1   1 JURA   5  19   4 1456   4   1
Pudel1 144   1   2   1   1  25   2   2   1   1 JURA   5  20   5 680   5   1
Pudel1 144   1   2   1   1  25   2   2   1   1 JURA   5  21   6 807   6   1
Pudel1 144   1   2   1   1  25   2   2   1   1 JURA   5  22   2 735   2   1
Pudel1 144   1   2   1   1  25   2   2   1   1 JURA   5  23   3 583   3   1
Pudel1 144   1   2   1   1  25   2   2   1   1 JURA   5  24   5 696   5   1
Pudel1 144   1   2   1   1  25   2   2   1   1 JURA   5  25   2 688   2   1
Pudel1 144   1   2   1   1  25   2   2   1   1 JURA   5  26   3 732   3   1
Pudel1 144   1   2   1   1  25   2   2   1   1 JURA   5  27   5 759   5   1
Pudel1 144   1   2   1   1  25   2   2   1   1 JURA   5  28   2 736   2   1
Pudel1 144   1   2   1   1  25   2   2   1   1 JURA   5  29   4 723   4   1
Pudel1 144   1   2   1   1  25   2   2   1   1 JURA   5  30   5 756   5   1
Pudel1 144   1   2   1   1  25   2   2   1   1 JURA   5  31   1 748   1   1
Pudel1 144   1   2   1   1  25   2   2   1   1 JURA   5  32   6 761   6   1
Pudel1 144   1   2   1   1  25   2   2   1   1 JURA   5  33   3 1001   3   1
Pudel1 144   1   2   1   1  25   2   2   1   1 JURA   5  34   2 664   2   1
Pudel1 144   1   2   1   1  25   2   2   1   1 JURA   5  35   5 822   5   1
Pudel1 144   1   2   1   1  25   2   2   1   1 JURA   5  36   4 1176   4   1
Pudel1 144   1   2   1   1  25   2   2   1   1 JURA   5  37   2 705   2   1
Pudel1 144   1   2   1   1  25   2   2   1   1 JURA   5  38   1 770   1   1
Pudel1 144   1   2   1   1  25   2   2   1   1 JURA   5  39   5 957   5   1
Pudel1 144   1   2   1   1  25   2   2   1   1 JURA   5  40   6 863   6   1
Pudel1 144   1   2   1   1  25   2   2   1   1 JURA   5  41   4 849   4   1
Pudel1 144   1   2   1   1  25   2   2   1   1 JURA   5  42   2 805   2   1
Pudel1 144   1   2   1   1  25   2   2   1   1 JURA   5  43   5 883   5   1
Pudel1 144   1   2   1   1  25   2   2   1   1 JURA   5  44   3 814   3   1
Pudel1 144   1   2   1   1  25   2   2   1   1 JURA   5  45   6 651   6   1
Pudel1 144   1   2   1   1  25   2   2   1   1 JURA   5  46   5 720   5   1
Pudel1 144   1   2   1   1  25   2   2   1   1 JURA   5  47   1 811   1   1
Pudel1 144   1   2   1   1  25   2   2   1   1 JURA   5  48   2 1001   2   1
Pudel1 144   1   2   1   1  25   2   2   1   1 JURA   5  49   3 696   3   1
Pudel1 144   1   2   1   1  25   2   2   1   1 JURA   5  50   4 1181   4   1
Pudel1 144   1   2   1   1  25   2   2   1   1 JURA   5  51   5 776   5   1
Pudel1 144   1   2   1   1  25   2   2   1   1 JURA   5  52   1 762   1   1
Pudel1 144   1   2   1   1  25   2   2   1   1 JURA   5  53   2 628   2   1
Pudel1 144   1   2   1   1  25   2   2   1   1 JURA   5  54   6 784   6   1
Pudel1 144   1   2   1   1  25   2   2   1   1 JURA   5  55   5 907   5   1
Pudel1 144   1   2   1   1  25   2   2   1   1 JURA   5  56   2 876   2   1
Pudel1 144   1   2   1   1  25   2   2   1   1 JURA   5  57   4 1014   4   1
Pudel1 144   1   2   1   1  25   2   2   1   1 JURA   5  58   3 783   3   1
Pudel1 144   1   2   1   1  25   2   2   1   1 JURA   5  59   5 719   5   1
Pudel1 144   1   2   1   1  25   2   2   1   1 JURA   5  60   2 611   2   1
Pudel1 144   1   2   1   1  25   2   2   1   1 JURA   5  61   1 770   1   1
Pudel1 144   1   2   1   1  25   2   2   1   1 JURA   5  62   6 953   6   1
Pudel1 144   1   2   1   1  25   2   2   1   1 JURA   5  63   2 750   2   1
Pudel1 144   1   2   1   1  25   2   2   1   1 JURA   5  64   5 831   5   1
Pudel1 144   1   2   1   1  25   2   2   1   1 JURA   5  65   3 885   3   1
Pudel1 144   1   2   1   1  25   2   2   1   1 JURA   5  66   2 729   2   1
Pudel1 144   1   2   1   1  25   2   2   1   1 JURA   5  67   1 774   1   1
Pudel1 144   1   2   1   1  25   2   2   1   1 JURA   5  68   5 742   5   1
Pudel1 144   1   2   1   1  25   2   2   1   1 JURA   5  69   4 1002   4   1
Pudel1 144   1   2   1   1  25   2   2   1   1 JURA   5  70   2 738   2   1
Pudel1 144   1   2   1   1  25   2   2   1   1 JURA   5  71   5 794   5   1
Pudel1 144   1   2   1   1  25   2   2   1   1 JURA   5  72   6 689   6   1
Pudel1 144   1   2   1   1  25   2   2   1   1 JURA   5  73   1 681   1   1
Pudel1 144   1   2   1   1  25   2   2   1   1 JURA   5  74   2 903   2   1
Pudel1 144   1   2   1   1  25   2   2   1   1 JURA   5  75   5 925   5   1
Pudel1 144   1   2   1   1  25   2   2   1   1 JURA   5  76   6 703   6   1
Pudel1 144   1   2   1   1  25   2   2   1   1 JURA   5  77   3 957   3   1
Pudel1 144   1   2   1   1  25   2   2   1   1 JURA   5  78   5 730   5   1
Pudel1 144   1   2   1   1  25   2   2   1   1 JURA   5  79   2 626   2   1
Pudel1 144   1   2   1   1  25   2   2   1   1 JURA   5  80   4 938   4   1
Pudel1 144   1   2   1   1  25   2   2   1   1 JURA   5  81   6 1070   5   0
Pudel1 144   1   2   1   1  25   2   2   1   1 JURA   5  82   2 767   2   1
Pudel1 144   1   2   1   1  25   2   2   1   1 JURA   5  83   3 962   3   1
Pudel1 144   1   2   1   1  25   2   2   1   1 JURA   5  84   6 749   6   1
Pudel1 144   1   2   1   1  25   2   2   1   1 JURA   5  85   2 657   2   1
Pudel1 144   1   2   1   1  25   2   2   1   1 JURA   5  86   5 941   5   1
Pudel1 144   1   2   1   1  25   2   2   1   1 JURA   5  87   1 650   1   1
Pudel1 144   1   2   1   1  25   2   2   1   1 JURA   5  88   4 1734   4   1
Pudel1 144   1   2   1   1  25   2   2   1   1 JURA   5  89   2 656   2   1
Pudel1 144   1   2   1   1  25   2   2   1   1 JURA   5  90   5 1062   5   1
Pudel1 144   1   2   1   1  25   2   2   1   1 JURA   5  91   1 1007   1   1
Pudel1 144   1   2   1   1  25   2   2   1   1 JURA   5  92   3 1058   3   1
Pudel1 144   1   2   1   1  25   2   2   1   1 JURA   5  93   6 703   6   1
Pudel1 144   1   2   1   1  25   2   2   1   1 JURA   5  94   2 670   2   1
Pudel1 144   1   2   1   1  25   2   2   1   1 JURA   5  95   5 1045   5   1
Pudel1 144   1   2   1   1  25   2   2   1   1 JURA   5  96   4 654   4   1
Pudel1 144   1   2   1   1  25   2   2   1   1 JURA   5  97   1 630   1   1
Pudel1 144   1   2   1   1  25   2   2   1   1 JURA   5  98   2 690   2   1
Pudel1 144   1   2   1   1  25   2   2   1   1 JURA   5  99   6 710   6   1
Pudel1 144   1   2   1   1  25   2   2   1   1 JURA   5 100   4 997   4   1
Pudel1 144   1   2   1   1  25   2   2   1   1 JURA   5 101   5 793   5   1
Pudel1 144   1   2   1   1  25   2   2   1   1 JURA   5 102   3 884   3   1
Pudel1 144   1   2   1   1  25   2   2   1   1 JURA   5 103   2 675   2   1
Pudel1 144   1   2   1   1  25   2   2   1   1 JURA   5 104   6 849   5   0
Pudel1 144   1   2   1   1  25   2   2   1   1 JURA   5 105   1 777   1   1
Pudel1 144   1   2   1   1  25   2   2   1   1 JURA   5 106   3 789   3   1
Pudel1 144   1   2   1   1  25   2   2   1   1 JURA   5 107   5 849   5   1
Pudel1 144   1   2   1   1  25   2   2   1   1 JURA   5 108   2 840   2   1
Pudel1 144   1   2   1   1  25   2   2   1   1 JURA   5 109   6 752   6   1
Pudel1 144   1   2   1   1  25   2   2   1   1 JURA   5 110   5 776   5   1
Pudel1 144   1   2   1   1  25   2   2   1   1 JURA   5 111   2 971   2   1
Pudel1 144   1   2   1   1  25   2   2   1   1 JURA   5 112   4 832   4   1
Pudel1 144   1   2   1   1  25   2   2   1   1 JURA   5 113   3 922   3   1
Pudel1 144   1   2   1   1  25   2   2   1   1 JURA   5 114   5 801   5   1
Pudel1 144   1   2   1   1  25   2   2   1   1 JURA   5 115   6 766   6   1
Pudel1 144   1   2   1   1  25   2   2   1   1 JURA   5 116   1 618   1   1
Pudel1 144   1   2   1   1  25   2   2   1   1 JURA   5 117   2 670   2   1
Pudel1 144   1   2   1   1  25   2   2   1   1 JURA   5 118   4 954   4   1
Pudel1 144   1   2   1   1  25   2   2   1   1 JURA   5 119   5 619   5   1
Pudel1 144   1   2   1   1  25   2   2   1   1 JURA   5 120   2 892   2   1
Pudel1 144   1   2   1   1  25   2   2   1   1 JURA   5 121   1 724   1   1
Pudel1 144   1   2   1   1  25   2   2   1   1 JURA   5 122   5 895   5   1
Pudel1 144   1   2   1   1  25   2   2   1   1 JURA   5 123   5  72   2   0
Pudel1 144   1   2   1   1  25   2   2   1   1 JURA   5 124   6 1666   6   1
Pudel1 144   1   2   1   1  25   2   2   1   1 JURA   5 125   4 1558   4   1
Pudel1 144   1   2   1   1  25   2   2   1   1 JURA   5 126   2 633   2   1
Pudel1 144   1   2   1   1  25   2   2   1   1 JURA   5 127   5 1076   5   1
Pudel1 144   1   2   1   1  25   2   2   1   1 JURA   5 128   3 832   3   1
Pudel1 144   1   2   1   1  25   2   2   1   1 JURA   5 129   1 729   1   1
Pudel1 144   1   2   1   1  25   2   2   1   1 JURA   5 130   4 1353   4   1
Pudel1 144   1   2   1   1  25   2   2   1   1 JURA   5 131   5 623   5   1
Pudel1 144   1   2   1   1  25   2   2   1   1 JURA   5 132   3 900   3   1
Pudel1 144   1   2   1   1  25   2   2   1   1 JURA   5 133   2 643   2   1
Pudel1 144   1   2   1   1  25   2   2   1   1 JURA   5 134   5 2067   5   1
Pudel1 144   1   2   1   1  25   2   2   1   1 JURA   5 135   6 660   6   1
Pudel1 144   1   2   1   1  25   2   2   1   1 JURA   5 136   2 783   2   1
Pudel1 144   1   2   1   1  25   2   2   1   1 JURA   5 137   5 1063   5   1
Pudel1 144   1   2   1   1  25   2   2   1   1 JURA   5 138   1 705   1   1
Pudel1 144   1   2   1   1  25   2   2   1   1 JURA   5 139   2 798   2   1
Pudel1 144   1   2   1   1  25   2   2   1   1 JURA   5 140   5 1101   5   1
Pudel1 144   1   2   1   1  25   2   2   1   1 JURA   5 141   3 816   3   1
Pudel1 144   1   2   1   1  25   2   2   1   1 JURA   5 142   2 791   2   1
Pudel1 144   1   2   1   1  25   2   2   1   1 JURA   5 143   4 985   4   1
Pudel1 144   1   2   1   1  25   2   2   1   1 JURA   5 144   6 719   6   1
Pudel1 144   1   2   1   1  25   2   2   1   1 JURA   6   1   5 673   5   1
Pudel1 144   1   2   1   1  25   2   2   1   1 JURA   6   2   6 633   6   1
Pudel1 144   1   2   1   1  25   2   2   1   1 JURA   6   3   3 885   3   1
Pudel1 144   1   2   1   1  25   2   2   1   1 JURA   6   4   5 717   5   1
Pudel1 144   1   2   1   1  25   2   2   1   1 JURA   6   5   2 644   2   1
Pudel1 144   1   2   1   1  25   2   2   1   1 JURA   6   6   4 1299   4   1
Pudel1 144   1   2   1   1  25   2   2   1   1 JURA   6   7   1 646   1   1
Pudel1 144   1   2   1   1  25   2   2   1   1 JURA   6   8   2 635   2   1
Pudel1 144   1   2   1   1  25   2   2   1   1 JURA   6   9   5 889   5   1
Pudel1 144   1   2   1   1  25   2   2   1   1 JURA   6  10   4 721   4   1
Pudel1 144   1   2   1   1  25   2   2   1   1 JURA   6  11   2 751   2   1
Pudel1 144   1   2   1   1  25   2   2   1   1 JURA   6  12   6 915   6   1
Pudel1 144   1   2   1   1  25   2   2   1   1 JURA   6  13   5 785   5   1
Pudel1 144   1   2   1   1  25   2   2   1   1 JURA   6  14   2 964   2   1
Pudel1 144   1   2   1   1  25   2   2   1   1 JURA   6  15   1 714   1   1
Pudel1 144   1   2   1   1  25   2   2   1   1 JURA   6  16   3 713   3   1
Pudel1 144   1   2   1   1  25   2   2   1   1 JURA   6  17   2 753   2   1
Pudel1 144   1   2   1   1  25   2   2   1   1 JURA   6  18   1 673   1   1
Pudel1 144   1   2   1   1  25   2   2   1   1 JURA   6  19   4 862   4   1
Pudel1 144   1   2   1   1  25   2   2   1   1 JURA   6  20   5 827   5   1
Pudel1 144   1   2   1   1  25   2   2   1   1 JURA   6  21   6 699   6   1
Pudel1 144   1   2   1   1  25   2   2   1   1 JURA   6  22   2 803   2   1
Pudel1 144   1   2   1   1  25   2   2   1   1 JURA   6  23   3 845   3   1
Pudel1 144   1   2   1   1  25   2   2   1   1 JURA   6  24   5 924   5   1
Pudel1 144   1   2   1   1  25   2   2   1   1 JURA   6  25   2 785   2   1
Pudel1 144   1   2   1   1  25   2   2   1   1 JURA   6  26   3 836   3   1
Pudel1 144   1   2   1   1  25   2   2   1   1 JURA   6  27   5 899   5   1
Pudel1 144   1   2   1   1  25   2   2   1   1 JURA   6  28   5  94   2   0
Pudel1 144   1   2   1   1  25   2   2   1   1 JURA   6  29   4 886   4   1
Pudel1 144   1   2   1   1  25   2   2   1   1 JURA   6  30   5 1041   5   1
Pudel1 144   1   2   1   1  25   2   2   1   1 JURA   6  31   1 834   1   1
Pudel1 144   1   2   1   1  25   2   2   1   1 JURA   6  32   6 983   6   1
Pudel1 144   1   2   1   1  25   2   2   1   1 JURA   6  33   3 862   3   1
Pudel1 144   1   2   1   1  25   2   2   1   1 JURA   6  34   2 693   2   1
Pudel1 144   1   2   1   1  25   2   2   1   1 JURA   6  35   5 802   5   1
Pudel1 144   1   2   1   1  25   2   2   1   1 JURA   6  36   4 874   4   1
Pudel1 144   1   2   1   1  25   2   2   1   1 JURA   6  37   2 695   2   1
Pudel1 144   1   2   1   1  25   2   2   1   1 JURA   6  38   1 654   1   1
Pudel1 144   1   2   1   1  25   2   2   1   1 JURA   6  39   5 762   5   1
Pudel1 144   1   2   1   1  25   2   2   1   1 JURA   6  40   6 782   6   1
Pudel1 144   1   2   1   1  25   2   2   1   1 JURA   6  41   4 636   4   1
Pudel1 144   1   2   1   1  25   2   2   1   1 JURA   6  42   2 692   2   1
Pudel1 144   1   2   1   1  25   2   2   1   1 JURA   6  43   5 744   5   1
Pudel1 144   1   2   1   1  25   2   2   1   1 JURA   6  44   2 669   3   0
Pudel1 144   1   2   1   1  25   2   2   1   1 JURA   6  45   6 782   6   1
Pudel1 144   1   2   1   1  25   2   2   1   1 JURA   6  46   5 696   5   1
Pudel1 144   1   2   1   1  25   2   2   1   1 JURA   6  47   1 673   1   1
Pudel1 144   1   2   1   1  25   2   2   1   1 JURA   6  48   2 886   2   1
Pudel1 144   1   2   1   1  25   2   2   1   1 JURA   6  49   3 715   3   1
Pudel1 144   1   2   1   1  25   2   2   1   1 JURA   6  50   4 1067   4   1
Pudel1 144   1   2   1   1  25   2   2   1   1 JURA   6  51   5 616   5   1
Pudel1 144   1   2   1   1  25   2   2   1   1 JURA   6  52   1 569   1   1
Pudel1 144   1   2   1   1  25   2   2   1   1 JURA   6  53   2 619   2   1
Pudel1 144   1   2   1   1  25   2   2   1   1 JURA   6  54   6 663   6   1
Pudel1 144   1   2   1   1  25   2   2   1   1 JURA   6  55   5 714   5   1
Pudel1 144   1   2   1   1  25   2   2   1   1 JURA   6  56   2 845   2   1
Pudel1 144   1   2   1   1  25   2   2   1   1 JURA   6  57   4 879   4   1
Pudel1 144   1   2   1   1  25   2   2   1   1 JURA   6  58   2 680   3   0
Pudel1 144   1   2   1   1  25   2   2   1   1 JURA   6  59   4 889   5   0
Pudel1 144   1   2   1   1  25   2   2   1   1 JURA   6  60   2 766   2   1
Pudel1 144   1   2   1   1  25   2   2   1   1 JURA   6  61   1 772   1   1
Pudel1 144   1   2   1   1  25   2   2   1   1 JURA   6  62   6 787   6   1
Pudel1 144   1   2   1   1  25   2   2   1   1 JURA   6  63   2 761   2   1
Pudel1 144   1   2   1   1  25   2   2   1   1 JURA   6  64   5 932   5   1
Pudel1 144   1   2   1   1  25   2   2   1   1 JURA   6  65   3 1011   3   1
Pudel1 144   1   2   1   1  25   2   2   1   1 JURA   6  66   2 713   2   1
Pudel1 144   1   2   1   1  25   2   2   1   1 JURA   6  67   1 688   1   1
Pudel1 144   1   2   1   1  25   2   2   1   1 JURA   6  68   5 851   5   1
Pudel1 144   1   2   1   1  25   2   2   1   1 JURA   6  69   4 664   4   1
Pudel1 144   1   2   1   1  25   2   2   1   1 JURA   6  70   2 736   2   1
Pudel1 144   1   2   1   1  25   2   2   1   1 JURA   6  71   5 932   5   1
Pudel1 144   1   2   1   1  25   2   2   1   1 JURA   6  72   6 684   6   1
Pudel1 144   1   2   1   1  25   2   2   1   1 JURA   6  73   1 617   1   1
Pudel1 144   1   2   1   1  25   2   2   1   1 JURA   6  74   2 698   2   1
Pudel1 144   1   2   1   1  25   2   2   1   1 JURA   6  75   5 1025   5   1
Pudel1 144   1   2   1   1  25   2   2   1   1 JURA   6  76   6 751   6   1
Pudel1 144   1   2   1   1  25   2   2   1   1 JURA   6  77   3 1060   3   1
Pudel1 144   1   2   1   1  25   2   2   1   1 JURA   6  78   5 756   5   1
Pudel1 144   1   2   1   1  25   2   2   1   1 JURA   6  79   2 691   2   1
Pudel1 144   1   2   1   1  25   2   2   1   1 JURA   6  80   4 929   4   1
Pudel1 144   1   2   1   1  25   2   2   1   1 JURA   6  81   5 786   5   1
Pudel1 144   1   2   1   1  25   2   2   1   1 JURA   6  82   2 686   2   1
Pudel1 144   1   2   1   1  25   2   2   1   1 JURA   6  83   3 888   3   1
Pudel1 144   1   2   1   1  25   2   2   1   1 JURA   6  84   6 762   6   1
Pudel1 144   1   2   1   1  25   2   2   1   1 JURA   6  85   2 829   2   1
Pudel1 144   1   2   1   1  25   2   2   1   1 JURA   6  86   5 1154   5   1
Pudel1 144   1   2   1   1  25   2   2   1   1 JURA   6  87   1 726   1   1
Pudel1 144   1   2   1   1  25   2   2   1   1 JURA   6  88   4 1013   4   1
Pudel1 144   1   2   1   1  25   2   2   1   1 JURA   6  89   2 806   2   1
Pudel1 144   1   2   1   1  25   2   2   1   1 JURA   6  90   6 779   5   0
Pudel1 144   1   2   1   1  25   2   2   1   1 JURA   6  91   1 655   1   1
Pudel1 144   1   2   1   1  25   2   2   1   1 JURA   6  92   3 963   3   1
Pudel1 144   1   2   1   1  25   2   2   1   1 JURA   6  93   6 1039   6   1
Pudel1 144   1   2   1   1  25   2   2   1   1 JURA   6  94   2 734   2   1
Pudel1 144   1   2   1   1  25   2   2   1   1 JURA   6  95   5 902   5   1
Pudel1 144   1   2   1   1  25   2   2   1   1 JURA   6  96   4 958   4   1
Pudel1 144   1   2   1   1  25   2   2   1   1 JURA   6  97   1 722   1   1
Pudel1 144   1   2   1   1  25   2   2   1   1 JURA   6  98   2 736   2   1
Pudel1 144   1   2   1   1  25   2   2   1   1 JURA   6  99   6 847   6   1
Pudel1 144   1   2   1   1  25   2   2   1   1 JURA   6 100   4 1113   4   1
Pudel1 144   1   2   1   1  25   2   2   1   1 JURA   6 101   5 757   5   1
Pudel1 144   1   2   1   1  25   2   2   1   1 JURA   6 102   3 951   3   1
Pudel1 144   1   2   1   1  25   2   2   1   1 JURA   6 103   2 655   2   1
Pudel1 144   1   2   1   1  25   2   2   1   1 JURA   6 104   5 1290   5   1
Pudel1 144   1   2   1   1  25   2   2   1   1 JURA   6 105   1 795   1   1
Pudel1 144   1   2   1   1  25   2   2   1   1 JURA   6 106   3 825   3   1
Pudel1 144   1   2   1   1  25   2   2   1   1 JURA   6 107   5 835   5   1
Pudel1 144   1   2   1   1  25   2   2   1   1 JURA   6 108   2 726   2   1
Pudel1 144   1   2   1   1  25   2   2   1   1 JURA   6 109   6 780   6   1
Pudel1 144   1   2   1   1  25   2   2   1   1 JURA   6 110   5 783   5   1
Pudel1 144   1   2   1   1  25   2   2   1   1 JURA   6 111   2 877   2   1
Pudel1 144   1   2   1   1  25   2   2   1   1 JURA   6 112   4 926   4   1
Pudel1 144   1   2   1   1  25   2   2   1   1 JURA   6 113   3 924   3   1
Pudel1 144   1   2   1   1  25   2   2   1   1 JURA   6 114   5 876   5   1
Pudel1 144   1   2   1   1  25   2   2   1   1 JURA   6 115   6 696   6   1
Pudel1 144   1   2   1   1  25   2   2   1   1 JURA   6 116   1 1254   1   1
Pudel1 144   1   2   1   1  25   2   2   1   1 JURA   6 117   2 725   2   1
Pudel1 144   1   2   1   1  25   2   2   1   1 JURA   6 118   4 1273   4   1
Pudel1 144   1   2   1   1  25   2   2   1   1 JURA   6 119   5 694   5   1
Pudel1 144   1   2   1   1  25   2   2   1   1 JURA   6 120   2 980   2   1
Pudel1 144   1   2   1   1  25   2   2   1   1 JURA   6 121   1 828   1   1
Pudel1 144   1   2   1   1  25   2   2   1   1 JURA   6 122   5 744   5   1
Pudel1 144   1   2   1   1  25   2   2   1   1 JURA   6 123   2 773   2   1
Pudel1 144   1   2   1   1  25   2   2   1   1 JURA   6 124   6 860   6   1
Pudel1 144   1   2   1   1  25   2   2   1   1 JURA   6 125   4 1159   4   1
Pudel1 144   1   2   1   1  25   2   2   1   1 JURA   6 126   2 796   2   1
Pudel1 144   1   2   1   1  25   2   2   1   1 JURA   6 127   5 1113   5   1
Pudel1 144   1   2   1   1  25   2   2   1   1 JURA   6 128   3 1055   3   1
Pudel1 144   1   2   1   1  25   2   2   1   1 JURA   6 129   1 916   1   1
Pudel1 144   1   2   1   1  25   2   2   1   1 JURA   6 130   4 1085   4   1
Pudel1 144   1   2   1   1  25   2   2   1   1 JURA   6 131   5 717   5   1
Pudel1 144   1   2   1   1  25   2   2   1   1 JURA   6 132   3 888   3   1
Pudel1 144   1   2   1   1  25   2   2   1   1 JURA   6 133   2 669   2   1
Pudel1 144   1   2   1   1  25   2   2   1   1 JURA   6 134   5 981   5   1
Pudel1 144   1   2   1   1  25   2   2   1   1 JURA   6 135   6 681   6   1
Pudel1 144   1   2   1   1  25   2   2   1   1 JURA   6 136   2 812   2   1
Pudel1 144   1   2   1   1  25   2   2   1   1 JURA   6 137   5 896   5   1
Pudel1 144   1   2   1   1  25   2   2   1   1 JURA   6 138   1 750   1   1
Pudel1 144   1   2   1   1  25   2   2   1   1 JURA   6 139   2 795   2   1
Pudel1 144   1   2   1   1  25   2   2   1   1 JURA   6 140   5 898   5   1
Pudel1 144   1   2   1   1  25   2   2   1   1 JURA   6 141   3 928   3   1
Pudel1 144   1   2   1   1  25   2   2   1   1 JURA   6 142   2 704   2   1
Pudel1 144   1   2   1   1  25   2   2   1   1 JURA   6 143   4 1062   4   1
Pudel1 144   1   2   1   1  25   2   2   1   1 JURA   6 144   6 722   6   1
Pudel1 144   1   2   1   1  25   2   2   1   1 JURA   7   1   1   2 1850   0   6   3   5   2   4   5   5
Pudel1 144   1   2   1   1  25   2   2   1   1 JURA   7   2   1   2 1070   0   5   6   3   5   2   4   3
Pudel1 144   1   2   1   1  25   2   2   1   1 JURA   7   3   1   1 780   0   5   6   3   5   2   4   4
Pudel1 144   1   2   1   1  25   2   2   1   1 JURA   7   4   1   4 1090   0   1   2   5   6   3   5   5
Pudel1 144   1   2   1   1  25   2   2   1   1 JURA   7   5   1   1 470   0   1   2   5   6   3   5   4
Pudel1 144   1   2   1   1  25   2   2   1   1 JURA   7   6   1   1 740   0   5   6   3   5   2   4   5
Pudel1 144   1   2   1   1  25   2   2   1   1 JURA   7   7   1   4 470   0   4   5   2   3   6   2   3
Pudel1 144   1   2   1   1  25   2   2   1   1 JURA   7   8   1   1 670   0   2   5   6   3   5   2   4
Pudel1 144   1   2   1   1  25   2   2   1   1 JURA   7   9   1   1 700   0   2   4   5   2   3   6   3
Pudel1 144   1   2   1   1  25   2   2   1   1 JURA   7  10   1   6 1020   0   1   2   5   6   3   5   4
Pudel1 144   1   2   1   1  25   2   2   1   1 JURA   7  11   1   1 650   0   6   3   5   2   4   5   3
Pudel1 144   1   2   1   1  25   2   2   1   1 JURA   7  12   1   1 600   0   4   5   2   3   6   2   3
Pudel1 144   1   2   1   1  25   2   2   1   1 JURA   7  13   1   5 2280   0   2   5   6   3   5   2   4
Pudel1 144   1   2   1   1  25   2   2   1   1 JURA   7  14   1   4 580   0   3   5   2   4   5   2   4
Pudel1 144   1   2   1   1  25   2   2   1   1 JURA   7  15   1   3 1220   0   4   5   2   3   6   2   4
Pudel1 144   1   2   1   1  25   2   2   1   1 JURA   7  16   1   5 910   0   3   5   2   4   5   2   5
Pudel1 144   1   2   1   1  25   2   2   1   1 JURA   7  17   1   1 770   0   3   5   2   4   5   2   4
Pudel1 144   1   2   1   1  25   2   2   1   1 JURA   7  18   1   1 800   0   1   2   5   6   3   5   3
Pudel1 144   1   2   1   1  25   2   2   1   1 JURA   7  19   1   3 1090   1   5   2   4   5   2   3   3
Pudel1 144   1   2   1   1  25   2   2   1   1 JURA   7  20   1   2 1000   0   5   6   3   5   2   4   3
Pudel1 144   1   2   1   1  25   2   2   1   1 JURA   7  21   1   1 530   0   5   6   3   5   2   4   5
Pudel1 144   1   2   1   1  25   2   2   1   1 JURA   7  22   1   6 840   0   2   5   6   3   5   2   5
Pudel1 144   1   2   1   1  25   2   2   1   1 JURA   7  23   1   1 1310   0   2   5   6   3   5   2   3
Pudel1 144   1   2   1   1  25   2   2   1   1 JURA   7  24   1   6 570   0   3   5   2   4   5   2   5
Pudel1 144   1   2   1   1  25   2   2   1   1 JURA   7  25   1   5 540   0   2   4   5   2   3   6   4
Pudel1 144   1   2   1   1  25   2   2   1   1 JURA   7  26   1   1 750   0   5   6   3   5   2   4   4
Pudel1 144   1   2   1   1  25   2   2   1   1 JURA   7  27   1   6 711   0   3   5   2   4   5   2   3
Pudel1 144   1   2   1   1  25   2   2   1   1 JURA   7  28   1   4 1220   0   4   5   2   3   6   2   4
Pudel1 144   1   2   1   1  25   2   2   1   1 JURA   7  29   1   4 2010   0   1   2   5   6   3   5   3
Pudel1 144   1   2   1   1  25   2   2   1   1 JURA   7  30   1   1 1060   0   2   4   5   2   3   6   4
Pudel1 144   1   2   1   1  25   2   2   1   1 JURA   7  31   1   2 850   1   2   5   6   3   5   2   3
Pudel1 144   1   2   1   1  25   2   2   1   1 JURA   7  32   1   4 1600   0   4   5   2   3   6   2   4
Pudel1 144   1   2   1   1  25   2   2   1   1 JURA   7  33   1   3 620   0   6   3   5   2   4   5   5
Pudel1 144   1   2   1   1  25   2   2   1   1 JURA   7  34   1   6 900   0   2   5   6   3   5   2   5
Pudel1 144   1   2   1   1  25   2   2   1   1 JURA   7  35   1   1 860   0   6   3   5   2   4   5   5
Pudel1 144   1   2   1   1  25   2   2   1   1 JURA   7  36   1   5 1940   0   5   6   3   5   2   4   4
Pudel1 144   1   2   1   1  25   2   2   1   1 JURA   7  37   1   1 740   0   5   6   3   5   2   4   4
Pudel1 144   1   2   1   1  25   2   2   1   1 JURA   7  38   1   6 1450   0   1   2   5   6   3   5   3
Pudel1 144   1   2   1   1  25   2   2   1   1 JURA   7  39   1   2 1180   0   1   2   5   6   3   5   5
Pudel1 144   1   2   1   1  25   2   2   1   1 JURA   7  40   1   6 710   0   6   3   5   2   4   5   4
Pudel1 144   1   2   1   1  25   2   2   1   1 JURA   7  41   1   1 570   0   3   5   2   4   5   2   4
Pudel1 144   1   2   1   1  25   2   2   1   1 JURA   7  42   1   1 1100   0   2   4   5   2   3   6   4
Pudel1 144   1   2   1   1  25   2   2   1   1 JURA   7  43   1   6 810   1   2   4   5   2   3   6   5
Pudel1 144   1   2   1   1  25   2   2   1   1 JURA   7  44   1   1 1080   0   4   5   2   3   6   2   4
Pudel1 144   1   2   1   1  25   2   2   1   1 JURA   7  45   1   3 2050   0   2   5   6   3   5   2   4
Pudel1 144   1   2   1   1  25   2   2   1   1 JURA   7  46   1   1 870   0   2   5   6   3   5   2   5
Pudel1 144   1   2   1   1  25   2   2   1   1 JURA   7  47   1   4 1330   1   5   6   3   5   2   4   4
Pudel1 144   1   2   1   1  25   2   2   1   1 JURA   7  48   1   6 970   1   2   4   5   2   3   6   4
Pudel1 144   1   2   1   1  25   2   2   1   1 JURA   7  49   1   1 1120   0   3   5   2   4   5   2   5
Pudel1 144   1   2   1   1  25   2   2   1   1 JURA   7  50   1   1 1450   0   6   3   5   2   4   5   3
Pudel1 144   1   2   1   1  25   2   2   1   1 JURA   7  51   1   6 740   1   2   4   5   2   3   6   5
Pudel1 144   1   2   1   1  25   2   2   1   1 JURA   7  52   1   4 1220   0   6   3   5   2   4   5   3
Pudel1 144   1   2   1   1  25   2   2   1   1 JURA   7  53   1   1 870   0   3   5   2   4   5   2   3
Pudel1 144   1   2   1   1  25   2   2   1   1 JURA   7  54   1   1 1160   0   3   5   2   4   5   2   3
Pudel1 144   1   2   1   1  25   2   2   1   1 JURA   7  55   1   6 990   1   2   4   5   2   3   6   4
Pudel1 144   1   2   1   1  25   2   2   1   1 JURA   7  56   1   6 940   1   2   4   5   2   3   6   5
Pudel1 144   1   2   1   1  25   2   2   1   1 JURA   7  57   1   3 600   0   4   5   2   3   6   2   4
Pudel1 144   1   2   1   1  25   2   2   1   1 JURA   7  58   1   6 970   0   5   2   4   5   2   3   4
Pudel1 144   1   2   1   1  25   2   2   1   1 JURA   7  59   1   6 1020   0   2   5   6   3   5   2   5
Pudel1 144   1   2   1   1  25   2   2   1   1 JURA   7  60   1   6 880   0   6   3   5   2   4   5   4
Pudel1 144   1   2   1   1  25   2   2   1   1 JURA   7  61   1   6 810   0   5   2   4   5   2   3   5
Pudel1 144   1   2   1   1  25   2   2   1   1 JURA   7  62   1   3 1930   0   2   5   6   3   5   2   3
Pudel1 144   1   2   1   1  25   2   2   1   1 JURA   7  63   1   4 1230   0   2   4   5   2   3   6   5
Pudel1 144   1   2   1   1  25   2   2   1   1 JURA   7  64   1   3 1320   0   6   3   5   2   4   5   3
Pudel1 144   1   2   1   1  25   2   2   1   1 JURA   7  65   1   2 970   1   2   5   6   3   5   2   4
Pudel1 144   1   2   1   1  25   2   2   1   1 JURA   7  66   1   2 930   1   4   5   2   3   6   2   5
Pudel1 144   1   2   1   1  25   2   2   1   1 JURA   7  67   1   5 910   0   5   2   4   5   2   3   5
Pudel1 144   1   2   1   1  25   2   2   1   1 JURA   7  68   1   5 810   0   2   5   6   3   5   2   3
Pudel1 144   1   2   1   1  25   2   2   1   1 JURA   7  69   1   3 1111   1   5   2   4   5   2   3   3
Pudel1 144   1   2   1   1  25   2   2   1   1 JURA   7  70   1   4 950   0   1   2   5   6   3   5   5
Pudel1 144   1   2   1   1  25   2   2   1   1 JURA   7  71   1   6 640   0   5   2   4   5   2   3   4
Pudel1 144   1   2   1   1  25   2   2   1   1 JURA   7  72   1   6 760   0   5   2   4   5   2   3   4
Pudel1 144   1   2   1   1  25   2   2   1   1 JURA   7  73   1   2 1200   0   5   6   3   5   2   4   3
Pudel1 144   1   2   1   1  25   2   2   1   1 JURA   7  74   1   6 730   0   5   2   4   5   2   3   3
Pudel1 144   1   2   1   1  25   2   2   1   1 JURA   7  75   1   1 1100   0   5   6   3   5   2   4   3
Pudel1 144   1   2   1   1  25   2   2   1   1 JURA   7  76   1   5 1490   0   4   5   2   3   6   2   5
Pudel1 144   1   2   1   1  25   2   2   1   1 JURA   7  77   1   2 1120   1   3   5   2   4   5   2   5
Pudel1 144   1   2   1   1  25   2   2   1   1 JURA   7  78   1   1 1041   0   5   6   3   5   2   4   5
Pudel1 144   1   2   1   1  25   2   2   1   1 JURA   7  79   1   5 870   0   5   2   4   5   2   3   4
Pudel1 144   1   2   1   1  25   2   2   1   1 JURA   7  80   1   6 770   0   5   2   4   5   2   3   4
Pudel1 144   1   2   1   1  25   2   2   1   1 JURA   7  81   1   2 731   1   4   5   2   3   6   2   5
Pudel1 144   1   2   1   1  25   2   2   1   1 JURA   7  82   1   2 670   0   1   2   5   6   3   5   5
Pudel1 144   1   2   1   1  25   2   2   1   1 JURA   7  83   1   6 710   0   6   3   5   2   4   5   4
Pudel1 144   1   2   1   1  25   2   2   1   1 JURA   7  84   1   6 1030   0   4   5   2   3   6   2   5
Pudel1 144   1   2   1   1  25   2   2   1   1 JURA   7  85   1   3 890   0   2   4   5   2   3   6   3
Pudel1 144   1   2   1   1  25   2   2   1   1 JURA   7  86   1   1 780   0   6   3   5   2   4   5   4
Pudel1 144   1   2   1   1  25   2   2   1   1 JURA   7  87   1   2 990   1   3   5   2   4   5   2   3
Pudel1 144   1   2   1   1  25   2   2   1   1 JURA   7  88   1   6 760   1   2   4   5   2   3   6   3
Pudel1 144   1   2   1   1  25   2   2   1   1 JURA   7  89   1   6 780   0   5   6   3   5   2   4   5
Pudel1 144   1   2   1   1  25   2   2   1   1 JURA   7  90   1   1 710   0   3   5   2   4   5   2   3
Pudel1 144   1   2   1   1  25   2   2   1   1 JURA   7  91   1   5 510   0   5   2   4   5   2   3   3
Pudel1 144   1   2   1   1  25   2   2   1   1 JURA   7  92   1   4 460   1   5   6   3   5   2   4   3
Pudel1 144   1   2   1   1  25   2   2   1   1 JURA   7  93   1   2 880   0   6   3   5   2   4   5   3
Pudel1 144   1   2   1   1  25   2   2   1   1 JURA   7  94   1   2 860   1   4   5   2   3   6   2   3
Pudel1 144   1   2   1   1  25   2   2   1   1 JURA   7  95   1   2 980   0   6   3   5   2   4   5   4
Pudel1 144   1   2   1   1  25   2   2   1   1 JURA   7  96   1   2 770   1   4   5   2   3   6   2   3
Pudel1 144   1   2   1   1  25   2   2   1   1 JURA   7  97   1   5 600   0   2   4   5   2   3   6   3
Pudel1 144   1   2   1   1  25   2   2   1   1 JURA   7  98   1   1 920   0   4   5   2   3   6   2   5
Pudel1 144   1   2   1   1  25   2   2   1   1 JURA   7  99   1   6 680   0   5   6   3   5   2   4   5
Pudel1 144   1   2   1   1  25   2   2   1   1 JURA   7 100   1   5 950   1   6   3   5   2   4   5   5
Pudel1 144   1   2   1   1  25   2   2   1   1 JURA   7 101   1   1 830   0   2   5   6   3   5   2   4
Pudel1 144   1   2   1   1  25   2   2   1   1 JURA   7 102   1   1 600   0   2   5   6   3   5   2   5
Pudel1 144   1   2   1   1  25   2   2   1   1 JURA   7 103   1   5 1480   1   6   3   5   2   4   5   5
Pudel1 144   1   2   1   1  25   2   2   1   1 JURA   7 104   1   4 540   0   5   2   4   5   2   3   5
Pudel1 144   1   2   1   1  25   2   2   1   1 JURA   7 105   1   1 840   0   3   5   2   4   5   2   5
Pudel1 144   1   2   1   1  25   2   2   1   1 JURA   7 106   1   2 890   0   5   2   4   5   2   3   5
Pudel1 144   1   2   1   1  25   2   2   1   1 JURA   7 107   1   5 960   1   1   2   5   6   3   5   4
Pudel1 144   1   2   1   1  25   2   2   1   1 JURA   7 108   1   2 1060   0   2   4   5   2   3   6   5
Pudel1 144   1   2   1   1  25   2   2   1   1 JURA   7 109   1   1 1010   0   4   5   2   3   6   2   3
Pudel1 144   1   2   1   1  25   2   2   1   1 JURA   7 110   1   1 840   0   2   5   6   3   5   2   3
Pudel1 144   1   2   1   1  25   2   2   1   1 JURA   7 111   1   5 710   1   1   2   5   6   3   5   4
Pudel1 144   1   2   1   1  25   2   2   1   1 JURA   7 112   1   6 870   0   1   2   5   6   3   5   4
Pudel1 144   1   2   1   1  25   2   2   1   1 JURA   7 113   1   5 620   0   5   2   4   5   2   3   5
Pudel1 144   1   2   1   1  25   2   2   1   1 JURA   7 114   1   5 630   1   1   2   5   6   3   5   3
Pudel1 144   1   2   1   1  25   2   2   1   1 JURA   7 115   1   5 840   0   3   5   2   4   5   2   4
Pudel1 144   1   2   1   1  25   2   2   1   1 JURA   7 116   1   5 600   0   5   2   4   5   2   3   3
Pudel1 144   1   2   1   1  25   2   2   1   1 JURA   7 117   1   6 540   1   2   4   5   2   3   6   3
Pudel1 144   1   2   1   1  25   2   2   1   1 JURA   7 118   1   2 620   0   1   2   5   6   3   5   5
Pudel1 144   1   2   1   1  25   2   2   1   1 JURA   7 119   1   5 440   0   3   5   2   4   5   2   4
Pudel1 144   1   2   1   1  25   2   2   1   1 JURA   7 120   1   2 1980   0   1   2   5   6   3   5   3
Pudel1 144   1   2   1   1  25   2   2   1   1 JURA   8   1   1   2 770   0   6   3   5   2   4   5   5
Pudel1 144   1   2   1   1  25   2   2   1   1 JURA   8   2   1   5 1260   0   5   6   3   5   2   4   3
Pudel1 144   1   2   1   1  25   2   2   1   1 JURA   8   3   1   6 680   0   5   6   3   5   2   4   4
Pudel1 144   1   2   1   1  25   2   2   1   1 JURA   8   4   1   1 690   0   1   2   5   6   3   5   5
Pudel1 144   1   2   1   1  25   2   2   1   1 JURA   8   5   1   6 600   0   1   2   5   6   3   5   4
Pudel1 144   1   2   1   1  25   2   2   1   1 JURA   8   6   1   6 520   0   5   6   3   5   2   4   5
Pudel1 144   1   2   1   1  25   2   2   1   1 JURA   8   7   1   1 600   0   4   5   2   3   6   2   3
Pudel1 144   1   2   1   1  25   2   2   1   1 JURA   8   8   1   1 580   0   2   5   6   3   5   2   4
Pudel1 144   1   2   1   1  25   2   2   1   1 JURA   8   9   1   5 500   0   2   4   5   2   3   6   3
Pudel1 144   1   2   1   1  25   2   2   1   1 JURA   8  10   1   1 640   0   1   2   5   6   3   5   4
Pudel1 144   1   2   1   1  25   2   2   1   1 JURA   8  11   1   1 421   0   6   3   5   2   4   5   3
Pudel1 144   1   2   1   1  25   2   2   1   1 JURA   8  12   1   5 390   0   4   5   2   3   6   2   3
Pudel1 144   1   2   1   1  25   2   2   1   1 JURA   8  13   1   1 340   0   2   5   6   3   5   2   4
Pudel1 144   1   2   1   1  25   2   2   1   1 JURA   8  14   1   1 350   0   3   5   2   4   5   2   4
Pudel1 144   1   2   1   1  25   2   2   1   1 JURA   8  15   1   1 460   0   4   5   2   3   6   2   4
Pudel1 144   1   2   1   1  25   2   2   1   1 JURA   8  16   1   1 480   0   3   5   2   4   5   2   5
Pudel1 144   1   2   1   1  25   2   2   1   1 JURA   8  17   1   1 490   0   3   5   2   4   5   2   4
Pudel1 144   1   2   1   1  25   2   2   1   1 JURA   8  18   1   6 610   0   1   2   5   6   3   5   3
Pudel1 144   1   2   1   1  25   2   2   1   1 JURA   8  19   1   2 620   0   5   2   4   5   2   3   3
Pudel1 144   1   2   1   1  25   2   2   1   1 JURA   8  20   1   6 520   0   5   6   3   5   2   4   3
Pudel1 144   1   2   1   1  25   2   2   1   1 JURA   8  21   1   6 510   0   5   6   3   5   2   4   5
Pudel1 144   1   2   1   1  25   2   2   1   1 JURA   8  22   1   2 620   1   2   5   6   3   5   2   5
Pudel1 144   1   2   1   1  25   2   2   1   1 JURA   8  23   1   2 510   1   2   5   6   3   5   2   3
Pudel1 144   1   2   1   1  25   2   2   1   1 JURA   8  24   1   6 610   0   3   5   2   4   5   2   5
Pudel1 144   1   2   1   1  25   2   2   1   1 JURA   8  25   1   5 450   0   2   4   5   2   3   6   4
Pudel1 144   1   2   1   1  25   2   2   1   1 JURA   8  26   1   5 380   0   5   6   3   5   2   4   4
Pudel1 144   1   2   1   1  25   2   2   1   1 JURA   8  27   1   2 610   1   3   5   2   4   5   2   3
Pudel1 144   1   2   1   1  25   2   2   1   1 JURA   8  28   1   1 540   0   4   5   2   3   6   2   4
Pudel1 144   1   2   1   1  25   2   2   1   1 JURA   8  29   1   6 610   0   1   2   5   6   3   5   3
Pudel1 144   1   2   1   1  25   2   2   1   1 JURA   8  30   1   6 510   1   2   4   5   2   3   6   4
Pudel1 144   1   2   1   1  25   2   2   1   1 JURA   8  31   1   6 560   0   2   5   6   3   5   2   3
Pudel1 144   1   2   1   1  25   2   2   1   1 JURA   8  32   1   1 540   0   4   5   2   3   6   2   4
Pudel1 144   1   2   1   1  25   2   2   1   1 JURA   8  33   1   5 440   1   6   3   5   2   4   5   5
Pudel1 144   1   2   1   1  25   2   2   1   1 JURA   8  34   1   6 570   0   2   5   6   3   5   2   5
Pudel1 144   1   2   1   1  25   2   2   1   1 JURA   8  35   1   1 410   0   6   3   5   2   4   5   5
Pudel1 144   1   2   1   1  25   2   2   1   1 JURA   8  36   1   5 470   0   5   6   3   5   2   4   4
Pudel1 144   1   2   1   1  25   2   2   1   1 JURA   8  37   1   6 550   0   5   6   3   5   2   4   4
Pudel1 144   1   2   1   1  25   2   2   1   1 JURA   8  38   1   5 520   1   1   2   5   6   3   5   3
Pudel1 144   1   2   1   1  25   2   2   1   1 JURA   8  39   1   5 550   1   1   2   5   6   3   5   5
Pudel1 144   1   2   1   1  25   2   2   1   1 JURA   8  40   1   5 580   1   6   3   5   2   4   5   4
Pudel1 144   1   2   1   1  25   2   2   1   1 JURA   8  41   1   6 630   0   3   5   2   4   5   2   4
Pudel1 144   1   2   1   1  25   2   2   1   1 JURA   8  42   1   6 580   1   2   4   5   2   3   6   4
Pudel1 144   1   2   1   1  25   2   2   1   1 JURA   8  43   1   5 510   0   2   4   5   2   3   6   5
Pudel1 144   1   2   1   1  25   2   2   1   1 JURA   8  44   1   2 610   1   4   5   2   3   6   2   4
Pudel1 144   1   2   1   1  25   2   2   1   1 JURA   8  45   1   1 520   0   2   5   6   3   5   2   4
Pudel1 144   1   2   1   1  25   2   2   1   1 JURA   8  46   1   1 700   0   2   5   6   3   5   2   5
Pudel1 144   1   2   1   1  25   2   2   1   1 JURA   8  47   1   5 710   0   5   6   3   5   2   4   4
Pudel1 144   1   2   1   1  25   2   2   1   1 JURA   8  48   1   6 610   1   2   4   5   2   3   6   4
Pudel1 144   1   2   1   1  25   2   2   1   1 JURA   8  49   1   1 710   0   3   5   2   4   5   2   5
Pudel1 144   1   2   1   1  25   2   2   1   1 JURA   8  50   1   2 580   0   6   3   5   2   4   5   3
Pudel1 144   1   2   1   1  25   2   2   1   1 JURA   8  51   1   5 490   0   2   4   5   2   3   6   5
Pudel1 144   1   2   1   1  25   2   2   1   1 JURA   8  52   1   6 580   0   6   3   5   2   4   5   3
Pudel1 144   1   2   1   1  25   2   2   1   1 JURA   8  53   1   1 530   0   3   5   2   4   5   2   3
Pudel1 144   1   2   1   1  25   2   2   1   1 JURA   8  54   1   1 421   0   3   5   2   4   5   2   3
Pudel1 144   1   2   1   1  25   2   2   1   1 JURA   8  55   1   6 510   1   2   4   5   2   3   6   4
Pudel1 144   1   2   1   1  25   2   2   1   1 JURA   8  56   1   1 600   0   2   4   5   2   3   6   5
Pudel1 144   1   2   1   1  25   2   2   1   1 JURA   8  57   1   1 820   0   4   5   2   3   6   2   4
Pudel1 144   1   2   1   1  25   2   2   1   1 JURA   8  58   1   2 560   0   5   2   4   5   2   3   4
Pudel1 144   1   2   1   1  25   2   2   1   1 JURA   8  59   1   1 450   0   2   5   6   3   5   2   5
Pudel1 144   1   2   1   1  25   2   2   1   1 JURA   8  60   1   4 870   0   6   3   5   2   4   5   4
Pudel1 144   1   2   1   1  25   2   2   1   1 JURA   8  61   1   6 420   0   5   2   4   5   2   3   5
Pudel1 144   1   2   1   1  25   2   2   1   1 JURA   8  62   1   6 670   0   2   5   6   3   5   2   3
Pudel1 144   1   2   1   1  25   2   2   1   1 JURA   8  63   1   6 560   1   2   4   5   2   3   6   5
Pudel1 144   1   2   1   1  25   2   2   1   1 JURA   8  64   1   6 580   0   6   3   5   2   4   5   3
Pudel1 144   1   2   1   1  25   2   2   1   1 JURA   8  65   1   1 700   0   2   5   6   3   5   2   4
Pudel1 144   1   2   1   1  25   2   2   1   1 JURA   8  66   1   6 770   0   4   5   2   3   6   2   5
Pudel1 144   1   2   1   1  25   2   2   1   1 JURA   8  67   1   1 570   0   5   2   4   5   2   3   5
Pudel1 144   1   2   1   1  25   2   2   1   1 JURA   8  68   1   6 750   0   2   5   6   3   5   2   3
Pudel1 144   1   2   1   1  25   2   2   1   1 JURA   8  69   1   6 710   0   5   2   4   5   2   3   3
Pudel1 144   1   2   1   1  25   2   2   1   1 JURA   8  70   1   4 490   0   1   2   5   6   3   5   5
Pudel1 144   1   2   1   1  25   2   2   1   1 JURA   8  71   1   6 620   0   5   2   4   5   2   3   4
Pudel1 144   1   2   1   1  25   2   2   1   1 JURA   8  72   1   6 710   0   5   2   4   5   2   3   4
Pudel1 144   1   2   1   1  25   2   2   1   1 JURA   8  73   1   6 730   0   5   6   3   5   2   4   3
Pudel1 144   1   2   1   1  25   2   2   1   1 JURA   8  74   1   6 670   0   5   2   4   5   2   3   3
Pudel1 144   1   2   1   1  25   2   2   1   1 JURA   8  75   1   6 591   0   5   6   3   5   2   4   3
Pudel1 144   1   2   1   1  25   2   2   1   1 JURA   8  76   1   6 710   0   4   5   2   3   6   2   5
Pudel1 144   1   2   1   1  25   2   2   1   1 JURA   8  77   1   1 590   0   3   5   2   4   5   2   5
Pudel1 144   1   2   1   1  25   2   2   1   1 JURA   8  78   1   6 790   0   5   6   3   5   2   4   5
Pudel1 144   1   2   1   1  25   2   2   1   1 JURA   8  79   1   6 680   0   5   2   4   5   2   3   4
Pudel1 144   1   2   1   1  25   2   2   1   1 JURA   8  80   1   6 540   0   5   2   4   5   2   3   4
Pudel1 144   1   2   1   1  25   2   2   1   1 JURA   8  81   1   1 800   0   4   5   2   3   6   2   5
Pudel1 144   1   2   1   1  25   2   2   1   1 JURA   8  82   1   2 630   0   1   2   5   6   3   5   5
Pudel1 144   1   2   1   1  25   2   2   1   1 JURA   8  83   1   5 800   1   6   3   5   2   4   5   4
Pudel1 144   1   2   1   1  25   2   2   1   1 JURA   8  84   1   5 1170   0   4   5   2   3   6   2   5
Pudel1 144   1   2   1   1  25   2   2   1   1 JURA   8  85   1   6 620   1   2   4   5   2   3   6   3
Pudel1 144   1   2   1   1  25   2   2   1   1 JURA   8  86   1   3 600   0   6   3   5   2   4   5   4
Pudel1 144   1   2   1   1  25   2   2   1   1 JURA   8  87   1   2 640   1   3   5   2   4   5   2   3
Pudel1 144   1   2   1   1  25   2   2   1   1 JURA   8  88   1   6 610   1   2   4   5   2   3   6   3
Pudel1 144   1   2   1   1  25   2   2   1   1 JURA   8  89   1   6 630   0   5   6   3   5   2   4   5
Pudel1 144   1   2   1   1  25   2   2   1   1 JURA   8  90   1   2 370   1   3   5   2   4   5   2   3
Pudel1 144   1   2   1   1  25   2   2   1   1 JURA   8  91   1   6 640   0   5   2   4   5   2   3   3
Pudel1 144   1   2   1   1  25   2   2   1   1 JURA   8  92   1   1 560   0   5   6   3   5   2   4   3
Pudel1 144   1   2   1   1  25   2   2   1   1 JURA   8  93   1   6 550   0   6   3   5   2   4   5   3
Pudel1 144   1   2   1   1  25   2   2   1   1 JURA   8  94   1   6 680   0   4   5   2   3   6   2   3
Pudel1 144   1   2   1   1  25   2   2   1   1 JURA   8  95   1   1 510   0   6   3   5   2   4   5   4
Pudel1 144   1   2   1   1  25   2   2   1   1 JURA   8  96   1   6 650   0   4   5   2   3   6   2   3
Pudel1 144   1   2   1   1  25   2   2   1   1 JURA   8  97   1   6 611   1   2   4   5   2   3   6   3
Pudel1 144   1   2   1   1  25   2   2   1   1 JURA   8  98   1   1 670   0   4   5   2   3   6   2   5
Pudel1 144   1   2   1   1  25   2   2   1   1 JURA   8  99   1   6 700   0   5   6   3   5   2   4   5
Pudel1 144   1   2   1   1  25   2   2   1   1 JURA   8 100   1   1 650   0   6   3   5   2   4   5   5
Pudel1 144   1   2   1   1  25   2   2   1   1 JURA   8 101   1   5 770   0   2   5   6   3   5   2   4
Pudel1 144   1   2   1   1  25   2   2   1   1 JURA   8 102   1   1 680   0   2   5   6   3   5   2   5
Pudel1 144   1   2   1   1  25   2   2   1   1 JURA   8 103   1   5 1010   1   6   3   5   2   4   5   5
Pudel1 144   1   2   1   1  25   2   2   1   1 JURA   8 104   1   5 1030   0   5   2   4   5   2   3   5
Pudel1 144   1   2   1   1  25   2   2   1   1 JURA   8 105   1   1 710   0   3   5   2   4   5   2   5
Pudel1 144   1   2   1   1  25   2   2   1   1 JURA   8 106   1   2 810   0   5   2   4   5   2   3   5
Pudel1 144   1   2   1   1  25   2   2   1   1 JURA   8 107   1   1 680   0   1   2   5   6   3   5   4
Pudel1 144   1   2   1   1  25   2   2   1   1 JURA   8 108   1   1 650   0   2   4   5   2   3   6   5
Pudel1 144   1   2   1   1  25   2   2   1   1 JURA   8 109   1   6 710   0   4   5   2   3   6   2   3
Pudel1 144   1   2   1   1  25   2   2   1   1 JURA   8 110   1   1 660   0   2   5   6   3   5   2   3
Pudel1 144   1   2   1   1  25   2   2   1   1 JURA   8 111   1   1 610   0   1   2   5   6   3   5   4
Pudel1 144   1   2   1   1  25   2   2   1   1 JURA   8 112   1   2 770   0   1   2   5   6   3   5   4
Pudel1 144   1   2   1   1  25   2   2   1   1 JURA   8 113   1   1 670   0   5   2   4   5   2   3   5
Pudel1 144   1   2   1   1  25   2   2   1   1 JURA   8 114   1   6 650   0   1   2   5   6   3   5   3
Pudel1 144   1   2   1   1  25   2   2   1   1 JURA   8 115   1   2 1000   1   3   5   2   4   5   2   4
Pudel1 144   1   2   1   1  25   2   2   1   1 JURA   8 116   1   6 690   0   5   2   4   5   2   3   3
Pudel1 144   1   2   1   1  25   2   2   1   1 JURA   8 117   1   6 590   1   2   4   5   2   3   6   3
Pudel1 144   1   2   1   1  25   2   2   1   1 JURA   8 118   1   5 690   1   1   2   5   6   3   5   5
Pudel1 144   1   2   1   1  25   2   2   1   1 JURA   8 119   1   1 600   0   3   5   2   4   5   2   4
Pudel1 144   1   2   1   1  25   2   2   1   1 JURA   8 120   1   5 600   1   1   2   5   6   3   5   3
