Pudel1 157   3   1   1   4  25   2   1   1   1 BWWL   1   1   0   0   1   0
Pudel1 157   3   1   1   4  25   2   1   1   1 BWWL   1   2   0   0   2   0
Pudel1 157   3   1   1   4  25   2   1   1   1 BWWL   1   3   0   0   4   0
Pudel1 157   3   1   1   4  25   2   1   1   1 BWWL   1   4   0   0   1   0
Pudel1 157   3   1   1   4  25   2   1   1   1 BWWL   1   5   0   0   5   0
Pudel1 157   3   1   1   4  25   2   1   1   1 BWWL   1   6   0   0   4   0
Pudel1 157   3   1   1   4  25   2   1   1   1 BWWL   1   7   0   0   6   0
Pudel1 157   3   1   1   4  25   2   1   1   1 BWWL   1   8   0   0   5   0
Pudel1 157   3   1   1   4  25   2   1   1   1 BWWL   1   9   0   0   4   0
Pudel1 157   3   1   1   4  25   2   1   1   1 BWWL   1  10   0   0   3   0
Pudel1 157   3   1   1   4  25   2   1   1   1 BWWL   1  11   0   0   2   0
Pudel1 157   3   1   1   4  25   2   1   1   1 BWWL   1  12   0   0   1   0
Pudel1 157   3   1   1   4  25   2   1   1   1 BWWL   1  13   0   0   5   0
Pudel1 157   3   1   1   4  25   2   1   1   1 BWWL   1  14   0   0   3   0
Pudel1 157   3   1   1   4  25   2   1   1   1 BWWL   1  15   0   0   1   0
Pudel1 157   3   1   1   4  25   2   1   1   1 BWWL   1  16   0   0   6   0
Pudel1 157   3   1   1   4  25   2   1   1   1 BWWL   1  17   0   0   2   0
Pudel1 157   3   1   1   4  25   2   1   1   1 BWWL   1  18   0   0   1   0
Pudel1 157   3   1   1   4  25   2   1   1   1 BWWL   1  19   0   0   6   0
Pudel1 157   3   1   1   4  25   2   1   1   1 BWWL   1  20   0   0   5   0
Pudel1 157   3   1   1   4  25   2   1   1   1 BWWL   1  21   0   0   3   0
Pudel1 157   3   1   1   4  25   2   1   1   1 BWWL   1  22   0   0   1   0
Pudel1 157   3   1   1   4  25   2   1   1   1 BWWL   1  23   0   0   6   0
Pudel1 157   3   1   1   4  25   2   1   1   1 BWWL   1  24   0   0   5   0
Pudel1 157   3   1   1   4  25   2   1   1   1 BWWL   1  25   0   0   2   0
Pudel1 157   3   1   1   4  25   2   1   1   1 BWWL   1  26   0   0   6   0
Pudel1 157   3   1   1   4  25   2   1   1   1 BWWL   1  27   0   0   3   0
Pudel1 157   3   1   1   4  25   2   1   1   1 BWWL   1  28   0   0   4   0
Pudel1 157   3   1   1   4  25   2   1   1   1 BWWL   1  29   0   0   2   0
Pudel1 157   3   1   1   4  25   2   1   1   1 BWWL   1  30   0   0   6   0
Pudel1 157   3   1   1   4  25   2   1   1   1 BWWL   1  31   0   0   1   0
Pudel1 157   3   1   1   4  25   2   1   1   1 BWWL   1  32   0   0   2   0
Pudel1 157   3   1   1   4  25   2   1   1   1 BWWL   1  33   0   0   5   0
Pudel1 157   3   1   1   4  25   2   1   1   1 BWWL   1  34   0   0   1   0
Pudel1 157   3   1   1   4  25   2   1   1   1 BWWL   1  35   0   0   6   0
Pudel1 157   3   1   1   4  25   2   1   1   1 BWWL   1  36   0   0   5   0
Pudel1 157   3   1   1   4  25   2   1   1   1 BWWL   1  37   0   0   2   0
Pudel1 157   3   1   1   4  25   2   1   1   1 BWWL   1  38   0   0   6   0
Pudel1 157   3   1   1   4  25   2   1   1   1 BWWL   1  39   0   0   4   0
Pudel1 157   3   1   1   4  25   2   1   1   1 BWWL   1  40   0   0   3   0
Pudel1 157   3   1   1   4  25   2   1   1   1 BWWL   1  41   0   0   6   0
Pudel1 157   3   1   1   4  25   2   1   1   1 BWWL   1  42   0   0   1   0
Pudel1 157   3   1   1   4  25   2   1   1   1 BWWL   1  43   0   0   2   0
Pudel1 157   3   1   1   4  25   2   1   1   1 BWWL   1  44   0   0   6   0
Pudel1 157   3   1   1   4  25   2   1   1   1 BWWL   1  45   0   0   4   0
Pudel1 157   3   1   1   4  25   2   1   1   1 BWWL   1  46   0   0   2   0
Pudel1 157   3   1   1   4  25   2   1   1   1 BWWL   1  47   0   0   6   0
Pudel1 157   3   1   1   4  25   2   1   1   1 BWWL   1  48   0   0   4   0
Pudel1 157   3   1   1   4  25   2   1   1   1 BWWL   1  49   0   0   3   0
Pudel1 157   3   1   1   4  25   2   1   1   1 BWWL   1  50   0   0   5   0
Pudel1 157   3   1   1   4  25   2   1   1   1 BWWL   1  51   0   0   6   0
Pudel1 157   3   1   1   4  25   2   1   1   1 BWWL   1  52   0   0   2   0
Pudel1 157   3   1   1   4  25   2   1   1   1 BWWL   1  53   0   0   1   0
Pudel1 157   3   1   1   4  25   2   1   1   1 BWWL   1  54   0   0   6   0
Pudel1 157   3   1   1   4  25   2   1   1   1 BWWL   1  55   0   0   5   0
Pudel1 157   3   1   1   4  25   2   1   1   1 BWWL   1  56   0   0   2   0
Pudel1 157   3   1   1   4  25   2   1   1   1 BWWL   1  57   0   0   1   0
Pudel1 157   3   1   1   4  25   2   1   1   1 BWWL   1  58   0   0   5   0
Pudel1 157   3   1   1   4  25   2   1   1   1 BWWL   1  59   0   0   2   0
Pudel1 157   3   1   1   4  25   2   1   1   1 BWWL   1  60   0   0   1   0
Pudel1 157   3   1   1   4  25   2   1   1   1 BWWL   1  61   0   0   5   0
Pudel1 157   3   1   1   4  25   2   1   1   1 BWWL   1  62   0   0   3   0
Pudel1 157   3   1   1   4  25   2   1   1   1 BWWL   1  63   0   0   6   0
Pudel1 157   3   1   1   4  25   2   1   1   1 BWWL   1  64   0   0   5   0
Pudel1 157   3   1   1   4  25   2   1   1   1 BWWL   1  65   0   0   2   0
Pudel1 157   3   1   1   4  25   2   1   1   1 BWWL   1  66   0   0   3   0
Pudel1 157   3   1   1   4  25   2   1   1   1 BWWL   1  67   0   0   4   0
Pudel1 157   3   1   1   4  25   2   1   1   1 BWWL   1  68   0   0   2   0
Pudel1 157   3   1   1   4  25   2   1   1   1 BWWL   1  69   0   0   6   0
Pudel1 157   3   1   1   4  25   2   1   1   1 BWWL   1  70   0   0   4   0
Pudel1 157   3   1   1   4  25   2   1   1   1 BWWL   1  71   0   0   3   0
Pudel1 157   3   1   1   4  25   2   1   1   1 BWWL   1  72   0   0   6   0
Pudel1 157   3   1   1   4  25   2   1   1   1 BWWL   1  73   0   0   4   0
Pudel1 157   3   1   1   4  25   2   1   1   1 BWWL   1  74   0   0   1   0
Pudel1 157   3   1   1   4  25   2   1   1   1 BWWL   1  75   0   0   6   0
Pudel1 157   3   1   1   4  25   2   1   1   1 BWWL   1  76   0   0   4   0
Pudel1 157   3   1   1   4  25   2   1   1   1 BWWL   1  77   0   0   2   0
Pudel1 157   3   1   1   4  25   2   1   1   1 BWWL   1  78   0   0   6   0
Pudel1 157   3   1   1   4  25   2   1   1   1 BWWL   1  79   0   0   3   0
Pudel1 157   3   1   1   4  25   2   1   1   1 BWWL   1  80   0   0   4   0
Pudel1 157   3   1   1   4  25   2   1   1   1 BWWL   1  81   0   0   5   0
Pudel1 157   3   1   1   4  25   2   1   1   1 BWWL   1  82   0   0   6   0
Pudel1 157   3   1   1   4  25   2   1   1   1 BWWL   1  83   0   0   3   0
Pudel1 157   3   1   1   4  25   2   1   1   1 BWWL   1  84   0   0   1   0
Pudel1 157   3   1   1   4  25   2   1   1   1 BWWL   1  85   0   0   2   0
Pudel1 157   3   1   1   4  25   2   1   1   1 BWWL   1  86   0   0   5   0
Pudel1 157   3   1   1   4  25   2   1   1   1 BWWL   1  87   0   0   3   0
Pudel1 157   3   1   1   4  25   2   1   1   1 BWWL   1  88   0   0   6   0
Pudel1 157   3   1   1   4  25   2   1   1   1 BWWL   1  89   0   0   4   0
Pudel1 157   3   1   1   4  25   2   1   1   1 BWWL   1  90   0   0   5   0
Pudel1 157   3   1   1   4  25   2   1   1   1 BWWL   1  91   0   0   2   0
Pudel1 157   3   1   1   4  25   2   1   1   1 BWWL   1  92   0   0   6   0
Pudel1 157   3   1   1   4  25   2   1   1   1 BWWL   1  93   0   0   4   0
Pudel1 157   3   1   1   4  25   2   1   1   1 BWWL   1  94   0   0   2   0
Pudel1 157   3   1   1   4  25   2   1   1   1 BWWL   1  95   0   0   6   0
Pudel1 157   3   1   1   4  25   2   1   1   1 BWWL   1  96   0   0   1   0
Pudel1 157   3   1   1   4  25   2   1   1   1 BWWL   1  97   0   0   3   0
Pudel1 157   3   1   1   4  25   2   1   1   1 BWWL   1  98   0   0   6   0
Pudel1 157   3   1   1   4  25   2   1   1   1 BWWL   1  99   0   0   5   0
Pudel1 157   3   1   1   4  25   2   1   1   1 BWWL   1 100   0   0   4   0
Pudel1 157   3   1   1   4  25   2   1   1   1 BWWL   1 101   0   0   2   0
Pudel1 157   3   1   1   4  25   2   1   1   1 BWWL   1 102   0   0   6   0
Pudel1 157   3   1   1   4  25   2   1   1   1 BWWL   1 103   0   0   4   0
Pudel1 157   3   1   1   4  25   2   1   1   1 BWWL   1 104   0   0   1   0
Pudel1 157   3   1   1   4  25   2   1   1   1 BWWL   1 105   0   0   2   0
Pudel1 157   3   1   1   4  25   2   1   1   1 BWWL   1 106   0   0   4   0
Pudel1 157   3   1   1   4  25   2   1   1   1 BWWL   1 107   0   0   5   0
Pudel1 157   3   1   1   4  25   2   1   1   1 BWWL   1 108   0   0   6   0
Pudel1 157   3   1   1   4  25   2   1   1   1 BWWL   1 109   0   0   4   0
Pudel1 157   3   1   1   4  25   2   1   1   1 BWWL   1 110   0   0   2   0
Pudel1 157   3   1   1   4  25   2   1   1   1 BWWL   1 111   0   0   5   0
Pudel1 157   3   1   1   4  25   2   1   1   1 BWWL   1 112   0   0   3   0
Pudel1 157   3   1   1   4  25   2   1   1   1 BWWL   1 113   0   0   4   0
Pudel1 157   3   1   1   4  25   2   1   1   1 BWWL   1 114   0   0   2   0
Pudel1 157   3   1   1   4  25   2   1   1   1 BWWL   1 115   0   0   1   0
Pudel1 157   3   1   1   4  25   2   1   1   1 BWWL   1 116   0   0   5   0
Pudel1 157   3   1   1   4  25   2   1   1   1 BWWL   1 117   0   0   6   0
Pudel1 157   3   1   1   4  25   2   1   1   1 BWWL   1 118   0   0   4   0
Pudel1 157   3   1   1   4  25   2   1   1   1 BWWL   1 119   0   0   1   0
Pudel1 157   3   1   1   4  25   2   1   1   1 BWWL   1 120   0   0   5   0
Pudel1 157   3   1   1   4  25   2   1   1   1 BWWL   1 121   0   0   3   0
Pudel1 157   3   1   1   4  25   2   1   1   1 BWWL   1 122   0   0   2   0
Pudel1 157   3   1   1   4  25   2   1   1   1 BWWL   1 123   0   0   6   0
Pudel1 157   3   1   1   4  25   2   1   1   1 BWWL   1 124   0   0   3   0
Pudel1 157   3   1   1   4  25   2   1   1   1 BWWL   1 125   0   0   5   0
Pudel1 157   3   1   1   4  25   2   1   1   1 BWWL   1 126   0   0   1   0
Pudel1 157   3   1   1   4  25   2   1   1   1 BWWL   1 127   0   0   2   0
Pudel1 157   3   1   1   4  25   2   1   1   1 BWWL   1 128   0   0   6   0
Pudel1 157   3   1   1   4  25   2   1   1   1 BWWL   1 129   0   0   1   0
Pudel1 157   3   1   1   4  25   2   1   1   1 BWWL   1 130   0   0   2   0
Pudel1 157   3   1   1   4  25   2   1   1   1 BWWL   1 131   0   0   6   0
Pudel1 157   3   1   1   4  25   2   1   1   1 BWWL   1 132   0   0   3   0
Pudel1 157   3   1   1   4  25   2   1   1   1 BWWL   1 133   0   0   2   0
Pudel1 157   3   1   1   4  25   2   1   1   1 BWWL   1 134   0   0   6   0
Pudel1 157   3   1   1   4  25   2   1   1   1 BWWL   1 135   0   0   5   0
Pudel1 157   3   1   1   4  25   2   1   1   1 BWWL   1 136   0   0   3   0
Pudel1 157   3   1   1   4  25   2   1   1   1 BWWL   1 137   0   0   6   0
Pudel1 157   3   1   1   4  25   2   1   1   1 BWWL   1 138   0   0   4   0
Pudel1 157   3   1   1   4  25   2   1   1   1 BWWL   1 139   0   0   1   0
Pudel1 157   3   1   1   4  25   2   1   1   1 BWWL   1 140   0   0   6   0
Pudel1 157   3   1   1   4  25   2   1   1   1 BWWL   1 141   0   0   2   0
Pudel1 157   3   1   1   4  25   2   1   1   1 BWWL   1 142   0   0   3   0
Pudel1 157   3   1   1   4  25   2   1   1   1 BWWL   1 143   0   0   1   0
Pudel1 157   3   1   1   4  25   2   1   1   1 BWWL   1 144   0   0   4   0
Pudel1 157   3   1   1   4  25   2   1   1   1 BWWL   2   1   0   0   3   0
Pudel1 157   3   1   1   4  25   2   1   1   1 BWWL   2   2   0   0   2   0
Pudel1 157   3   1   1   4  25   2   1   1   1 BWWL   2   3   0   0   5   0
Pudel1 157   3   1   1   4  25   2   1   1   1 BWWL   2   4   0   0   3   0
Pudel1 157   3   1   1   4  25   2   1   1   1 BWWL   2   5   0   0   6   0
Pudel1 157   3   1   1   4  25   2   1   1   1 BWWL   2   6   0   0   5   0
Pudel1 157   3   1   1   4  25   2   1   1   1 BWWL   2   7   0   0   1   0
Pudel1 157   3   1   1   4  25   2   1   1   1 BWWL   2   8   0   0   3   0
Pudel1 157   3   1   1   4  25   2   1   1   1 BWWL   2   9   0   0   4   0
Pudel1 157   3   1   1   4  25   2   1   1   1 BWWL   2  10   0   0   1   0
Pudel1 157   3   1   1   4  25   2   1   1   1 BWWL   2  11   0   0   5   0
Pudel1 157   3   1   1   4  25   2   1   1   1 BWWL   2  12   0   0   6   0
Pudel1 157   3   1   1   4  25   2   1   1   1 BWWL   2  13   0   0   1   0
Pudel1 157   3   1   1   4  25   2   1   1   1 BWWL   2  14   0   0   5   0
Pudel1 157   3   1   1   4  25   2   1   1   1 BWWL   2  15   0   0   2   0
Pudel1 157   3   1   1   4  25   2   1   1   1 BWWL   2  16   0   0   4   0
Pudel1 157   3   1   1   4  25   2   1   1   1 BWWL   2  17   0   0   3   0
Pudel1 157   3   1   1   4  25   2   1   1   1 BWWL   2  18   0   0   2   0
Pudel1 157   3   1   1   4  25   2   1   1   1 BWWL   2  19   0   0   4   0
Pudel1 157   3   1   1   4  25   2   1   1   1 BWWL   2  20   0   0   3   0
Pudel1 157   3   1   1   4  25   2   1   1   1 BWWL   2  21   0   0   6   0
Pudel1 157   3   1   1   4  25   2   1   1   1 BWWL   2  22   0   0   2   0
Pudel1 157   3   1   1   4  25   2   1   1   1 BWWL   2  23   0   0   1   0
Pudel1 157   3   1   1   4  25   2   1   1   1 BWWL   2  24   0   0   5   0
Pudel1 157   3   1   1   4  25   2   1   1   1 BWWL   2  25   0   0   2   0
Pudel1 157   3   1   1   4  25   2   1   1   1 BWWL   2  26   0   0   6   0
Pudel1 157   3   1   1   4  25   2   1   1   1 BWWL   2  27   0   0   4   0
Pudel1 157   3   1   1   4  25   2   1   1   1 BWWL   2  28   0   0   1   0
Pudel1 157   3   1   1   4  25   2   1   1   1 BWWL   2  29   0   0   6   0
Pudel1 157   3   1   1   4  25   2   1   1   1 BWWL   2  30   0   0   2   0
Pudel1 157   3   1   1   4  25   2   1   1   1 BWWL   2  31   0   0   3   0
Pudel1 157   3   1   1   4  25   2   1   1   1 BWWL   2  32   0   0   5   0
Pudel1 157   3   1   1   4  25   2   1   1   1 BWWL   2  33   0   0   4   0
Pudel1 157   3   1   1   4  25   2   1   1   1 BWWL   2  34   0   0   1   0
Pudel1 157   3   1   1   4  25   2   1   1   1 BWWL   2  35   0   0   5   0
Pudel1 157   3   1   1   4  25   2   1   1   1 BWWL   2  36   0   0   3   0
Pudel1 157   3   1   1   4  25   2   1   1   1 BWWL   2  37   0   0   2   0
Pudel1 157   3   1   1   4  25   2   1   1   1 BWWL   2  38   0   0   1   0
Pudel1 157   3   1   1   4  25   2   1   1   1 BWWL   2  39   0   0   5   0
Pudel1 157   3   1   1   4  25   2   1   1   1 BWWL   2  40   0   0   3   0
Pudel1 157   3   1   1   4  25   2   1   1   1 BWWL   2  41   0   0   6   0
Pudel1 157   3   1   1   4  25   2   1   1   1 BWWL   2  42   0   0   4   0
Pudel1 157   3   1   1   4  25   2   1   1   1 BWWL   2  43   0   0   2   0
Pudel1 157   3   1   1   4  25   2   1   1   1 BWWL   2  44   0   0   1   0
Pudel1 157   3   1   1   4  25   2   1   1   1 BWWL   2  45   0   0   5   0
Pudel1 157   3   1   1   4  25   2   1   1   1 BWWL   2  46   0   0   4   0
Pudel1 157   3   1   1   4  25   2   1   1   1 BWWL   2  47   0   0   1   0
Pudel1 157   3   1   1   4  25   2   1   1   1 BWWL   2  48   0   0   5   0
Pudel1 157   3   1   1   4  25   2   1   1   1 BWWL   2  49   0   0   4   0
Pudel1 157   3   1   1   4  25   2   1   1   1 BWWL   2  50   0   0   1   0
Pudel1 157   3   1   1   4  25   2   1   1   1 BWWL   2  51   0   0   2   0
Pudel1 157   3   1   1   4  25   2   1   1   1 BWWL   2  52   0   0   4   0
Pudel1 157   3   1   1   4  25   2   1   1   1 BWWL   2  53   0   0   6   0
Pudel1 157   3   1   1   4  25   2   1   1   1 BWWL   2  54   0   0   2   0
Pudel1 157   3   1   1   4  25   2   1   1   1 BWWL   2  55   0   0   3   0
Pudel1 157   3   1   1   4  25   2   1   1   1 BWWL   2  56   0   0   5   0
Pudel1 157   3   1   1   4  25   2   1   1   1 BWWL   2  57   0   0   4   0
Pudel1 157   3   1   1   4  25   2   1   1   1 BWWL   2  58   0   0   6   0
Pudel1 157   3   1   1   4  25   2   1   1   1 BWWL   2  59   0   0   2   0
Pudel1 157   3   1   1   4  25   2   1   1   1 BWWL   2  60   0   0   5   0
Pudel1 157   3   1   1   4  25   2   1   1   1 BWWL   2  61   0   0   3   0
Pudel1 157   3   1   1   4  25   2   1   1   1 BWWL   2  62   0   0   4   0
Pudel1 157   3   1   1   4  25   2   1   1   1 BWWL   2  63   0   0   6   0
Pudel1 157   3   1   1   4  25   2   1   1   1 BWWL   2  64   0   0   3   0
Pudel1 157   3   1   1   4  25   2   1   1   1 BWWL   2  65   0   0   5   0
Pudel1 157   3   1   1   4  25   2   1   1   1 BWWL   2  66   0   0   2   0
Pudel1 157   3   1   1   4  25   2   1   1   1 BWWL   2  67   0   0   6   0
Pudel1 157   3   1   1   4  25   2   1   1   1 BWWL   2  68   0   0   1   0
Pudel1 157   3   1   1   4  25   2   1   1   1 BWWL   2  69   0   0   4   0
Pudel1 157   3   1   1   4  25   2   1   1   1 BWWL   2  70   0   0   5   0
Pudel1 157   3   1   1   4  25   2   1   1   1 BWWL   2  71   0   0   2   0
Pudel1 157   3   1   1   4  25   2   1   1   1 BWWL   2  72   0   0   6   0
Pudel1 157   3   1   1   4  25   2   1   1   1 BWWL   2  73   0   0   3   0
Pudel1 157   3   1   1   4  25   2   1   1   1 BWWL   2  74   0   0   1   0
Pudel1 157   3   1   1   4  25   2   1   1   1 BWWL   2  75   0   0   4   0
Pudel1 157   3   1   1   4  25   2   1   1   1 BWWL   2  76   0   0   6   0
Pudel1 157   3   1   1   4  25   2   1   1   1 BWWL   2  77   0   0   2   0
Pudel1 157   3   1   1   4  25   2   1   1   1 BWWL   2  78   0   0   1   0
Pudel1 157   3   1   1   4  25   2   1   1   1 BWWL   2  79   0   0   3   0
Pudel1 157   3   1   1   4  25   2   1   1   1 BWWL   2  80   0   0   6   0
Pudel1 157   3   1   1   4  25   2   1   1   1 BWWL   2  81   0   0   5   0
Pudel1 157   3   1   1   4  25   2   1   1   1 BWWL   2  82   0   0   3   0
Pudel1 157   3   1   1   4  25   2   1   1   1 BWWL   2  83   0   0   6   0
Pudel1 157   3   1   1   4  25   2   1   1   1 BWWL   2  84   0   0   4   0
Pudel1 157   3   1   1   4  25   2   1   1   1 BWWL   2  85   0   0   2   0
Pudel1 157   3   1   1   4  25   2   1   1   1 BWWL   2  86   0   0   5   0
Pudel1 157   3   1   1   4  25   2   1   1   1 BWWL   2  87   0   0   1   0
Pudel1 157   3   1   1   4  25   2   1   1   1 BWWL   2  88   0   0   3   0
Pudel1 157   3   1   1   4  25   2   1   1   1 BWWL   2  89   0   0   2   0
Pudel1 157   3   1   1   4  25   2   1   1   1 BWWL   2  90   0   0   1   0
Pudel1 157   3   1   1   4  25   2   1   1   1 BWWL   2  91   0   0   4   0
Pudel1 157   3   1   1   4  25   2   1   1   1 BWWL   2  92   0   0   2   0
Pudel1 157   3   1   1   4  25   2   1   1   1 BWWL   2  93   0   0   3   0
Pudel1 157   3   1   1   4  25   2   1   1   1 BWWL   2  94   0   0   6   0
Pudel1 157   3   1   1   4  25   2   1   1   1 BWWL   2  95   0   0   5   0
Pudel1 157   3   1   1   4  25   2   1   1   1 BWWL   2  96   0   0   2   0
Pudel1 157   3   1   1   4  25   2   1   1   1 BWWL   2  97   0   0   3   0
Pudel1 157   3   1   1   4  25   2   1   1   1 BWWL   2  98   0   0   6   0
Pudel1 157   3   1   1   4  25   2   1   1   1 BWWL   2  99   0   0   1   0
Pudel1 157   3   1   1   4  25   2   1   1   1 BWWL   2 100   0   0   2   0
Pudel1 157   3   1   1   4  25   2   1   1   1 BWWL   2 101   0   0   6   0
Pudel1 157   3   1   1   4  25   2   1   1   1 BWWL   2 102   0   0   5   0
Pudel1 157   3   1   1   4  25   2   1   1   1 BWWL   2 103   0   0   4   0
Pudel1 157   3   1   1   4  25   2   1   1   1 BWWL   2 104   0   0   6   0
Pudel1 157   3   1   1   4  25   2   1   1   1 BWWL   2 105   0   0   5   0
Pudel1 157   3   1   1   4  25   2   1   1   1 BWWL   2 106   0   0   4   0
Pudel1 157   3   1   1   4  25   2   1   1   1 BWWL   2 107   0   0   2   0
Pudel1 157   3   1   1   4  25   2   1   1   1 BWWL   2 108   0   0   5   0
Pudel1 157   3   1   1   4  25   2   1   1   1 BWWL   2 109   0   0   6   0
Pudel1 157   3   1   1   4  25   2   1   1   1 BWWL   2 110   0   0   1   0
Pudel1 157   3   1   1   4  25   2   1   1   1 BWWL   2 111   0   0   5   0
Pudel1 157   3   1   1   4  25   2   1   1   1 BWWL   2 112   0   0   4   0
Pudel1 157   3   1   1   4  25   2   1   1   1 BWWL   2 113   0   0   1   0
Pudel1 157   3   1   1   4  25   2   1   1   1 BWWL   2 114   0   0   2   0
Pudel1 157   3   1   1   4  25   2   1   1   1 BWWL   2 115   0   0   3   0
Pudel1 157   3   1   1   4  25   2   1   1   1 BWWL   2 116   0   0   1   0
Pudel1 157   3   1   1   4  25   2   1   1   1 BWWL   2 117   0   0   6   0
Pudel1 157   3   1   1   4  25   2   1   1   1 BWWL   2 118   0   0   3   0
Pudel1 157   3   1   1   4  25   2   1   1   1 BWWL   2 119   0   0   5   0
Pudel1 157   3   1   1   4  25   2   1   1   1 BWWL   2 120   0   0   6   0
Pudel1 157   3   1   1   4  25   2   1   1   1 BWWL   2 121   0   0   4   0
Pudel1 157   3   1   1   4  25   2   1   1   1 BWWL   2 122   0   0   1   0
Pudel1 157   3   1   1   4  25   2   1   1   1 BWWL   2 123   0   0   6   0
Pudel1 157   3   1   1   4  25   2   1   1   1 BWWL   2 124   0   0   5   0
Pudel1 157   3   1   1   4  25   2   1   1   1 BWWL   2 125   0   0   3   0
Pudel1 157   3   1   1   4  25   2   1   1   1 BWWL   2 126   0   0   6   0
Pudel1 157   3   1   1   4  25   2   1   1   1 BWWL   2 127   0   0   2   0
Pudel1 157   3   1   1   4  25   2   1   1   1 BWWL   2 128   0   0   5   0
Pudel1 157   3   1   1   4  25   2   1   1   1 BWWL   2 129   0   0   3   0
Pudel1 157   3   1   1   4  25   2   1   1   1 BWWL   2 130   0   0   6   0
Pudel1 157   3   1   1   4  25   2   1   1   1 BWWL   2 131   0   0   4   0
Pudel1 157   3   1   1   4  25   2   1   1   1 BWWL   2 132   0   0   1   0
Pudel1 157   3   1   1   4  25   2   1   1   1 BWWL   2 133   0   0   3   0
Pudel1 157   3   1   1   4  25   2   1   1   1 BWWL   2 134   0   0   5   0
Pudel1 157   3   1   1   4  25   2   1   1   1 BWWL   2 135   0   0   1   0
Pudel1 157   3   1   1   4  25   2   1   1   1 BWWL   2 136   0   0   2   0
Pudel1 157   3   1   1   4  25   2   1   1   1 BWWL   2 137   0   0   6   0
Pudel1 157   3   1   1   4  25   2   1   1   1 BWWL   2 138   0   0   4   0
Pudel1 157   3   1   1   4  25   2   1   1   1 BWWL   2 139   0   0   1   0
Pudel1 157   3   1   1   4  25   2   1   1   1 BWWL   2 140   0   0   6   0
Pudel1 157   3   1   1   4  25   2   1   1   1 BWWL   2 141   0   0   3   0
Pudel1 157   3   1   1   4  25   2   1   1   1 BWWL   2 142   0   0   4   0
Pudel1 157   3   1   1   4  25   2   1   1   1 BWWL   2 143   0   0   1   0
Pudel1 157   3   1   1   4  25   2   1   1   1 BWWL   2 144   0   0   5   0
Pudel1 157   3   1   1   4  25   2   1   1   1 BWWL   3   1   0   0   1   0
Pudel1 157   3   1   1   4  25   2   1   1   1 BWWL   3   2   0   0   3   0
Pudel1 157   3   1   1   4  25   2   1   1   1 BWWL   3   3   0   0   2   0
Pudel1 157   3   1   1   4  25   2   1   1   1 BWWL   3   4   0   0   6   0
Pudel1 157   3   1   1   4  25   2   1   1   1 BWWL   3   5   0   0   5   0
Pudel1 157   3   1   1   4  25   2   1   1   1 BWWL   3   6   0   0   3   0
Pudel1 157   3   1   1   4  25   2   1   1   1 BWWL   3   7   0   0   6   0
Pudel1 157   3   1   1   4  25   2   1   1   1 BWWL   3   8   0   0   4   0
Pudel1 157   3   1   1   4  25   2   1   1   1 BWWL   3   9   0   0   5   0
Pudel1 157   3   1   1   4  25   2   1   1   1 BWWL   3  10   0   0   3   0
Pudel1 157   3   1   1   4  25   2   1   1   1 BWWL   3  11   0   0   1   0
Pudel1 157   3   1   1   4  25   2   1   1   1 BWWL   3  12   0   0   2   0
Pudel1 157   3   1   1   4  25   2   1   1   1 BWWL   3  13   0   0   5   0
Pudel1 157   3   1   1   4  25   2   1   1   1 BWWL   3  14   0   0   3   0
Pudel1 157   3   1   1   4  25   2   1   1   1 BWWL   3  15   0   0   2   0
Pudel1 157   3   1   1   4  25   2   1   1   1 BWWL   3  16   0   0   4   0
Pudel1 157   3   1   1   4  25   2   1   1   1 BWWL   3  17   0   0   5   0
Pudel1 157   3   1   1   4  25   2   1   1   1 BWWL   3  18   0   0   1   0
Pudel1 157   3   1   1   4  25   2   1   1   1 BWWL   3  19   0   0   6   0
Pudel1 157   3   1   1   4  25   2   1   1   1 BWWL   3  20   0   0   3   0
Pudel1 157   3   1   1   4  25   2   1   1   1 BWWL   3  21   0   0   5   0
Pudel1 157   3   1   1   4  25   2   1   1   1 BWWL   3  22   0   0   6   0
Pudel1 157   3   1   1   4  25   2   1   1   1 BWWL   3  23   0   0   2   0
Pudel1 157   3   1   1   4  25   2   1   1   1 BWWL   3  24   0   0   4   0
Pudel1 157   3   1   1   4  25   2   1   1   1 BWWL   3  25   0   0   1   0
Pudel1 157   3   1   1   4  25   2   1   1   1 BWWL   3  26   0   0   5   0
Pudel1 157   3   1   1   4  25   2   1   1   1 BWWL   3  27   0   0   4   0
Pudel1 157   3   1   1   4  25   2   1   1   1 BWWL   3  28   0   0   3   0
Pudel1 157   3   1   1   4  25   2   1   1   1 BWWL   3  29   0   0   1   0
Pudel1 157   3   1   1   4  25   2   1   1   1 BWWL   3  30   0   0   2   0
Pudel1 157   3   1   1   4  25   2   1   1   1 BWWL   3  31   0   0   4   0
Pudel1 157   3   1   1   4  25   2   1   1   1 BWWL   3  32   0   0   5   0
Pudel1 157   3   1   1   4  25   2   1   1   1 BWWL   3  33   0   0   1   0
Pudel1 157   3   1   1   4  25   2   1   1   1 BWWL   3  34   0   0   4   0
Pudel1 157   3   1   1   4  25   2   1   1   1 BWWL   3  35   0   0   2   0
Pudel1 157   3   1   1   4  25   2   1   1   1 BWWL   3  36   0   0   6   0
Pudel1 157   3   1   1   4  25   2   1   1   1 BWWL   3  37   0   0   5   0
Pudel1 157   3   1   1   4  25   2   1   1   1 BWWL   3  38   0   0   2   0
Pudel1 157   3   1   1   4  25   2   1   1   1 BWWL   3  39   0   0   4   0
Pudel1 157   3   1   1   4  25   2   1   1   1 BWWL   3  40   0   0   5   0
Pudel1 157   3   1   1   4  25   2   1   1   1 BWWL   3  41   0   0   6   0
Pudel1 157   3   1   1   4  25   2   1   1   1 BWWL   3  42   0   0   4   0
Pudel1 157   3   1   1   4  25   2   1   1   1 BWWL   3  43   0   0   3   0
Pudel1 157   3   1   1   4  25   2   1   1   1 BWWL   3  44   0   0   2   0
Pudel1 157   3   1   1   4  25   2   1   1   1 BWWL   3  45   0   0   5   0
Pudel1 157   3   1   1   4  25   2   1   1   1 BWWL   3  46   0   0   3   0
Pudel1 157   3   1   1   4  25   2   1   1   1 BWWL   3  47   0   0   4   0
Pudel1 157   3   1   1   4  25   2   1   1   1 BWWL   3  48   0   0   1   0
Pudel1 157   3   1   1   4  25   2   1   1   1 BWWL   3  49   0   0   3   0
Pudel1 157   3   1   1   4  25   2   1   1   1 BWWL   3  50   0   0   6   0
Pudel1 157   3   1   1   4  25   2   1   1   1 BWWL   3  51   0   0   1   0
Pudel1 157   3   1   1   4  25   2   1   1   1 BWWL   3  52   0   0   2   0
Pudel1 157   3   1   1   4  25   2   1   1   1 BWWL   3  53   0   0   3   0
Pudel1 157   3   1   1   4  25   2   1   1   1 BWWL   3  54   0   0   6   0
Pudel1 157   3   1   1   4  25   2   1   1   1 BWWL   3  55   0   0   1   0
Pudel1 157   3   1   1   4  25   2   1   1   1 BWWL   3  56   0   0   2   0
Pudel1 157   3   1   1   4  25   2   1   1   1 BWWL   3  57   0   0   6   0
Pudel1 157   3   1   1   4  25   2   1   1   1 BWWL   3  58   0   0   1   0
Pudel1 157   3   1   1   4  25   2   1   1   1 BWWL   3  59   0   0   3   0
Pudel1 157   3   1   1   4  25   2   1   1   1 BWWL   3  60   0   0   6   0
Pudel1 157   3   1   1   4  25   2   1   1   1 BWWL   3  61   0   0   1   0
Pudel1 157   3   1   1   4  25   2   1   1   1 BWWL   3  62   0   0   4   0
Pudel1 157   3   1   1   4  25   2   1   1   1 BWWL   3  63   0   0   2   0
Pudel1 157   3   1   1   4  25   2   1   1   1 BWWL   3  64   0   0   1   0
Pudel1 157   3   1   1   4  25   2   1   1   1 BWWL   3  65   0   0   5   0
Pudel1 157   3   1   1   4  25   2   1   1   1 BWWL   3  66   0   0   4   0
Pudel1 157   3   1   1   4  25   2   1   1   1 BWWL   3  67   0   0   3   0
Pudel1 157   3   1   1   4  25   2   1   1   1 BWWL   3  68   0   0   1   0
Pudel1 157   3   1   1   4  25   2   1   1   1 BWWL   3  69   0   0   4   0
Pudel1 157   3   1   1   4  25   2   1   1   1 BWWL   3  70   0   0   5   0
Pudel1 157   3   1   1   4  25   2   1   1   1 BWWL   3  71   0   0   6   0
Pudel1 157   3   1   1   4  25   2   1   1   1 BWWL   3  72   0   0   2   0
Pudel1 157   3   1   1   4  25   2   1   1   1 BWWL   3  73   0   0   1   0
Pudel1 157   3   1   1   4  25   2   1   1   1 BWWL   3  74   0   0   4   0
Pudel1 157   3   1   1   4  25   2   1   1   1 BWWL   3  75   0   0   6   0
Pudel1 157   3   1   1   4  25   2   1   1   1 BWWL   3  76   0   0   3   0
Pudel1 157   3   1   1   4  25   2   1   1   1 BWWL   3  77   0   0   2   0
Pudel1 157   3   1   1   4  25   2   1   1   1 BWWL   3  78   0   0   6   0
Pudel1 157   3   1   1   4  25   2   1   1   1 BWWL   3  79   0   0   1   0
Pudel1 157   3   1   1   4  25   2   1   1   1 BWWL   3  80   0   0   5   0
Pudel1 157   3   1   1   4  25   2   1   1   1 BWWL   3  81   0   0   2   0
Pudel1 157   3   1   1   4  25   2   1   1   1 BWWL   3  82   0   0   1   0
Pudel1 157   3   1   1   4  25   2   1   1   1 BWWL   3  83   0   0   4   0
Pudel1 157   3   1   1   4  25   2   1   1   1 BWWL   3  84   0   0   6   0
Pudel1 157   3   1   1   4  25   2   1   1   1 BWWL   3  85   0   0   2   0
Pudel1 157   3   1   1   4  25   2   1   1   1 BWWL   3  86   0   0   4   0
Pudel1 157   3   1   1   4  25   2   1   1   1 BWWL   3  87   0   0   5   0
Pudel1 157   3   1   1   4  25   2   1   1   1 BWWL   3  88   0   0   1   0
Pudel1 157   3   1   1   4  25   2   1   1   1 BWWL   3  89   0   0   4   0
Pudel1 157   3   1   1   4  25   2   1   1   1 BWWL   3  90   0   0   2   0
Pudel1 157   3   1   1   4  25   2   1   1   1 BWWL   3  91   0   0   3   0
Pudel1 157   3   1   1   4  25   2   1   1   1 BWWL   3  92   0   0   5   0
Pudel1 157   3   1   1   4  25   2   1   1   1 BWWL   3  93   0   0   2   0
Pudel1 157   3   1   1   4  25   2   1   1   1 BWWL   3  94   0   0   3   0
Pudel1 157   3   1   1   4  25   2   1   1   1 BWWL   3  95   0   0   5   0
Pudel1 157   3   1   1   4  25   2   1   1   1 BWWL   3  96   0   0   6   0
Pudel1 157   3   1   1   4  25   2   1   1   1 BWWL   3  97   0   0   2   0
Pudel1 157   3   1   1   4  25   2   1   1   1 BWWL   3  98   0   0   5   0
Pudel1 157   3   1   1   4  25   2   1   1   1 BWWL   3  99   0   0   3   0
Pudel1 157   3   1   1   4  25   2   1   1   1 BWWL   3 100   0   0   6   0
Pudel1 157   3   1   1   4  25   2   1   1   1 BWWL   3 101   0   0   2   0
Pudel1 157   3   1   1   4  25   2   1   1   1 BWWL   3 102   0   0   5   0
Pudel1 157   3   1   1   4  25   2   1   1   1 BWWL   3 103   0   0   6   0
Pudel1 157   3   1   1   4  25   2   1   1   1 BWWL   3 104   0   0   2   0
Pudel1 157   3   1   1   4  25   2   1   1   1 BWWL   3 105   0   0   5   0
Pudel1 157   3   1   1   4  25   2   1   1   1 BWWL   3 106   0   0   1   0
Pudel1 157   3   1   1   4  25   2   1   1   1 BWWL   3 107   0   0   4   0
Pudel1 157   3   1   1   4  25   2   1   1   1 BWWL   3 108   0   0   6   0
Pudel1 157   3   1   1   4  25   2   1   1   1 BWWL   3 109   0   0   5   0
Pudel1 157   3   1   1   4  25   2   1   1   1 BWWL   3 110   0   0   2   0
Pudel1 157   3   1   1   4  25   2   1   1   1 BWWL   3 111   0   0   1   0
Pudel1 157   3   1   1   4  25   2   1   1   1 BWWL   3 112   0   0   6   0
Pudel1 157   3   1   1   4  25   2   1   1   1 BWWL   3 113   0   0   5   0
Pudel1 157   3   1   1   4  25   2   1   1   1 BWWL   3 114   0   0   2   0
Pudel1 157   3   1   1   4  25   2   1   1   1 BWWL   3 115   0   0   1   0
Pudel1 157   3   1   1   4  25   2   1   1   1 BWWL   3 116   0   0   4   0
Pudel1 157   3   1   1   4  25   2   1   1   1 BWWL   3 117   0   0   2   0
Pudel1 157   3   1   1   4  25   2   1   1   1 BWWL   3 118   0   0   3   0
Pudel1 157   3   1   1   4  25   2   1   1   1 BWWL   3 119   0   0   4   0
Pudel1 157   3   1   1   4  25   2   1   1   1 BWWL   3 120   0   0   6   0
Pudel1 157   3   1   1   4  25   2   1   1   1 BWWL   3 121   0   0   5   0
Pudel1 157   3   1   1   4  25   2   1   1   1 BWWL   3 122   0   0   1   0
Pudel1 157   3   1   1   4  25   2   1   1   1 BWWL   3 123   0   0   3   0
Pudel1 157   3   1   1   4  25   2   1   1   1 BWWL   3 124   0   0   6   0
Pudel1 157   3   1   1   4  25   2   1   1   1 BWWL   3 125   0   0   4   0
Pudel1 157   3   1   1   4  25   2   1   1   1 BWWL   3 126   0   0   1   0
Pudel1 157   3   1   1   4  25   2   1   1   1 BWWL   3 127   0   0   3   0
Pudel1 157   3   1   1   4  25   2   1   1   1 BWWL   3 128   0   0   2   0
Pudel1 157   3   1   1   4  25   2   1   1   1 BWWL   3 129   0   0   4   0
Pudel1 157   3   1   1   4  25   2   1   1   1 BWWL   3 130   0   0   5   0
Pudel1 157   3   1   1   4  25   2   1   1   1 BWWL   3 131   0   0   6   0
Pudel1 157   3   1   1   4  25   2   1   1   1 BWWL   3 132   0   0   4   0
Pudel1 157   3   1   1   4  25   2   1   1   1 BWWL   3 133   0   0   3   0
Pudel1 157   3   1   1   4  25   2   1   1   1 BWWL   3 134   0   0   2   0
Pudel1 157   3   1   1   4  25   2   1   1   1 BWWL   3 135   0   0   1   0
Pudel1 157   3   1   1   4  25   2   1   1   1 BWWL   3 136   0   0   3   0
Pudel1 157   3   1   1   4  25   2   1   1   1 BWWL   3 137   0   0   5   0
Pudel1 157   3   1   1   4  25   2   1   1   1 BWWL   3 138   0   0   2   0
Pudel1 157   3   1   1   4  25   2   1   1   1 BWWL   3 139   0   0   1   0
Pudel1 157   3   1   1   4  25   2   1   1   1 BWWL   3 140   0   0   5   0
Pudel1 157   3   1   1   4  25   2   1   1   1 BWWL   3 141   0   0   6   0
Pudel1 157   3   1   1   4  25   2   1   1   1 BWWL   3 142   0   0   3   0
Pudel1 157   3   1   1   4  25   2   1   1   1 BWWL   3 143   0   0   1   0
Pudel1 157   3   1   1   4  25   2   1   1   1 BWWL   3 144   0   0   6   0
Pudel1 157   3   1   1   4  25   2   1   1   1 BWWL   4   1   0   0   4   0
Pudel1 157   3   1   1   4  25   2   1   1   1 BWWL   4   2   0   0   3   0
Pudel1 157   3   1   1   4  25   2   1   1   1 BWWL   4   3   0   0   2   0
Pudel1 157   3   1   1   4  25   2   1   1   1 BWWL   4   4   0   0   4   0
Pudel1 157   3   1   1   4  25   2   1   1   1 BWWL   4   5   0   0   6   0
Pudel1 157   3   1   1   4  25   2   1   1   1 BWWL   4   6   0   0   5   0
Pudel1 157   3   1   1   4  25   2   1   1   1 BWWL   4   7   0   0   2   0
Pudel1 157   3   1   1   4  25   2   1   1   1 BWWL   4   8   0   0   3   0
Pudel1 157   3   1   1   4  25   2   1   1   1 BWWL   4   9   0   0   1   0
Pudel1 157   3   1   1   4  25   2   1   1   1 BWWL   4  10   0   0   5   0
Pudel1 157   3   1   1   4  25   2   1   1   1 BWWL   4  11   0   0   6   0
Pudel1 157   3   1   1   4  25   2   1   1   1 BWWL   4  12   0   0   1   0
Pudel1 157   3   1   1   4  25   2   1   1   1 BWWL   4  13   0   0   2   0
Pudel1 157   3   1   1   4  25   2   1   1   1 BWWL   4  14   0   0   6   0
Pudel1 157   3   1   1   4  25   2   1   1   1 BWWL   4  15   0   0   4   0
Pudel1 157   3   1   1   4  25   2   1   1   1 BWWL   4  16   0   0   1   0
Pudel1 157   3   1   1   4  25   2   1   1   1 BWWL   4  17   0   0   6   0
Pudel1 157   3   1   1   4  25   2   1   1   1 BWWL   4  18   0   0   5   0
Pudel1 157   3   1   1   4  25   2   1   1   1 BWWL   4  19   0   0   1   0
Pudel1 157   3   1   1   4  25   2   1   1   1 BWWL   4  20   0   0   2   0
Pudel1 157   3   1   1   4  25   2   1   1   1 BWWL   4  21   0   0   6   0
Pudel1 157   3   1   1   4  25   2   1   1   1 BWWL   4  22   0   0   3   0
Pudel1 157   3   1   1   4  25   2   1   1   1 BWWL   4  23   0   0   4   0
Pudel1 157   3   1   1   4  25   2   1   1   1 BWWL   4  24   0   0   6   0
Pudel1 157   3   1   1   4  25   2   1   1   1 BWWL   4  25   0   0   3   0
Pudel1 157   3   1   1   4  25   2   1   1   1 BWWL   4  26   0   0   4   0
Pudel1 157   3   1   1   4  25   2   1   1   1 BWWL   4  27   0   0   2   0
Pudel1 157   3   1   1   4  25   2   1   1   1 BWWL   4  28   0   0   6   0
Pudel1 157   3   1   1   4  25   2   1   1   1 BWWL   4  29   0   0   4   0
Pudel1 157   3   1   1   4  25   2   1   1   1 BWWL   4  30   0   0   3   0
Pudel1 157   3   1   1   4  25   2   1   1   1 BWWL   4  31   0   0   5   0
Pudel1 157   3   1   1   4  25   2   1   1   1 BWWL   4  32   0   0   1   0
Pudel1 157   3   1   1   4  25   2   1   1   1 BWWL   4  33   0   0   6   0
Pudel1 157   3   1   1   4  25   2   1   1   1 BWWL   4  34   0   0   3   0
Pudel1 157   3   1   1   4  25   2   1   1   1 BWWL   4  35   0   0   2   0
Pudel1 157   3   1   1   4  25   2   1   1   1 BWWL   4  36   0   0   1   0
Pudel1 157   3   1   1   4  25   2   1   1   1 BWWL   4  37   0   0   5   0
Pudel1 157   3   1   1   4  25   2   1   1   1 BWWL   4  38   0   0   6   0
Pudel1 157   3   1   1   4  25   2   1   1   1 BWWL   4  39   0   0   1   0
Pudel1 157   3   1   1   4  25   2   1   1   1 BWWL   4  40   0   0   4   0
Pudel1 157   3   1   1   4  25   2   1   1   1 BWWL   4  41   0   0   2   0
Pudel1 157   3   1   1   4  25   2   1   1   1 BWWL   4  42   0   0   1   0
Pudel1 157   3   1   1   4  25   2   1   1   1 BWWL   4  43   0   0   3   0
Pudel1 157   3   1   1   4  25   2   1   1   1 BWWL   4  44   0   0   4   0
Pudel1 157   3   1   1   4  25   2   1   1   1 BWWL   4  45   0   0   1   0
Pudel1 157   3   1   1   4  25   2   1   1   1 BWWL   4  46   0   0   3   0
Pudel1 157   3   1   1   4  25   2   1   1   1 BWWL   4  47   0   0   2   0
Pudel1 157   3   1   1   4  25   2   1   1   1 BWWL   4  48   0   0   5   0
Pudel1 157   3   1   1   4  25   2   1   1   1 BWWL   4  49   0   0   3   0
Pudel1 157   3   1   1   4  25   2   1   1   1 BWWL   4  50   0   0   4   0
Pudel1 157   3   1   1   4  25   2   1   1   1 BWWL   4  51   0   0   2   0
Pudel1 157   3   1   1   4  25   2   1   1   1 BWWL   4  52   0   0   1   0
Pudel1 157   3   1   1   4  25   2   1   1   1 BWWL   4  53   0   0   6   0
Pudel1 157   3   1   1   4  25   2   1   1   1 BWWL   4  54   0   0   5   0
Pudel1 157   3   1   1   4  25   2   1   1   1 BWWL   4  55   0   0   2   0
Pudel1 157   3   1   1   4  25   2   1   1   1 BWWL   4  56   0   0   1   0
Pudel1 157   3   1   1   4  25   2   1   1   1 BWWL   4  57   0   0   4   0
Pudel1 157   3   1   1   4  25   2   1   1   1 BWWL   4  58   0   0   2   0
Pudel1 157   3   1   1   4  25   2   1   1   1 BWWL   4  59   0   0   6   0
Pudel1 157   3   1   1   4  25   2   1   1   1 BWWL   4  60   0   0   4   0
Pudel1 157   3   1   1   4  25   2   1   1   1 BWWL   4  61   0   0   2   0
Pudel1 157   3   1   1   4  25   2   1   1   1 BWWL   4  62   0   0   5   0
Pudel1 157   3   1   1   4  25   2   1   1   1 BWWL   4  63   0   0   1   0
Pudel1 157   3   1   1   4  25   2   1   1   1 BWWL   4  64   0   0   3   0
Pudel1 157   3   1   1   4  25   2   1   1   1 BWWL   4  65   0   0   4   0
Pudel1 157   3   1   1   4  25   2   1   1   1 BWWL   4  66   0   0   2   0
Pudel1 157   3   1   1   4  25   2   1   1   1 BWWL   4  67   0   0   3   0
Pudel1 157   3   1   1   4  25   2   1   1   1 BWWL   4  68   0   0   5   0
Pudel1 157   3   1   1   4  25   2   1   1   1 BWWL   4  69   0   0   6   0
Pudel1 157   3   1   1   4  25   2   1   1   1 BWWL   4  70   0   0   2   0
Pudel1 157   3   1   1   4  25   2   1   1   1 BWWL   4  71   0   0   5   0
Pudel1 157   3   1   1   4  25   2   1   1   1 BWWL   4  72   0   0   6   0
Pudel1 157   3   1   1   4  25   2   1   1   1 BWWL   4  73   0   0   2   0
Pudel1 157   3   1   1   4  25   2   1   1   1 BWWL   4  74   0   0   4   0
Pudel1 157   3   1   1   4  25   2   1   1   1 BWWL   4  75   0   0   1   0
Pudel1 157   3   1   1   4  25   2   1   1   1 BWWL   4  76   0   0   2   0
Pudel1 157   3   1   1   4  25   2   1   1   1 BWWL   4  77   0   0   6   0
Pudel1 157   3   1   1   4  25   2   1   1   1 BWWL   4  78   0   0   5   0
Pudel1 157   3   1   1   4  25   2   1   1   1 BWWL   4  79   0   0   2   0
Pudel1 157   3   1   1   4  25   2   1   1   1 BWWL   4  80   0   0   1   0
Pudel1 157   3   1   1   4  25   2   1   1   1 BWWL   4  81   0   0   5   0
Pudel1 157   3   1   1   4  25   2   1   1   1 BWWL   4  82   0   0   2   0
Pudel1 157   3   1   1   4  25   2   1   1   1 BWWL   4  83   0   0   1   0
Pudel1 157   3   1   1   4  25   2   1   1   1 BWWL   4  84   0   0   5   0
Pudel1 157   3   1   1   4  25   2   1   1   1 BWWL   4  85   0   0   3   0
Pudel1 157   3   1   1   4  25   2   1   1   1 BWWL   4  86   0   0   6   0
Pudel1 157   3   1   1   4  25   2   1   1   1 BWWL   4  87   0   0   2   0
Pudel1 157   3   1   1   4  25   2   1   1   1 BWWL   4  88   0   0   5   0
Pudel1 157   3   1   1   4  25   2   1   1   1 BWWL   4  89   0   0   3   0
Pudel1 157   3   1   1   4  25   2   1   1   1 BWWL   4  90   0   0   4   0
Pudel1 157   3   1   1   4  25   2   1   1   1 BWWL   4  91   0   0   1   0
Pudel1 157   3   1   1   4  25   2   1   1   1 BWWL   4  92   0   0   5   0
Pudel1 157   3   1   1   4  25   2   1   1   1 BWWL   4  93   0   0   4   0
Pudel1 157   3   1   1   4  25   2   1   1   1 BWWL   4  94   0   0   1   0
Pudel1 157   3   1   1   4  25   2   1   1   1 BWWL   4  95   0   0   3   0
Pudel1 157   3   1   1   4  25   2   1   1   1 BWWL   4  96   0   0   2   0
Pudel1 157   3   1   1   4  25   2   1   1   1 BWWL   4  97   0   0   6   0
Pudel1 157   3   1   1   4  25   2   1   1   1 BWWL   4  98   0   0   4   0
Pudel1 157   3   1   1   4  25   2   1   1   1 BWWL   4  99   0   0   1   0
Pudel1 157   3   1   1   4  25   2   1   1   1 BWWL   4 100   0   0   2   0
Pudel1 157   3   1   1   4  25   2   1   1   1 BWWL   4 101   0   0   3   0
Pudel1 157   3   1   1   4  25   2   1   1   1 BWWL   4 102   0   0   5   0
Pudel1 157   3   1   1   4  25   2   1   1   1 BWWL   4 103   0   0   4   0
Pudel1 157   3   1   1   4  25   2   1   1   1 BWWL   4 104   0   0   3   0
Pudel1 157   3   1   1   4  25   2   1   1   1 BWWL   4 105   0   0   6   0
Pudel1 157   3   1   1   4  25   2   1   1   1 BWWL   4 106   0   0   4   0
Pudel1 157   3   1   1   4  25   2   1   1   1 BWWL   4 107   0   0   3   0
Pudel1 157   3   1   1   4  25   2   1   1   1 BWWL   4 108   0   0   2   0
Pudel1 157   3   1   1   4  25   2   1   1   1 BWWL   4 109   0   0   5   0
Pudel1 157   3   1   1   4  25   2   1   1   1 BWWL   4 110   0   0   3   0
Pudel1 157   3   1   1   4  25   2   1   1   1 BWWL   4 111   0   0   4   0
Pudel1 157   3   1   1   4  25   2   1   1   1 BWWL   4 112   0   0   1   0
Pudel1 157   3   1   1   4  25   2   1   1   1 BWWL   4 113   0   0   2   0
Pudel1 157   3   1   1   4  25   2   1   1   1 BWWL   4 114   0   0   4   0
Pudel1 157   3   1   1   4  25   2   1   1   1 BWWL   4 115   0   0   5   0
Pudel1 157   3   1   1   4  25   2   1   1   1 BWWL   4 116   0   0   6   0
Pudel1 157   3   1   1   4  25   2   1   1   1 BWWL   4 117   0   0   3   0
Pudel1 157   3   1   1   4  25   2   1   1   1 BWWL   4 118   0   0   2   0
Pudel1 157   3   1   1   4  25   2   1   1   1 BWWL   4 119   0   0   5   0
Pudel1 157   3   1   1   4  25   2   1   1   1 BWWL   4 120   0   0   1   0
Pudel1 157   3   1   1   4  25   2   1   1   1 BWWL   4 121   0   0   3   0
Pudel1 157   3   1   1   4  25   2   1   1   1 BWWL   4 122   0   0   4   0
Pudel1 157   3   1   1   4  25   2   1   1   1 BWWL   4 123   0   0   6   0
Pudel1 157   3   1   1   4  25   2   1   1   1 BWWL   4 124   0   0   1   0
Pudel1 157   3   1   1   4  25   2   1   1   1 BWWL   4 125   0   0   5   0
Pudel1 157   3   1   1   4  25   2   1   1   1 BWWL   4 126   0   0   4   0
Pudel1 157   3   1   1   4  25   2   1   1   1 BWWL   4 127   0   0   1   0
Pudel1 157   3   1   1   4  25   2   1   1   1 BWWL   4 128   0   0   6   0
Pudel1 157   3   1   1   4  25   2   1   1   1 BWWL   4 129   0   0   4   0
Pudel1 157   3   1   1   4  25   2   1   1   1 BWWL   4 130   0   0   5   0
Pudel1 157   3   1   1   4  25   2   1   1   1 BWWL   4 131   0   0   6   0
Pudel1 157   3   1   1   4  25   2   1   1   1 BWWL   4 132   0   0   1   0
Pudel1 157   3   1   1   4  25   2   1   1   1 BWWL   4 133   0   0   5   0
Pudel1 157   3   1   1   4  25   2   1   1   1 BWWL   4 134   0   0   3   0
Pudel1 157   3   1   1   4  25   2   1   1   1 BWWL   4 135   0   0   4   0
Pudel1 157   3   1   1   4  25   2   1   1   1 BWWL   4 136   0   0   1   0
Pudel1 157   3   1   1   4  25   2   1   1   1 BWWL   4 137   0   0   2   0
Pudel1 157   3   1   1   4  25   2   1   1   1 BWWL   4 138   0   0   3   0
Pudel1 157   3   1   1   4  25   2   1   1   1 BWWL   4 139   0   0   4   0
Pudel1 157   3   1   1   4  25   2   1   1   1 BWWL   4 140   0   0   6   0
Pudel1 157   3   1   1   4  25   2   1   1   1 BWWL   4 141   0   0   5   0
Pudel1 157   3   1   1   4  25   2   1   1   1 BWWL   4 142   0   0   1   0
Pudel1 157   3   1   1   4  25   2   1   1   1 BWWL   4 143   0   0   3   0
Pudel1 157   3   1   1   4  25   2   1   1   1 BWWL   4 144   0   0   6   0
Pudel1 157   3   1   1   4  25   2   1   1   1 BWWL   5   1   0   0   6   0
Pudel1 157   3   1   1   4  25   2   1   1   1 BWWL   5   2   0   0   3   0
Pudel1 157   3   1   1   4  25   2   1   1   1 BWWL   5   3   0   0   5   0
Pudel1 157   3   1   1   4  25   2   1   1   1 BWWL   5   4   0   0   1   0
Pudel1 157   3   1   1   4  25   2   1   1   1 BWWL   5   5   0   0   3   0
Pudel1 157   3   1   1   4  25   2   1   1   1 BWWL   5   6   0   0   5   0
Pudel1 157   3   1   1   4  25   2   1   1   1 BWWL   5   7   0   0   2   0
Pudel1 157   3   1   1   4  25   2   1   1   1 BWWL   5   8   0   0   4   0
Pudel1 157   3   1   1   4  25   2   1   1   1 BWWL   5   9   0   0   1   0
Pudel1 157   3   1   1   4  25   2   1   1   1 BWWL   5  10   0   0   2   0
Pudel1 157   3   1   1   4  25   2   1   1   1 BWWL   5  11   0   0   5   0
Pudel1 157   3   1   1   4  25   2   1   1   1 BWWL   5  12   0   0   4   0
Pudel1 157   3   1   1   4  25   2   1   1   1 BWWL   5  13   0   0   1   0
Pudel1 157   3   1   1   4  25   2   1   1   1 BWWL   5  14   0   0   5   0
Pudel1 157   3   1   1   4  25   2   1   1   1 BWWL   5  15   0   0   3   0
Pudel1 157   3   1   1   4  25   2   1   1   1 BWWL   5  16   0   0   6   0
Pudel1 157   3   1   1   4  25   2   1   1   1 BWWL   5  17   0   0   5   0
Pudel1 157   3   1   1   4  25   2   1   1   1 BWWL   5  18   0   0   1   0
Pudel1 157   3   1   1   4  25   2   1   1   1 BWWL   5  19   0   0   3   0
Pudel1 157   3   1   1   4  25   2   1   1   1 BWWL   5  20   0   0   2   0
Pudel1 157   3   1   1   4  25   2   1   1   1 BWWL   5  21   0   0   6   0
Pudel1 157   3   1   1   4  25   2   1   1   1 BWWL   5  22   0   0   4   0
Pudel1 157   3   1   1   4  25   2   1   1   1 BWWL   5  23   0   0   3   0
Pudel1 157   3   1   1   4  25   2   1   1   1 BWWL   5  24   0   0   6   0
Pudel1 157   3   1   1   4  25   2   1   1   1 BWWL   5  25   0   0   4   0
Pudel1 157   3   1   1   4  25   2   1   1   1 BWWL   5  26   0   0   5   0
Pudel1 157   3   1   1   4  25   2   1   1   1 BWWL   5  27   0   0   1   0
Pudel1 157   3   1   1   4  25   2   1   1   1 BWWL   5  28   0   0   4   0
Pudel1 157   3   1   1   4  25   2   1   1   1 BWWL   5  29   0   0   2   0
Pudel1 157   3   1   1   4  25   2   1   1   1 BWWL   5  30   0   0   3   0
Pudel1 157   3   1   1   4  25   2   1   1   1 BWWL   5  31   0   0   1   0
Pudel1 157   3   1   1   4  25   2   1   1   1 BWWL   5  32   0   0   2   0
Pudel1 157   3   1   1   4  25   2   1   1   1 BWWL   5  33   0   0   4   0
Pudel1 157   3   1   1   4  25   2   1   1   1 BWWL   5  34   0   0   1   0
Pudel1 157   3   1   1   4  25   2   1   1   1 BWWL   5  35   0   0   6   0
Pudel1 157   3   1   1   4  25   2   1   1   1 BWWL   5  36   0   0   5   0
Pudel1 157   3   1   1   4  25   2   1   1   1 BWWL   5  37   0   0   3   0
Pudel1 157   3   1   1   4  25   2   1   1   1 BWWL   5  38   0   0   2   0
Pudel1 157   3   1   1   4  25   2   1   1   1 BWWL   5  39   0   0   6   0
Pudel1 157   3   1   1   4  25   2   1   1   1 BWWL   5  40   0   0   5   0
Pudel1 157   3   1   1   4  25   2   1   1   1 BWWL   5  41   0   0   1   0
Pudel1 157   3   1   1   4  25   2   1   1   1 BWWL   5  42   0   0   6   0
Pudel1 157   3   1   1   4  25   2   1   1   1 BWWL   5  43   0   0   2   0
Pudel1 157   3   1   1   4  25   2   1   1   1 BWWL   5  44   0   0   3   0
Pudel1 157   3   1   1   4  25   2   1   1   1 BWWL   5  45   0   0   1   0
Pudel1 157   3   1   1   4  25   2   1   1   1 BWWL   5  46   0   0   4   0
Pudel1 157   3   1   1   4  25   2   1   1   1 BWWL   5  47   0   0   6   0
Pudel1 157   3   1   1   4  25   2   1   1   1 BWWL   5  48   0   0   2   0
Pudel1 157   3   1   1   4  25   2   1   1   1 BWWL   5  49   0   0   3   0
Pudel1 157   3   1   1   4  25   2   1   1   1 BWWL   5  50   0   0   1   0
Pudel1 157   3   1   1   4  25   2   1   1   1 BWWL   5  51   0   0   5   0
Pudel1 157   3   1   1   4  25   2   1   1   1 BWWL   5  52   0   0   2   0
Pudel1 157   3   1   1   4  25   2   1   1   1 BWWL   5  53   0   0   3   0
Pudel1 157   3   1   1   4  25   2   1   1   1 BWWL   5  54   0   0   5   0
Pudel1 157   3   1   1   4  25   2   1   1   1 BWWL   5  55   0   0   1   0
Pudel1 157   3   1   1   4  25   2   1   1   1 BWWL   5  56   0   0   3   0
Pudel1 157   3   1   1   4  25   2   1   1   1 BWWL   5  57   0   0   4   0
Pudel1 157   3   1   1   4  25   2   1   1   1 BWWL   5  58   0   0   5   0
Pudel1 157   3   1   1   4  25   2   1   1   1 BWWL   5  59   0   0   2   0
Pudel1 157   3   1   1   4  25   2   1   1   1 BWWL   5  60   0   0   6   0
Pudel1 157   3   1   1   4  25   2   1   1   1 BWWL   5  61   0   0   3   0
Pudel1 157   3   1   1   4  25   2   1   1   1 BWWL   5  62   0   0   4   0
Pudel1 157   3   1   1   4  25   2   1   1   1 BWWL   5  63   0   0   6   0
Pudel1 157   3   1   1   4  25   2   1   1   1 BWWL   5  64   0   0   5   0
Pudel1 157   3   1   1   4  25   2   1   1   1 BWWL   5  65   0   0   2   0
Pudel1 157   3   1   1   4  25   2   1   1   1 BWWL   5  66   0   0   6   0
Pudel1 157   3   1   1   4  25   2   1   1   1 BWWL   5  67   0   0   1   0
Pudel1 157   3   1   1   4  25   2   1   1   1 BWWL   5  68   0   0   4   0
Pudel1 157   3   1   1   4  25   2   1   1   1 BWWL   5  69   0   0   5   0
Pudel1 157   3   1   1   4  25   2   1   1   1 BWWL   5  70   0   0   1   0
Pudel1 157   3   1   1   4  25   2   1   1   1 BWWL   5  71   0   0   2   0
Pudel1 157   3   1   1   4  25   2   1   1   1 BWWL   5  72   0   0   5   0
Pudel1 157   3   1   1   4  25   2   1   1   1 BWWL   5  73   0   0   3   0
Pudel1 157   3   1   1   4  25   2   1   1   1 BWWL   5  74   0   0   2   0
Pudel1 157   3   1   1   4  25   2   1   1   1 BWWL   5  75   0   0   1   0
Pudel1 157   3   1   1   4  25   2   1   1   1 BWWL   5  76   0   0   4   0
Pudel1 157   3   1   1   4  25   2   1   1   1 BWWL   5  77   0   0   6   0
Pudel1 157   3   1   1   4  25   2   1   1   1 BWWL   5  78   0   0   1   0
Pudel1 157   3   1   1   4  25   2   1   1   1 BWWL   5  79   0   0   3   0
Pudel1 157   3   1   1   4  25   2   1   1   1 BWWL   5  80   0   0   6   0
Pudel1 157   3   1   1   4  25   2   1   1   1 BWWL   5  81   0   0   5   0
Pudel1 157   3   1   1   4  25   2   1   1   1 BWWL   5  82   0   0   3   0
Pudel1 157   3   1   1   4  25   2   1   1   1 BWWL   5  83   0   0   2   0
Pudel1 157   3   1   1   4  25   2   1   1   1 BWWL   5  84   0   0   1   0
Pudel1 157   3   1   1   4  25   2   1   1   1 BWWL   5  85   0   0   5   0
Pudel1 157   3   1   1   4  25   2   1   1   1 BWWL   5  86   0   0   4   0
Pudel1 157   3   1   1   4  25   2   1   1   1 BWWL   5  87   0   0   6   0
Pudel1 157   3   1   1   4  25   2   1   1   1 BWWL   5  88   0   0   3   0
Pudel1 157   3   1   1   4  25   2   1   1   1 BWWL   5  89   0   0   4   0
Pudel1 157   3   1   1   4  25   2   1   1   1 BWWL   5  90   0   0   5   0
Pudel1 157   3   1   1   4  25   2   1   1   1 BWWL   5  91   0   0   6   0
Pudel1 157   3   1   1   4  25   2   1   1   1 BWWL   5  92   0   0   3   0
Pudel1 157   3   1   1   4  25   2   1   1   1 BWWL   5  93   0   0   2   0
Pudel1 157   3   1   1   4  25   2   1   1   1 BWWL   5  94   0   0   1   0
Pudel1 157   3   1   1   4  25   2   1   1   1 BWWL   5  95   0   0   3   0
Pudel1 157   3   1   1   4  25   2   1   1   1 BWWL   5  96   0   0   2   0
Pudel1 157   3   1   1   4  25   2   1   1   1 BWWL   5  97   0   0   6   0
Pudel1 157   3   1   1   4  25   2   1   1   1 BWWL   5  98   0   0   1   0
Pudel1 157   3   1   1   4  25   2   1   1   1 BWWL   5  99   0   0   3   0
Pudel1 157   3   1   1   4  25   2   1   1   1 BWWL   5 100   0   0   4   0
Pudel1 157   3   1   1   4  25   2   1   1   1 BWWL   5 101   0   0   5   0
Pudel1 157   3   1   1   4  25   2   1   1   1 BWWL   5 102   0   0   2   0
Pudel1 157   3   1   1   4  25   2   1   1   1 BWWL   5 103   0   0   6   0
Pudel1 157   3   1   1   4  25   2   1   1   1 BWWL   5 104   0   0   5   0
Pudel1 157   3   1   1   4  25   2   1   1   1 BWWL   5 105   0   0   3   0
Pudel1 157   3   1   1   4  25   2   1   1   1 BWWL   5 106   0   0   6   0
Pudel1 157   3   1   1   4  25   2   1   1   1 BWWL   5 107   0   0   5   0
Pudel1 157   3   1   1   4  25   2   1   1   1 BWWL   5 108   0   0   3   0
Pudel1 157   3   1   1   4  25   2   1   1   1 BWWL   5 109   0   0   4   0
Pudel1 157   3   1   1   4  25   2   1   1   1 BWWL   5 110   0   0   6   0
Pudel1 157   3   1   1   4  25   2   1   1   1 BWWL   5 111   0   0   2   0
Pudel1 157   3   1   1   4  25   2   1   1   1 BWWL   5 112   0   0   1   0
Pudel1 157   3   1   1   4  25   2   1   1   1 BWWL   5 113   0   0   6   0
Pudel1 157   3   1   1   4  25   2   1   1   1 BWWL   5 114   0   0   2   0
Pudel1 157   3   1   1   4  25   2   1   1   1 BWWL   5 115   0   0   3   0
Pudel1 157   3   1   1   4  25   2   1   1   1 BWWL   5 116   0   0   6   0
Pudel1 157   3   1   1   4  25   2   1   1   1 BWWL   5 117   0   0   4   0
Pudel1 157   3   1   1   4  25   2   1   1   1 BWWL   5 118   0   0   5   0
Pudel1 157   3   1   1   4  25   2   1   1   1 BWWL   5 119   0   0   6   0
Pudel1 157   3   1   1   4  25   2   1   1   1 BWWL   5 120   0   0   1   0
Pudel1 157   3   1   1   4  25   2   1   1   1 BWWL   5 121   0   0   5   0
Pudel1 157   3   1   1   4  25   2   1   1   1 BWWL   5 122   0   0   2   0
Pudel1 157   3   1   1   4  25   2   1   1   1 BWWL   5 123   0   0   6   0
Pudel1 157   3   1   1   4  25   2   1   1   1 BWWL   5 124   0   0   4   0
Pudel1 157   3   1   1   4  25   2   1   1   1 BWWL   5 125   0   0   5   0
Pudel1 157   3   1   1   4  25   2   1   1   1 BWWL   5 126   0   0   3   0
Pudel1 157   3   1   1   4  25   2   1   1   1 BWWL   5 127   0   0   2   0
Pudel1 157   3   1   1   4  25   2   1   1   1 BWWL   5 128   0   0   4   0
Pudel1 157   3   1   1   4  25   2   1   1   1 BWWL   5 129   0   0   5   0
Pudel1 157   3   1   1   4  25   2   1   1   1 BWWL   5 130   0   0   1   0
Pudel1 157   3   1   1   4  25   2   1   1   1 BWWL   5 131   0   0   3   0
Pudel1 157   3   1   1   4  25   2   1   1   1 BWWL   5 132   0   0   2   0
Pudel1 157   3   1   1   4  25   2   1   1   1 BWWL   5 133   0   0   5   0
Pudel1 157   3   1   1   4  25   2   1   1   1 BWWL   5 134   0   0   3   0
Pudel1 157   3   1   1   4  25   2   1   1   1 BWWL   5 135   0   0   4   0
Pudel1 157   3   1   1   4  25   2   1   1   1 BWWL   5 136   0   0   6   0
Pudel1 157   3   1   1   4  25   2   1   1   1 BWWL   5 137   0   0   5   0
Pudel1 157   3   1   1   4  25   2   1   1   1 BWWL   5 138   0   0   4   0
Pudel1 157   3   1   1   4  25   2   1   1   1 BWWL   5 139   0   0   2   0
Pudel1 157   3   1   1   4  25   2   1   1   1 BWWL   5 140   0   0   6   0
Pudel1 157   3   1   1   4  25   2   1   1   1 BWWL   5 141   0   0   1   0
Pudel1 157   3   1   1   4  25   2   1   1   1 BWWL   5 142   0   0   5   0
Pudel1 157   3   1   1   4  25   2   1   1   1 BWWL   5 143   0   0   6   0
Pudel1 157   3   1   1   4  25   2   1   1   1 BWWL   5 144   0   0   2   0
Pudel1 157   3   1   1   4  25   2   1   1   1 BWWL   6   1   0   0   1   0
Pudel1 157   3   1   1   4  25   2   1   1   1 BWWL   6   2   0   0   3   0
Pudel1 157   3   1   1   4  25   2   1   1   1 BWWL   6   3   0   0   2   0
Pudel1 157   3   1   1   4  25   2   1   1   1 BWWL   6   4   0   0   5   0
Pudel1 157   3   1   1   4  25   2   1   1   1 BWWL   6   5   0   0   6   0
Pudel1 157   3   1   1   4  25   2   1   1   1 BWWL   6   6   0   0   4   0
Pudel1 157   3   1   1   4  25   2   1   1   1 BWWL   6   7   0   0   2   0
Pudel1 157   3   1   1   4  25   2   1   1   1 BWWL   6   8   0   0   6   0
Pudel1 157   3   1   1   4  25   2   1   1   1 BWWL   6   9   0   0   4   0
Pudel1 157   3   1   1   4  25   2   1   1   1 BWWL   6  10   0   0   5   0
Pudel1 157   3   1   1   4  25   2   1   1   1 BWWL   6  11   0   0   6   0
Pudel1 157   3   1   1   4  25   2   1   1   1 BWWL   6  12   0   0   4   0
Pudel1 157   3   1   1   4  25   2   1   1   1 BWWL   6  13   0   0   3   0
Pudel1 157   3   1   1   4  25   2   1   1   1 BWWL   6  14   0   0   2   0
Pudel1 157   3   1   1   4  25   2   1   1   1 BWWL   6  15   0   0   6   0
Pudel1 157   3   1   1   4  25   2   1   1   1 BWWL   6  16   0   0   4   0
Pudel1 157   3   1   1   4  25   2   1   1   1 BWWL   6  17   0   0   1   0
Pudel1 157   3   1   1   4  25   2   1   1   1 BWWL   6  18   0   0   3   0
Pudel1 157   3   1   1   4  25   2   1   1   1 BWWL   6  19   0   0   4   0
Pudel1 157   3   1   1   4  25   2   1   1   1 BWWL   6  20   0   0   6   0
Pudel1 157   3   1   1   4  25   2   1   1   1 BWWL   6  21   0   0   2   0
Pudel1 157   3   1   1   4  25   2   1   1   1 BWWL   6  22   0   0   3   0
Pudel1 157   3   1   1   4  25   2   1   1   1 BWWL   6  23   0   0   1   0
Pudel1 157   3   1   1   4  25   2   1   1   1 BWWL   6  24   0   0   6   0
Pudel1 157   3   1   1   4  25   2   1   1   1 BWWL   6  25   0   0   3   0
Pudel1 157   3   1   1   4  25   2   1   1   1 BWWL   6  26   0   0   5   0
Pudel1 157   3   1   1   4  25   2   1   1   1 BWWL   6  27   0   0   4   0
Pudel1 157   3   1   1   4  25   2   1   1   1 BWWL   6  28   0   0   6   0
Pudel1 157   3   1   1   4  25   2   1   1   1 BWWL   6  29   0   0   5   0
Pudel1 157   3   1   1   4  25   2   1   1   1 BWWL   6  30   0   0   3   0
Pudel1 157   3   1   1   4  25   2   1   1   1 BWWL   6  31   0   0   6   0
Pudel1 157   3   1   1   4  25   2   1   1   1 BWWL   6  32   0   0   4   0
Pudel1 157   3   1   1   4  25   2   1   1   1 BWWL   6  33   0   0   2   0
Pudel1 157   3   1   1   4  25   2   1   1   1 BWWL   6  34   0   0   5   0
Pudel1 157   3   1   1   4  25   2   1   1   1 BWWL   6  35   0   0   1   0
Pudel1 157   3   1   1   4  25   2   1   1   1 BWWL   6  36   0   0   6   0
Pudel1 157   3   1   1   4  25   2   1   1   1 BWWL   6  37   0   0   3   0
Pudel1 157   3   1   1   4  25   2   1   1   1 BWWL   6  38   0   0   5   0
Pudel1 157   3   1   1   4  25   2   1   1   1 BWWL   6  39   0   0   2   0
Pudel1 157   3   1   1   4  25   2   1   1   1 BWWL   6  40   0   0   3   0
Pudel1 157   3   1   1   4  25   2   1   1   1 BWWL   6  41   0   0   6   0
Pudel1 157   3   1   1   4  25   2   1   1   1 BWWL   6  42   0   0   1   0
Pudel1 157   3   1   1   4  25   2   1   1   1 BWWL   6  43   0   0   3   0
Pudel1 157   3   1   1   4  25   2   1   1   1 BWWL   6  44   0   0   6   0
Pudel1 157   3   1   1   4  25   2   1   1   1 BWWL   6  45   0   0   1   0
Pudel1 157   3   1   1   4  25   2   1   1   1 BWWL   6  46   0   0   3   0
Pudel1 157   3   1   1   4  25   2   1   1   1 BWWL   6  47   0   0   4   0
Pudel1 157   3   1   1   4  25   2   1   1   1 BWWL   6  48   0   0   2   0
Pudel1 157   3   1   1   4  25   2   1   1   1 BWWL   6  49   0   0   5   0
Pudel1 157   3   1   1   4  25   2   1   1   1 BWWL   6  50   0   0   4   0
Pudel1 157   3   1   1   4  25   2   1   1   1 BWWL   6  51   0   0   1   0
Pudel1 157   3   1   1   4  25   2   1   1   1 BWWL   6  52   0   0   3   0
Pudel1 157   3   1   1   4  25   2   1   1   1 BWWL   6  53   0   0   4   0
Pudel1 157   3   1   1   4  25   2   1   1   1 BWWL   6  54   0   0   1   0
Pudel1 157   3   1   1   4  25   2   1   1   1 BWWL   6  55   0   0   3   0
Pudel1 157   3   1   1   4  25   2   1   1   1 BWWL   6  56   0   0   5   0
Pudel1 157   3   1   1   4  25   2   1   1   1 BWWL   6  57   0   0   1   0
Pudel1 157   3   1   1   4  25   2   1   1   1 BWWL   6  58   0   0   6   0
Pudel1 157   3   1   1   4  25   2   1   1   1 BWWL   6  59   0   0   5   0
Pudel1 157   3   1   1   4  25   2   1   1   1 BWWL   6  60   0   0   3   0
Pudel1 157   3   1   1   4  25   2   1   1   1 BWWL   6  61   0   0   4   0
Pudel1 157   3   1   1   4  25   2   1   1   1 BWWL   6  62   0   0   1   0
Pudel1 157   3   1   1   4  25   2   1   1   1 BWWL   6  63   0   0   5   0
Pudel1 157   3   1   1   4  25   2   1   1   1 BWWL   6  64   0   0   6   0
Pudel1 157   3   1   1   4  25   2   1   1   1 BWWL   6  65   0   0   1   0
Pudel1 157   3   1   1   4  25   2   1   1   1 BWWL   6  66   0   0   2   0
Pudel1 157   3   1   1   4  25   2   1   1   1 BWWL   6  67   0   0   3   0
Pudel1 157   3   1   1   4  25   2   1   1   1 BWWL   6  68   0   0   1   0
Pudel1 157   3   1   1   4  25   2   1   1   1 BWWL   6  69   0   0   4   0
Pudel1 157   3   1   1   4  25   2   1   1   1 BWWL   6  70   0   0   6   0
Pudel1 157   3   1   1   4  25   2   1   1   1 BWWL   6  71   0   0   1   0
Pudel1 157   3   1   1   4  25   2   1   1   1 BWWL   6  72   0   0   3   0
Pudel1 157   3   1   1   4  25   2   1   1   1 BWWL   6  73   0   0   6   0
Pudel1 157   3   1   1   4  25   2   1   1   1 BWWL   6  74   0   0   5   0
Pudel1 157   3   1   1   4  25   2   1   1   1 BWWL   6  75   0   0   2   0
Pudel1 157   3   1   1   4  25   2   1   1   1 BWWL   6  76   0   0   1   0
Pudel1 157   3   1   1   4  25   2   1   1   1 BWWL   6  77   0   0   5   0
Pudel1 157   3   1   1   4  25   2   1   1   1 BWWL   6  78   0   0   2   0
Pudel1 157   3   1   1   4  25   2   1   1   1 BWWL   6  79   0   0   4   0
Pudel1 157   3   1   1   4  25   2   1   1   1 BWWL   6  80   0   0   5   0
Pudel1 157   3   1   1   4  25   2   1   1   1 BWWL   6  81   0   0   1   0
Pudel1 157   3   1   1   4  25   2   1   1   1 BWWL   6  82   0   0   6   0
Pudel1 157   3   1   1   4  25   2   1   1   1 BWWL   6  83   0   0   3   0
Pudel1 157   3   1   1   4  25   2   1   1   1 BWWL   6  84   0   0   2   0
Pudel1 157   3   1   1   4  25   2   1   1   1 BWWL   6  85   0   0   4   0
Pudel1 157   3   1   1   4  25   2   1   1   1 BWWL   6  86   0   0   3   0
Pudel1 157   3   1   1   4  25   2   1   1   1 BWWL   6  87   0   0   6   0
Pudel1 157   3   1   1   4  25   2   1   1   1 BWWL   6  88   0   0   5   0
Pudel1 157   3   1   1   4  25   2   1   1   1 BWWL   6  89   0   0   2   0
Pudel1 157   3   1   1   4  25   2   1   1   1 BWWL   6  90   0   0   1   0
Pudel1 157   3   1   1   4  25   2   1   1   1 BWWL   6  91   0   0   6   0
Pudel1 157   3   1   1   4  25   2   1   1   1 BWWL   6  92   0   0   5   0
Pudel1 157   3   1   1   4  25   2   1   1   1 BWWL   6  93   0   0   4   0
Pudel1 157   3   1   1   4  25   2   1   1   1 BWWL   6  94   0   0   1   0
Pudel1 157   3   1   1   4  25   2   1   1   1 BWWL   6  95   0   0   5   0
Pudel1 157   3   1   1   4  25   2   1   1   1 BWWL   6  96   0   0   2   0
Pudel1 157   3   1   1   4  25   2   1   1   1 BWWL   6  97   0   0   3   0
Pudel1 157   3   1   1   4  25   2   1   1   1 BWWL   6  98   0   0   1   0
Pudel1 157   3   1   1   4  25   2   1   1   1 BWWL   6  99   0   0   2   0
Pudel1 157   3   1   1   4  25   2   1   1   1 BWWL   6 100   0   0   5   0
Pudel1 157   3   1   1   4  25   2   1   1   1 BWWL   6 101   0   0   4   0
Pudel1 157   3   1   1   4  25   2   1   1   1 BWWL   6 102   0   0   6   0
Pudel1 157   3   1   1   4  25   2   1   1   1 BWWL   6 103   0   0   1   0
Pudel1 157   3   1   1   4  25   2   1   1   1 BWWL   6 104   0   0   4   0
Pudel1 157   3   1   1   4  25   2   1   1   1 BWWL   6 105   0   0   3   0
Pudel1 157   3   1   1   4  25   2   1   1   1 BWWL   6 106   0   0   2   0
Pudel1 157   3   1   1   4  25   2   1   1   1 BWWL   6 107   0   0   1   0
Pudel1 157   3   1   1   4  25   2   1   1   1 BWWL   6 108   0   0   3   0
Pudel1 157   3   1   1   4  25   2   1   1   1 BWWL   6 109   0   0   4   0
Pudel1 157   3   1   1   4  25   2   1   1   1 BWWL   6 110   0   0   5   0
Pudel1 157   3   1   1   4  25   2   1   1   1 BWWL   6 111   0   0   3   0
Pudel1 157   3   1   1   4  25   2   1   1   1 BWWL   6 112   0   0   1   0
Pudel1 157   3   1   1   4  25   2   1   1   1 BWWL   6 113   0   0   2   0
Pudel1 157   3   1   1   4  25   2   1   1   1 BWWL   6 114   0   0   3   0
Pudel1 157   3   1   1   4  25   2   1   1   1 BWWL   6 115   0   0   4   0
Pudel1 157   3   1   1   4  25   2   1   1   1 BWWL   6 116   0   0   2   0
Pudel1 157   3   1   1   4  25   2   1   1   1 BWWL   6 117   0   0   3   0
Pudel1 157   3   1   1   4  25   2   1   1   1 BWWL   6 118   0   0   5   0
Pudel1 157   3   1   1   4  25   2   1   1   1 BWWL   6 119   0   0   1   0
Pudel1 157   3   1   1   4  25   2   1   1   1 BWWL   6 120   0   0   6   0
Pudel1 157   3   1   1   4  25   2   1   1   1 BWWL   6 121   0   0   5   0
Pudel1 157   3   1   1   4  25   2   1   1   1 BWWL   6 122   0   0   1   0
Pudel1 157   3   1   1   4  25   2   1   1   1 BWWL   6 123   0   0   3   0
Pudel1 157   3   1   1   4  25   2   1   1   1 BWWL   6 124   0   0   4   0
Pudel1 157   3   1   1   4  25   2   1   1   1 BWWL   6 125   0   0   5   0
Pudel1 157   3   1   1   4  25   2   1   1   1 BWWL   6 126   0   0   2   0
Pudel1 157   3   1   1   4  25   2   1   1   1 BWWL   6 127   0   0   1   0
Pudel1 157   3   1   1   4  25   2   1   1   1 BWWL   6 128   0   0   4   0
Pudel1 157   3   1   1   4  25   2   1   1   1 BWWL   6 129   0   0   2   0
Pudel1 157   3   1   1   4  25   2   1   1   1 BWWL   6 130   0   0   6   0
Pudel1 157   3   1   1   4  25   2   1   1   1 BWWL   6 131   0   0   3   0
Pudel1 157   3   1   1   4  25   2   1   1   1 BWWL   6 132   0   0   1   0
Pudel1 157   3   1   1   4  25   2   1   1   1 BWWL   6 133   0   0   4   0
Pudel1 157   3   1   1   4  25   2   1   1   1 BWWL   6 134   0   0   3   0
Pudel1 157   3   1   1   4  25   2   1   1   1 BWWL   6 135   0   0   1   0
Pudel1 157   3   1   1   4  25   2   1   1   1 BWWL   6 136   0   0   6   0
Pudel1 157   3   1   1   4  25   2   1   1   1 BWWL   6 137   0   0   4   0
Pudel1 157   3   1   1   4  25   2   1   1   1 BWWL   6 138   0   0   5   0
Pudel1 157   3   1   1   4  25   2   1   1   1 BWWL   6 139   0   0   3   0
Pudel1 157   3   1   1   4  25   2   1   1   1 BWWL   6 140   0   0   1   0
Pudel1 157   3   1   1   4  25   2   1   1   1 BWWL   6 141   0   0   6   0
Pudel1 157   3   1   1   4  25   2   1   1   1 BWWL   6 142   0   0   3   0
Pudel1 157   3   1   1   4  25   2   1   1   1 BWWL   6 143   0   0   5   0
Pudel1 157   3   1   1   4  25   2   1   1   1 BWWL   6 144   0   0   1   0
Pudel1 157   3   1   1   4  25   2   1   1   1 BWWL   7   1   1   6 3902   0   6   1   5   2   1   4   3
Pudel1 157   3   1   1   4  25   2   1   1   1 BWWL   7   2   1   4 803   0   1   5   2   1   4   6   4
Pudel1 157   3   1   1   4  25   2   1   1   1 BWWL   7   3   1   5 582   0   5   2   1   4   6   2   4
Pudel1 157   3   1   1   4  25   2   1   1   1 BWWL   7   4   1   3 3052   0   6   3   2   6   1   5   4
Pudel1 157   3   1   1   4  25   2   1   1   1 BWWL   7   5   1   4 603   0   2   6   1   5   2   1   5
Pudel1 157   3   1   1   4  25   2   1   1   1 BWWL   7   6   1   5 2853   0   6   1   5   2   1   4   3
Pudel1 157   3   1   1   4  25   2   1   1   1 BWWL   7   7   1   2 1902   0   6   3   2   6   1   5   3
Pudel1 157   3   1   1   4  25   2   1   1   1 BWWL   7   8   1   6 2772   0   2   6   1   5   2   1   3
Pudel1 157   3   1   1   4  25   2   1   1   1 BWWL   7   9   1   1 542   0   3   2   6   1   5   2   5
Pudel1 157   3   1   1   4  25   2   1   1   1 BWWL   7  10   1   1 1863   0   5   2   1   4   6   2   3
Pudel1 157   3   1   1   4  25   2   1   1   1 BWWL   7  11   1   4 2811   0   6   3   2   6   1   5   3
Pudel1 157   3   1   1   4  25   2   1   1   1 BWWL   7  12   1   3 562   0   1   5   2   1   4   6   5
Pudel1 157   3   1   1   4  25   2   1   1   1 BWWL   7  13   1   5 752   0   1   4   6   3   2   6   3
Pudel1 157   3   1   1   4  25   2   1   1   1 BWWL   7  14   1   2 702   0   5   2   1   4   6   2   3
Pudel1 157   3   1   1   4  25   2   1   1   1 BWWL   7  15   1   4 2752   0   1   5   2   1   4   6   4
Pudel1 157   3   1   1   4  25   2   1   1   1 BWWL   7  16   1   5 422   0   1   5   2   1   4   6   3
Pudel1 157   3   1   1   4  25   2   1   1   1 BWWL   7  17   1   6 322   0   1   4   6   3   2   6   4
Pudel1 157   3   1   1   4  25   2   1   1   1 BWWL   7  18   1   3 502   0   6   1   5   2   1   4   5
Pudel1 157   3   1   1   4  25   2   1   1   1 BWWL   7  19   1   2 322   0   5   2   1   4   6   2   5
Pudel1 157   3   1   1   4  25   2   1   1   1 BWWL   7  20   1   1 262   0   2   6   1   5   2   1   4
Pudel1 157   3   1   1   4  25   2   1   1   1 BWWL   7  21   1   6 1312   0   6   3   2   6   1   5   3
Pudel1 157   3   1   1   4  25   2   1   1   1 BWWL   7  22   1   1 752   0   1   4   6   3   2   6   3
Pudel1 157   3   1   1   4  25   2   1   1   1 BWWL   7  23   1   2 1543   0   4   6   3   2   6   1   4
Pudel1 157   3   1   1   4  25   2   1   1   1 BWWL   7  24   1   5 522   0   3   2   6   1   5   2   4
Pudel1 157   3   1   1   4  25   2   1   1   1 BWWL   7  25   1   6 1912   0   1   5   2   1   4   6   4
Pudel1 157   3   1   1   4  25   2   1   1   1 BWWL   7  26   1   3 1303   0   2   6   1   5   2   1   5
Pudel1 157   3   1   1   4  25   2   1   1   1 BWWL   7  27   1   4 1252   0   6   1   5   2   1   4   5
Pudel1 157   3   1   1   4  25   2   1   1   1 BWWL   7  28   1   1 453   0   3   2   6   1   5   2   4
Pudel1 157   3   1   1   4  25   2   1   1   1 BWWL   7  29   1   4 2653   0   6   1   5   2   1   4   5
Pudel1 157   3   1   1   4  25   2   1   1   1 BWWL   7  30   1   3 492   0   1   4   6   3   2   6   5
Pudel1 157   3   1   1   4  25   2   1   1   1 BWWL   7  31   1   5 732   0   3   2   6   1   5   2   3
Pudel1 157   3   1   1   4  25   2   1   1   1 BWWL   7  32   1   2 1892   0   4   6   3   2   6   1   5
Pudel1 157   3   1   1   4  25   2   1   1   1 BWWL   7  33   1   3 1512   0   4   6   3   2   6   1   4
Pudel1 157   3   1   1   4  25   2   1   1   1 BWWL   7  34   1   4 403   0   1   4   6   3   2   6   5
Pudel1 157   3   1   1   4  25   2   1   1   1 BWWL   7  35   1   6 642   0   1   5   2   1   4   6   5
Pudel1 157   3   1   1   4  25   2   1   1   1 BWWL   7  36   1   1 472   0   3   2   6   1   5   2   4
Pudel1 157   3   1   1   4  25   2   1   1   1 BWWL   7  37   1   2 592   0   4   6   3   2   6   1   5
Pudel1 157   3   1   1   4  25   2   1   1   1 BWWL   7  38   1   5 382   0   1   4   6   3   2   6   4
Pudel1 157   3   1   1   4  25   2   1   1   1 BWWL   7  39   1   4 992   0   5   2   1   4   6   2   5
Pudel1 157   3   1   1   4  25   2   1   1   1 BWWL   7  40   1   3 362   0   3   2   6   1   5   2   3
Pudel1 157   3   1   1   4  25   2   1   1   1 BWWL   7  41   1   2 1032   0   5   2   1   4   6   2   4
Pudel1 157   3   1   1   4  25   2   1   1   1 BWWL   7  42   1   5 432   0   2   6   1   5   2   1   4
Pudel1 157   3   1   1   4  25   2   1   1   1 BWWL   7  43   1   4 1772   0   3   2   6   1   5   2   5
Pudel1 157   3   1   1   4  25   2   1   1   1 BWWL   7  44   1   3 852   0   6   1   5   2   1   4   5
Pudel1 157   3   1   1   4  25   2   1   1   1 BWWL   7  45   1   1 693   0   3   2   6   1   5   2   3
Pudel1 157   3   1   1   4  25   2   1   1   1 BWWL   7  46   1   6 512   0   1   5   2   1   4   6   5
Pudel1 157   3   1   1   4  25   2   1   1   1 BWWL   7  47   1   5 952   0   4   6   3   2   6   1   5
Pudel1 157   3   1   1   4  25   2   1   1   1 BWWL   7  48   1   2 532   0   2   6   1   5   2   1   3
Pudel1 157   3   1   1   4  25   2   1   1   1 BWWL   7  49   1   4 692   0   6   3   2   6   1   5   3
Pudel1 157   3   1   1   4  25   2   1   1   1 BWWL   7  50   1   3 342   0   6   3   2   6   1   5   4
Pudel1 157   3   1   1   4  25   2   1   1   1 BWWL   7  51   1   4 663   0   5   2   1   4   6   2   5
Pudel1 157   3   1   1   4  25   2   1   1   1 BWWL   7  52   1   3 473   0   6   1   5   2   1   4   4
Pudel1 157   3   1   1   4  25   2   1   1   1 BWWL   7  53   1   6 672   0   1   5   2   1   4   6   3
Pudel1 157   3   1   1   4  25   2   1   1   1 BWWL   7  54   1   1 412   0   4   6   3   2   6   1   3
Pudel1 157   3   1   1   4  25   2   1   1   1 BWWL   7  55   1   5 1092   0   5   2   1   4   6   2   3
Pudel1 157   3   1   1   4  25   2   1   1   1 BWWL   7  56   1   2 462   0   6   3   2   6   1   5   3
Pudel1 157   3   1   1   4  25   2   1   1   1 BWWL   7  57   1   3 1232   0   1   5   2   1   4   6   3
Pudel1 157   3   1   1   4  25   2   1   1   1 BWWL   7  58   1   1 2293   0   5   2   1   4   6   2   4
Pudel1 157   3   1   1   4  25   2   1   1   1 BWWL   7  59   1   5 1822   0   6   3   2   6   1   5   4
Pudel1 157   3   1   1   4  25   2   1   1   1 BWWL   7  60   1   4 312   0   5   2   1   4   6   2   4
Pudel1 157   3   1   1   4  25   2   1   1   1 BWWL   7  61   1   6 293   0   2   6   1   5   2   1   3
Pudel1 157   3   1   1   4  25   2   1   1   1 BWWL   7  62   1   4 712   0   4   6   3   2   6   1   3
Pudel1 157   3   1   1   4  25   2   1   1   1 BWWL   7  63   1   3 322   0   2   6   1   5   2   1   5
Pudel1 157   3   1   1   4  25   2   1   1   1 BWWL   7  64   1   5 533   0   6   3   2   6   1   5   4
Pudel1 157   3   1   1   4  25   2   1   1   1 BWWL   7  65   1   2 322   0   1   5   2   1   4   6   5
Pudel1 157   3   1   1   4  25   2   1   1   1 BWWL   7  66   1   4 692   0   6   1   5   2   1   4   4
Pudel1 157   3   1   1   4  25   2   1   1   1 BWWL   7  67   1   3 632   0   6   1   5   2   1   4   3
Pudel1 157   3   1   1   4  25   2   1   1   1 BWWL   7  68   1   6 1404   0   1   5   2   1   4   6   3
Pudel1 157   3   1   1   4  25   2   1   1   1 BWWL   7  69   1   1 423   0   2   6   1   5   2   1   4
Pudel1 157   3   1   1   4  25   2   1   1   1 BWWL   7  70   1   5 1153   0   6   1   5   2   1   4   3
Pudel1 157   3   1   1   4  25   2   1   1   1 BWWL   7  71   1   2 232   0   5   2   1   4   6   2   3
Pudel1 157   3   1   1   4  25   2   1   1   1 BWWL   7  72   1   4 602   0   6   3   2   6   1   5   5
Pudel1 157   3   1   1   4  25   2   1   1   1 BWWL   7  73   1   3 253   0   6   1   5   2   1   4   4
Pudel1 157   3   1   1   4  25   2   1   1   1 BWWL   7  74   1   5 2092   0   4   6   3   2   6   1   5
Pudel1 157   3   1   1   4  25   2   1   1   1 BWWL   7  75   1   2 502   0   6   1   5   2   1   4   3
Pudel1 157   3   1   1   4  25   2   1   1   1 BWWL   7  76   1   4 1202   0   4   6   3   2   6   1   5
Pudel1 157   3   1   1   4  25   2   1   1   1 BWWL   7  77   1   3 472   0   1   4   6   3   2   6   4
Pudel1 157   3   1   1   4  25   2   1   1   1 BWWL   7  78   1   4 1132   0   3   2   6   1   5   2   5
Pudel1 157   3   1   1   4  25   2   1   1   1 BWWL   7  79   1   5 2173   0   4   6   3   2   6   1   4
Pudel1 157   3   1   1   4  25   2   1   1   1 BWWL   7  80   1   3 703   0   1   4   6   3   2   6   5
Pudel1 157   3   1   1   4  25   2   1   1   1 BWWL   7  81   1   2 302   0   5   2   1   4   6   2   5
Pudel1 157   3   1   1   4  25   2   1   1   1 BWWL   7  82   1   6 872   0   3   2   6   1   5   2   5
Pudel1 157   3   1   1   4  25   2   1   1   1 BWWL   7  83   1   1 393   0   2   6   1   5   2   1   3
Pudel1 157   3   1   1   4  25   2   1   1   1 BWWL   7  84   1   3 782   0   6   3   2   6   1   5   5
Pudel1 157   3   1   1   4  25   2   1   1   1 BWWL   7  85   1   4 392   0   1   4   6   3   2   6   5
Pudel1 157   3   1   1   4  25   2   1   1   1 BWWL   7  86   1   2 892   0   4   6   3   2   6   1   4
Pudel1 157   3   1   1   4  25   2   1   1   1 BWWL   7  87   1   5 433   0   5   2   1   4   6   2   5
Pudel1 157   3   1   1   4  25   2   1   1   1 BWWL   7  88   1   1 1692   0   2   6   1   5   2   1   5
Pudel1 157   3   1   1   4  25   2   1   1   1 BWWL   7  89   1   6 322   0   1   4   6   3   2   6   3
Pudel1 157   3   1   1   4  25   2   1   1   1 BWWL   7  90   1   5 4324   0   3   2   6   1   5   2   5
Pudel1 157   3   1   1   4  25   2   1   1   1 BWWL   7  91   1   2 682   0   1   4   6   3   2   6   3
Pudel1 157   3   1   1   4  25   2   1   1   1 BWWL   7  92   1   1 1532   0   6   3   2   6   1   5   5
Pudel1 157   3   1   1   4  25   2   1   1   1 BWWL   7  93   1   4 932   0   4   6   3   2   6   1   4
Pudel1 157   3   1   1   4  25   2   1   1   1 BWWL   7  94   1   3 1392   0   1   4   6   3   2   6   4
Pudel1 157   3   1   1   4  25   2   1   1   1 BWWL   7  95   1   6 492   0   2   6   1   5   2   1   5
Pudel1 157   3   1   1   4  25   2   1   1   1 BWWL   7  96   1   5 2263   0   1   4   6   3   2   6   3
Pudel1 157   3   1   1   4  25   2   1   1   1 BWWL   7  97   1   4 1512   0   6   1   5   2   1   4   4
Pudel1 157   3   1   1   4  25   2   1   1   1 BWWL   7  98   1   5 1222   0   4   6   3   2   6   1   3
Pudel1 157   3   1   1   4  25   2   1   1   1 BWWL   7  99   1   6 382   0   2   6   1   5   2   1   4
Pudel1 157   3   1   1   4  25   2   1   1   1 BWWL   7 100   1   4 1352   0   1   5   2   1   4   6   3
Pudel1 157   3   1   1   4  25   2   1   1   1 BWWL   7 101   1   5 813   0   2   6   1   5   2   1   3
Pudel1 157   3   1   1   4  25   2   1   1   1 BWWL   7 102   1   2 632   0   2   6   1   5   2   1   4
Pudel1 157   3   1   1   4  25   2   1   1   1 BWWL   7 103   1   3 374   0   3   2   6   1   5   2   3
Pudel1 157   3   1   1   4  25   2   1   1   1 BWWL   7 104   1   1 392   0   3   2   6   1   5   2   3
Pudel1 157   3   1   1   4  25   2   1   1   1 BWWL   7 105   1   4 2092   0   6   3   2   6   1   5   4
Pudel1 157   3   1   1   4  25   2   1   1   1 BWWL   7 106   1   3 542   0   1   5   2   1   4   6   5
Pudel1 157   3   1   1   4  25   2   1   1   1 BWWL   7 107   1   5 852   0   3   2   6   1   5   2   4
Pudel1 157   3   1   1   4  25   2   1   1   1 BWWL   7 108   1   2 212   0   6   3   2   6   1   5   5
Pudel1 157   3   1   1   4  25   2   1   1   1 BWWL   7 109   1   3 1233   0   5   2   1   4   6   2   4
Pudel1 157   3   1   1   4  25   2   1   1   1 BWWL   7 110   1   4 473   0   3   2   6   1   5   2   4
Pudel1 157   3   1   1   4  25   2   1   1   1 BWWL   7 111   1   6 612   0   4   6   3   2   6   1   3
Pudel1 157   3   1   1   4  25   2   1   1   1 BWWL   7 112   1   1 342   0   6   3   2   6   1   5   5
Pudel1 157   3   1   1   4  25   2   1   1   1 BWWL   7 113   1   2 1492   0   4   6   3   2   6   1   3
Pudel1 157   3   1   1   4  25   2   1   1   1 BWWL   7 114   1   5 443   0   1   5   2   1   4   6   4
Pudel1 157   3   1   1   4  25   2   1   1   1 BWWL   7 115   1   3 412   0   5   2   1   4   6   2   3
Pudel1 157   3   1   1   4  25   2   1   1   1 BWWL   7 116   1   4 422   0   1   5   2   1   4   6   4
Pudel1 157   3   1   1   4  25   2   1   1   1 BWWL   7 117   1   5 733   0   6   1   5   2   1   4   5
Pudel1 157   3   1   1   4  25   2   1   1   1 BWWL   7 118   1   2 373   0   1   4   6   3   2   6   4
Pudel1 157   3   1   1   4  25   2   1   1   1 BWWL   7 119   1   1 2262   0   6   1   5   2   1   4   4
Pudel1 157   3   1   1   4  25   2   1   1   1 BWWL   7 120   1   6 413   0   1   4   6   3   2   6   5
Pudel1 157   3   1   1   4  25   2   1   1   1 BWWL   8   1   1   3 1061   0   6   1   5   2   1   4   3
Pudel1 157   3   1   1   4  25   2   1   1   1 BWWL   8   2   1   1 1703   0   1   5   2   1   4   6   4
Pudel1 157   3   1   1   4  25   2   1   1   1 BWWL   8   3   1   2 2033   0   5   2   1   4   6   2   4
Pudel1 157   3   1   1   4  25   2   1   1   1 BWWL   8   4   1   5 323   0   6   3   2   6   1   5   4
Pudel1 157   3   1   1   4  25   2   1   1   1 BWWL   8   5   1   3 392   0   2   6   1   5   2   1   5
Pudel1 157   3   1   1   4  25   2   1   1   1 BWWL   8   6   1   2 632   0   6   1   5   2   1   4   3
Pudel1 157   3   1   1   4  25   2   1   1   1 BWWL   8   7   1   5 512   0   6   3   2   6   1   5   3
Pudel1 157   3   1   1   4  25   2   1   1   1 BWWL   8   8   1   3 392   0   2   6   1   5   2   1   3
Pudel1 157   3   1   1   4  25   2   1   1   1 BWWL   8   9   1   1 833   0   3   2   6   1   5   2   5
Pudel1 157   3   1   1   4  25   2   1   1   1 BWWL   8  10   1   6 712   0   5   2   1   4   6   2   3
Pudel1 157   3   1   1   4  25   2   1   1   1 BWWL   8  11   1   4 2573   0   6   3   2   6   1   5   3
Pudel1 157   3   1   1   4  25   2   1   1   1 BWWL   8  12   1   3 652   0   1   5   2   1   4   6   5
Pudel1 157   3   1   1   4  25   2   1   1   1 BWWL   8  13   1   2 1683   0   1   4   6   3   2   6   3
Pudel1 157   3   1   1   4  25   2   1   1   1 BWWL   8  14   1   5 702   0   5   2   1   4   6   2   3
Pudel1 157   3   1   1   4  25   2   1   1   1 BWWL   8  15   1   2 1382   0   1   5   2   1   4   6   4
Pudel1 157   3   1   1   4  25   2   1   1   1 BWWL   8  16   1   3 302   0   1   5   2   1   4   6   3
Pudel1 157   3   1   1   4  25   2   1   1   1 BWWL   8  17   1   2 2152   0   1   4   6   3   2   6   4
Pudel1 157   3   1   1   4  25   2   1   1   1 BWWL   8  18   1   1 412   0   6   1   5   2   1   4   5
Pudel1 157   3   1   1   4  25   2   1   1   1 BWWL   8  19   1   4 943   0   5   2   1   4   6   2   5
Pudel1 157   3   1   1   4  25   2   1   1   1 BWWL   8  20   1   2 452   0   2   6   1   5   2   1   4
Pudel1 157   3   1   1   4  25   2   1   1   1 BWWL   8  21   1   3 292   0   6   3   2   6   1   5   3
Pudel1 157   3   1   1   4  25   2   1   1   1 BWWL   8  22   1   1 892   0   1   4   6   3   2   6   3
Pudel1 157   3   1   1   4  25   2   1   1   1 BWWL   8  23   1   5 872   0   4   6   3   2   6   1   4
Pudel1 157   3   1   1   4  25   2   1   1   1 BWWL   8  24   1   6 432   0   3   2   6   1   5   2   4
Pudel1 157   3   1   1   4  25   2   1   1   1 BWWL   8  25   1   3 792   0   1   5   2   1   4   6   4
Pudel1 157   3   1   1   4  25   2   1   1   1 BWWL   8  26   1   2 992   0   2   6   1   5   2   1   5
Pudel1 157   3   1   1   4  25   2   1   1   1 BWWL   8  27   1   3 422   0   6   1   5   2   1   4   5
Pudel1 157   3   1   1   4  25   2   1   1   1 BWWL   8  28   1   5 2153   0   3   2   6   1   5   2   4
Pudel1 157   3   1   1   4  25   2   1   1   1 BWWL   8  29   1   3 433   0   6   1   5   2   1   4   5
Pudel1 157   3   1   1   4  25   2   1   1   1 BWWL   8  30   1   6 1012   0   1   4   6   3   2   6   5
Pudel1 157   3   1   1   4  25   2   1   1   1 BWWL   8  31   1   1 1122   0   3   2   6   1   5   2   3
Pudel1 157   3   1   1   4  25   2   1   1   1 BWWL   8  32   1   4 662   0   4   6   3   2   6   1   5
Pudel1 157   3   1   1   4  25   2   1   1   1 BWWL   8  33   1   5 682   0   4   6   3   2   6   1   4
Pudel1 157   3   1   1   4  25   2   1   1   1 BWWL   8  34   1   4 652   0   1   4   6   3   2   6   5
Pudel1 157   3   1   1   4  25   2   1   1   1 BWWL   8  35   1   5 423   0   1   5   2   1   4   6   5
Pudel1 157   3   1   1   4  25   2   1   1   1 BWWL   8  36   1   6 692   0   3   2   6   1   5   2   4
Pudel1 157   3   1   1   4  25   2   1   1   1 BWWL   8  37   1   4 882   0   4   6   3   2   6   1   5
Pudel1 157   3   1   1   4  25   2   1   1   1 BWWL   8  38   1   5 292   0   1   4   6   3   2   6   4
Pudel1 157   3   1   1   4  25   2   1   1   1 BWWL   8  39   1   2 962   0   5   2   1   4   6   2   5
Pudel1 157   3   1   1   4  25   2   1   1   1 BWWL   8  40   1   4 1212   0   3   2   6   1   5   2   3
Pudel1 157   3   1   1   4  25   2   1   1   1 BWWL   8  41   1   3 512   0   5   2   1   4   6   2   4
Pudel1 157   3   1   1   4  25   2   1   1   1 BWWL   8  42   1   5 783   0   2   6   1   5   2   1   4
Pudel1 157   3   1   1   4  25   2   1   1   1 BWWL   8  43   1   6 372   0   3   2   6   1   5   2   5
Pudel1 157   3   1   1   4  25   2   1   1   1 BWWL   8  44   1   5 652   0   6   1   5   2   1   4   5
Pudel1 157   3   1   1   4  25   2   1   1   1 BWWL   8  45   1   6 503   0   3   2   6   1   5   2   3
Pudel1 157   3   1   1   4  25   2   1   1   1 BWWL   8  46   1   4 482   0   1   5   2   1   4   6   5
Pudel1 157   3   1   1   4  25   2   1   1   1 BWWL   8  47   1   3 1503   0   4   6   3   2   6   1   5
Pudel1 157   3   1   1   4  25   2   1   1   1 BWWL   8  48   1   4 702   0   2   6   1   5   2   1   3
Pudel1 157   3   1   1   4  25   2   1   1   1 BWWL   8  49   1   2 433   0   6   3   2   6   1   5   3
Pudel1 157   3   1   1   4  25   2   1   1   1 BWWL   8  50   1   5 482   0   6   3   2   6   1   5   4
Pudel1 157   3   1   1   4  25   2   1   1   1 BWWL   8  51   1   4 1252   0   5   2   1   4   6   2   5
Pudel1 157   3   1   1   4  25   2   1   1   1 BWWL   8  52   1   3 1572   0   6   1   5   2   1   4   4
Pudel1 157   3   1   1   4  25   2   1   1   1 BWWL   8  53   1   6 672   0   1   5   2   1   4   6   3
Pudel1 157   3   1   1   4  25   2   1   1   1 BWWL   8  54   1   4 1122   0   4   6   3   2   6   1   3
Pudel1 157   3   1   1   4  25   2   1   1   1 BWWL   8  55   1   5 1222   0   5   2   1   4   6   2   3
Pudel1 157   3   1   1   4  25   2   1   1   1 BWWL   8  56   1   4 1143   0   6   3   2   6   1   5   3
Pudel1 157   3   1   1   4  25   2   1   1   1 BWWL   8  57   1   1 832   0   1   5   2   1   4   6   3
Pudel1 157   3   1   1   4  25   2   1   1   1 BWWL   8  58   1   4 972   0   5   2   1   4   6   2   4
Pudel1 157   3   1   1   4  25   2   1   1   1 BWWL   8  59   1   6 842   0   6   3   2   6   1   5   4
Pudel1 157   3   1   1   4  25   2   1   1   1 BWWL   8  60   1   5 932   0   5   2   1   4   6   2   4
Pudel1 157   3   1   1   4  25   2   1   1   1 BWWL   8  61   1   2 452   0   2   6   1   5   2   1   3
Pudel1 157   3   1   1   4  25   2   1   1   1 BWWL   8  62   1   5 1193   0   4   6   3   2   6   1   3
Pudel1 157   3   1   1   4  25   2   1   1   1 BWWL   8  63   1   4 983   0   2   6   1   5   2   1   5
Pudel1 157   3   1   1   4  25   2   1   1   1 BWWL   8  64   1   1 362   0   6   3   2   6   1   5   4
Pudel1 157   3   1   1   4  25   2   1   1   1 BWWL   8  65   1   6 442   0   1   5   2   1   4   6   5
Pudel1 157   3   1   1   4  25   2   1   1   1 BWWL   8  66   1   3 922   0   6   1   5   2   1   4   4
Pudel1 157   3   1   1   4  25   2   1   1   1 BWWL   8  67   1   4 632   0   6   1   5   2   1   4   3
Pudel1 157   3   1   1   4  25   2   1   1   1 BWWL   8  68   1   5 783   0   1   5   2   1   4   6   3
Pudel1 157   3   1   1   4  25   2   1   1   1 BWWL   8  69   1   2 1413   0   2   6   1   5   2   1   4
Pudel1 157   3   1   1   4  25   2   1   1   1 BWWL   8  70   1   4 1022   0   6   1   5   2   1   4   3
Pudel1 157   3   1   1   4  25   2   1   1   1 BWWL   8  71   1   3 323   0   5   2   1   4   6   2   3
Pudel1 157   3   1   1   4  25   2   1   1   1 BWWL   8  72   1   6 532   0   6   3   2   6   1   5   5
Pudel1 157   3   1   1   4  25   2   1   1   1 BWWL   8  73   1   1 643   0   6   1   5   2   1   4   4
Pudel1 157   3   1   1   4  25   2   1   1   1 BWWL   8  74   1   2 302   0   4   6   3   2   6   1   5
Pudel1 157   3   1   1   4  25   2   1   1   1 BWWL   8  75   1   5 222   0   6   1   5   2   1   4   3
Pudel1 157   3   1   1   4  25   2   1   1   1 BWWL   8  76   1   4 233   0   4   6   3   2   6   1   5
Pudel1 157   3   1   1   4  25   2   1   1   1 BWWL   8  77   1   3 142   0   1   4   6   3   2   6   4
Pudel1 157   3   1   1   4  25   2   1   1   1 BWWL   8  78   1   1 482   0   3   2   6   1   5   2   5
Pudel1 157   3   1   1   4  25   2   1   1   1 BWWL   8  79   1   4 522   0   4   6   3   2   6   1   4
Pudel1 157   3   1   1   4  25   2   1   1   1 BWWL   8  80   1   2 183   0   1   4   6   3   2   6   5
Pudel1 157   3   1   1   4  25   2   1   1   1 BWWL   8  81   1   6 342   0   5   2   1   4   6   2   5
Pudel1 157   3   1   1   4  25   2   1   1   1 BWWL   8  82   1   1 322   0   3   2   6   1   5   2   5
Pudel1 157   3   1   1   4  25   2   1   1   1 BWWL   8  83   1   5 263   0   2   6   1   5   2   1   3
Pudel1 157   3   1   1   4  25   2   1   1   1 BWWL   8  84   1   2 562   0   6   3   2   6   1   5   5
Pudel1 157   3   1   1   4  25   2   1   1   1 BWWL   8  85   1   3 362   0   1   4   6   3   2   6   5
Pudel1 157   3   1   1   4  25   2   1   1   1 BWWL   8  86   1   4 293   0   4   6   3   2   6   1   4
Pudel1 157   3   1   1   4  25   2   1   1   1 BWWL   8  87   1   1 392   0   5   2   1   4   6   2   5
Pudel1 157   3   1   1   4  25   2   1   1   1 BWWL   8  88   1   6 353   0   2   6   1   5   2   1   5
Pudel1 157   3   1   1   4  25   2   1   1   1 BWWL   8  89   1   3 1072   0   1   4   6   3   2   6   3
Pudel1 157   3   1   1   4  25   2   1   1   1 BWWL   8  90   1   5 502   0   3   2   6   1   5   2   5
Pudel1 157   3   1   1   4  25   2   1   1   1 BWWL   8  91   1   5 182   0   1   4   6   3   2   6   3
Pudel1 157   3   1   1   4  25   2   1   1   1 BWWL   8  92   1   4 571   0   6   3   2   6   1   5   5
Pudel1 157   3   1   1   4  25   2   1   1   1 BWWL   8  93   1   1 713   0   4   6   3   2   6   1   4
Pudel1 157   3   1   1   4  25   2   1   1   1 BWWL   8  94   1   2 632   0   1   4   6   3   2   6   4
Pudel1 157   3   1   1   4  25   2   1   1   1 BWWL   8  95   1   4 562   0   2   6   1   5   2   1   5
Pudel1 157   3   1   1   4  25   2   1   1   1 BWWL   8  96   1   3 343   0   1   4   6   3   2   6   3
Pudel1 157   3   1   1   4  25   2   1   1   1 BWWL   8  97   1   6 452   0   6   1   5   2   1   4   4
Pudel1 157   3   1   1   4  25   2   1   1   1 BWWL   8  98   1   1 503   0   4   6   3   2   6   1   3
Pudel1 157   3   1   1   4  25   2   1   1   1 BWWL   8  99   1   6 1512   0   2   6   1   5   2   1   4
Pudel1 157   3   1   1   4  25   2   1   1   1 BWWL   8 100   1   5 1022   0   1   5   2   1   4   6   3
Pudel1 157   3   1   1   4  25   2   1   1   1 BWWL   8 101   1   6 282   0   2   6   1   5   2   1   3
Pudel1 157   3   1   1   4  25   2   1   1   1 BWWL   8 102   1   4 462   0   2   6   1   5   2   1   4
Pudel1 157   3   1   1   4  25   2   1   1   1 BWWL   8 103   1   6 352   0   3   2   6   1   5   2   3
Pudel1 157   3   1   1   4  25   2   1   1   1 BWWL   8 104   1   5 1133   0   3   2   6   1   5   2   3
Pudel1 157   3   1   1   4  25   2   1   1   1 BWWL   8 105   1   4 413   0   6   3   2   6   1   5   4
Pudel1 157   3   1   1   4  25   2   1   1   1 BWWL   8 106   1   6 403   0   1   5   2   1   4   6   5
Pudel1 157   3   1   1   4  25   2   1   1   1 BWWL   8 107   1   2 612   0   3   2   6   1   5   2   4
Pudel1 157   3   1   1   4  25   2   1   1   1 BWWL   8 108   1   4 672   0   6   3   2   6   1   5   5
Pudel1 157   3   1   1   4  25   2   1   1   1 BWWL   8 109   1   5 393   0   5   2   1   4   6   2   4
Pudel1 157   3   1   1   4  25   2   1   1   1 BWWL   8 110   1   2 442   0   3   2   6   1   5   2   4
Pudel1 157   3   1   1   4  25   2   1   1   1 BWWL   8 111   1   6 462   0   4   6   3   2   6   1   3
Pudel1 157   3   1   1   4  25   2   1   1   1 BWWL   8 112   1   1 323   0   6   3   2   6   1   5   5
Pudel1 157   3   1   1   4  25   2   1   1   1 BWWL   8 113   1   4 422   0   4   6   3   2   6   1   3
Pudel1 157   3   1   1   4  25   2   1   1   1 BWWL   8 114   1   3 332   0   1   5   2   1   4   6   4
Pudel1 157   3   1   1   4  25   2   1   1   1 BWWL   8 115   1   5 433   0   5   2   1   4   6   2   3
Pudel1 157   3   1   1   4  25   2   1   1   1 BWWL   8 116   1   6 392   0   1   5   2   1   4   6   4
Pudel1 157   3   1   1   4  25   2   1   1   1 BWWL   8 117   1   4 462   0   6   1   5   2   1   4   5
Pudel1 157   3   1   1   4  25   2   1   1   1 BWWL   8 118   1   2 282   0   1   4   6   3   2   6   4
Pudel1 157   3   1   1   4  25   2   1   1   1 BWWL   8 119   1   4 372   0   6   1   5   2   1   4   4
Pudel1 157   3   1   1   4  25   2   1   1   1 BWWL   8 120   1   1 672   0   1   4   6   3   2   6   5
