Pudel1 158   1   1   2   1  23   1   1   1   1 VWL   1   1   1 1328   1   1
Pudel1 158   1   1   2   1  23   1   1   1   1 VWL   1   2   4 1529   4   1
Pudel1 158   1   1   2   1  23   1   1   1   1 VWL   1   3   3 1106   3   1
Pudel1 158   1   1   2   1  23   1   1   1   1 VWL   1   4   1 727   1   1
Pudel1 158   1   1   2   1  23   1   1   1   1 VWL   1   5   5 1198   5   1
Pudel1 158   1   1   2   1  23   1   1   1   1 VWL   1   6   3 967   3   1
Pudel1 158   1   1   2   1  23   1   1   1   1 VWL   1   7   6 797   6   1
Pudel1 158   1   1   2   1  23   1   1   1   1 VWL   1   8   2 1109   2   1
Pudel1 158   1   1   2   1  23   1   1   1   1 VWL   1   9   1 689   1   1
Pudel1 158   1   1   2   1  23   1   1   1   1 VWL   1  10   5 1206   5   1
Pudel1 158   1   1   2   1  23   1   1   1   1 VWL   1  11   3 1120   3   1
Pudel1 158   1   1   2   1  23   1   1   1   1 VWL   1  12   6 745   6   1
Pudel1 158   1   1   2   1  23   1   1   1   1 VWL   1  13   2 1146   2   1
Pudel1 158   1   1   2   1  23   1   1   1   1 VWL   1  14   4 2101   4   1
Pudel1 158   1   1   2   1  23   1   1   1   1 VWL   1  15   3 1120   3   1
Pudel1 158   1   1   2   1  23   1   1   1   1 VWL   1  16   1 782   1   1
Pudel1 158   1   1   2   1  23   1   1   1   1 VWL   1  17   2 1222   2   1
Pudel1 158   1   1   2   1  23   1   1   1   1 VWL   1  18   5 1066   5   1
Pudel1 158   1   1   2   1  23   1   1   1   1 VWL   1  19   1 744   1   1
Pudel1 158   1   1   2   1  23   1   1   1   1 VWL   1  20   3 986   3   1
Pudel1 158   1   1   2   1  23   1   1   1   1 VWL   1  21   4 1212   4   1
Pudel1 158   1   1   2   1  23   1   1   1   1 VWL   1  22   1 725   1   1
Pudel1 158   1   1   2   1  23   1   1   1   1 VWL   1  23   3 1022   3   1
Pudel1 158   1   1   2   1  23   1   1   1   1 VWL   1  24   6 829   6   1
Pudel1 158   1   1   2   1  23   1   1   1   1 VWL   1  25   1 697   1   1
Pudel1 158   1   1   2   1  23   1   1   1   1 VWL   1  26   3 1124   3   1
Pudel1 158   1   1   2   1  23   1   1   1   1 VWL   1  27   2 667   2   1
Pudel1 158   1   1   2   1  23   1   1   1   1 VWL   1  28   1 654   1   1
Pudel1 158   1   1   2   1  23   1   1   1   1 VWL   1  29   4 1236   4   1
Pudel1 158   1   1   2   1  23   1   1   1   1 VWL   1  30   3 1290   3   1
Pudel1 158   1   1   2   1  23   1   1   1   1 VWL   1  31   5 889   5   1
Pudel1 158   1   1   2   1  23   1   1   1   1 VWL   1  32   6 697   6   1
Pudel1 158   1   1   2   1  23   1   1   1   1 VWL   1  33   3 984   3   1
Pudel1 158   1   1   2   1  23   1   1   1   1 VWL   1  34   4 1408   4   1
Pudel1 158   1   1   2   1  23   1   1   1   1 VWL   1  35   1 666   1   1
Pudel1 158   1   1   2   1  23   1   1   1   1 VWL   1  36   3 726   3   1
Pudel1 158   1   1   2   1  23   1   1   1   1 VWL   1  37   5 754   5   1
Pudel1 158   1   1   2   1  23   1   1   1   1 VWL   1  38   6 652   6   1
Pudel1 158   1   1   2   1  23   1   1   1   1 VWL   1  39   1 708   1   1
Pudel1 158   1   1   2   1  23   1   1   1   1 VWL   1  40   2 720   2   1
Pudel1 158   1   1   2   1  23   1   1   1   1 VWL   1  41   5 1244   5   1
Pudel1 158   1   1   2   1  23   1   1   1   1 VWL   1  42   1 626   1   1
Pudel1 158   1   1   2   1  23   1   1   1   1 VWL   1  43   3 1223   3   1
Pudel1 158   1   1   2   1  23   1   1   1   1 VWL   1  44   2 619   2   1
Pudel1 158   1   1   2   1  23   1   1   1   1 VWL   1  45   6 734   6   1
Pudel1 158   1   1   2   1  23   1   1   1   1 VWL   1  46   4 894   4   1
Pudel1 158   1   1   2   1  23   1   1   1   1 VWL   1  47   1 681   1   1
Pudel1 158   1   1   2   1  23   1   1   1   1 VWL   1  48   3 726   3   1
Pudel1 158   1   1   2   1  23   1   1   1   1 VWL   1  49   5 767   5   1
Pudel1 158   1   1   2   1  23   1   1   1   1 VWL   1  50   2 1086   2   1
Pudel1 158   1   1   2   1  23   1   1   1   1 VWL   1  51   1 713   1   1
Pudel1 158   1   1   2   1  23   1   1   1   1 VWL   1  52   4 1331   4   1
Pudel1 158   1   1   2   1  23   1   1   1   1 VWL   1  53   3 1282   3   1
Pudel1 158   1   1   2   1  23   1   1   1   1 VWL   1  54   6 775   6   1
Pudel1 158   1   1   2   1  23   1   1   1   1 VWL   1  55   1 714   1   1
Pudel1 158   1   1   2   1  23   1   1   1   1 VWL   1  56   3 712   3   1
Pudel1 158   1   1   2   1  23   1   1   1   1 VWL   1  57   6 689   6   1
Pudel1 158   1   1   2   1  23   1   1   1   1 VWL   1  58   1 660   1   1
Pudel1 158   1   1   2   1  23   1   1   1   1 VWL   1  59   3 850   3   1
Pudel1 158   1   1   2   1  23   1   1   1   1 VWL   1  60   4 638   4   1
Pudel1 158   1   1   2   1  23   1   1   1   1 VWL   1  61   5 597   5   1
Pudel1 158   1   1   2   1  23   1   1   1   1 VWL   1  62   2 1197   2   1
Pudel1 158   1   1   2   1  23   1   1   1   1 VWL   1  63   3 946   3   1
Pudel1 158   1   1   2   1  23   1   1   1   1 VWL   1  64   1 822   1   1
Pudel1 158   1   1   2   1  23   1   1   1   1 VWL   1  65   4 888   4   1
Pudel1 158   1   1   2   1  23   1   1   1   1 VWL   1  66   2 811   2   1
Pudel1 158   1   1   2   1  23   1   1   1   1 VWL   1  67   3 748   3   1
Pudel1 158   1   1   2   1  23   1   1   1   1 VWL   1  68   1 666   1   1
Pudel1 158   1   1   2   1  23   1   1   1   1 VWL   1  69   6 723   6   1
Pudel1 158   1   1   2   1  23   1   1   1   1 VWL   1  70   5 750   5   1
Pudel1 158   1   1   2   1  23   1   1   1   1 VWL   1  71   3 1028   3   1
Pudel1 158   1   1   2   1  23   1   1   1   1 VWL   1  72   1 686   1   1
Pudel1 158   1   1   2   1  23   1   1   1   1 VWL   1  73   6 733   6   1
Pudel1 158   1   1   2   1  23   1   1   1   1 VWL   1  74   3 810   3   1
Pudel1 158   1   1   2   1  23   1   1   1   1 VWL   1  75   1 676   1   1
Pudel1 158   1   1   2   1  23   1   1   1   1 VWL   1  76   2 802   2   1
Pudel1 158   1   1   2   1  23   1   1   1   1 VWL   1  77   4 1176   4   1
Pudel1 158   1   1   2   1  23   1   1   1   1 VWL   1  78   3 1039   3   1
Pudel1 158   1   1   2   1  23   1   1   1   1 VWL   1  79   5 733   5   1
Pudel1 158   1   1   2   1  23   1   1   1   1 VWL   1  80   1 641   1   1
Pudel1 158   1   1   2   1  23   1   1   1   1 VWL   1  81   2 606   2   1
Pudel1 158   1   1   2   1  23   1   1   1   1 VWL   1  82   6 660   6   1
Pudel1 158   1   1   2   1  23   1   1   1   1 VWL   1  83   1 624   1   1
Pudel1 158   1   1   2   1  23   1   1   1   1 VWL   1  84   3 847   3   1
Pudel1 158   1   1   2   1  23   1   1   1   1 VWL   1  85   5 627   4   0
Pudel1 158   1   1   2   1  23   1   1   1   1 VWL   1  86   1 1574   1   1
Pudel1 158   1   1   2   1  23   1   1   1   1 VWL   1  87   5 2008   5   1
Pudel1 158   1   1   2   1  23   1   1   1   1 VWL   1  88   3 1297   3   1
Pudel1 158   1   1   2   1  23   1   1   1   1 VWL   1  89   1 682   1   1
Pudel1 158   1   1   2   1  23   1   1   1   1 VWL   1  90   4 1529   4   1
Pudel1 158   1   1   2   1  23   1   1   1   1 VWL   1  91   5 611   5   1
Pudel1 158   1   1   2   1  23   1   1   1   1 VWL   1  92   6 611   6   1
Pudel1 158   1   1   2   1  23   1   1   1   1 VWL   1  93   3 1518   3   1
Pudel1 158   1   1   2   1  23   1   1   1   1 VWL   1  94   1 666   1   1
Pudel1 158   1   1   2   1  23   1   1   1   1 VWL   1  95   2 1250   2   1
Pudel1 158   1   1   2   1  23   1   1   1   1 VWL   1  96   3 935   3   1
Pudel1 158   1   1   2   1  23   1   1   1   1 VWL   1  97   1 675   1   1
Pudel1 158   1   1   2   1  23   1   1   1   1 VWL   1  98   4 1380   4   1
Pudel1 158   1   1   2   1  23   1   1   1   1 VWL   1  99   2 923   2   1
Pudel1 158   1   1   2   1  23   1   1   1   1 VWL   1 100   1 592   1   1
Pudel1 158   1   1   2   1  23   1   1   1   1 VWL   1 101   3 733   3   1
Pudel1 158   1   1   2   1  23   1   1   1   1 VWL   1 102   6 757   6   1
Pudel1 158   1   1   2   1  23   1   1   1   1 VWL   1 103   5 688   5   1
Pudel1 158   1   1   2   1  23   1   1   1   1 VWL   1 104   3 1293   3   1
Pudel1 158   1   1   2   1  23   1   1   1   1 VWL   1 105   4 1497   4   1
Pudel1 158   1   1   2   1  23   1   1   1   1 VWL   1 106   1 738   1   1
Pudel1 158   1   1   2   1  23   1   1   1   1 VWL   1 107   2 1004   2   1
Pudel1 158   1   1   2   1  23   1   1   1   1 VWL   1 108   3 861   3   1
Pudel1 158   1   1   2   1  23   1   1   1   1 VWL   1 109   6 723   6   1
Pudel1 158   1   1   2   1  23   1   1   1   1 VWL   1 110   5 1007   5   1
Pudel1 158   1   1   2   1  23   1   1   1   1 VWL   1 111   3 1147   3   1
Pudel1 158   1   1   2   1  23   1   1   1   1 VWL   1 112   1 699   1   1
Pudel1 158   1   1   2   1  23   1   1   1   1 VWL   1 113   4 1363   4   1
Pudel1 158   1   1   2   1  23   1   1   1   1 VWL   1 114   5 556   5   1
Pudel1 158   1   1   2   1  23   1   1   1   1 VWL   1 115   3 826   3   1
Pudel1 158   1   1   2   1  23   1   1   1   1 VWL   1 116   1 732   1   1
Pudel1 158   1   1   2   1  23   1   1   1   1 VWL   1 117   6 717   6   1
Pudel1 158   1   1   2   1  23   1   1   1   1 VWL   1 118   2 1097   2   1
Pudel1 158   1   1   2   1  23   1   1   1   1 VWL   1 119   1 564   1   1
Pudel1 158   1   1   2   1  23   1   1   1   1 VWL   1 120   3 851   3   1
Pudel1 158   1   1   2   1  23   1   1   1   1 VWL   1 121   2 747   2   1
Pudel1 158   1   1   2   1  23   1   1   1   1 VWL   1 122   4 903   4   1
Pudel1 158   1   1   2   1  23   1   1   1   1 VWL   1 123   5 545   5   1
Pudel1 158   1   1   2   1  23   1   1   1   1 VWL   1 124   3 884   3   1
Pudel1 158   1   1   2   1  23   1   1   1   1 VWL   1 125   1 651   1   1
Pudel1 158   1   1   2   1  23   1   1   1   1 VWL   1 126   6 721   6   1
Pudel1 158   1   1   2   1  23   1   1   1   1 VWL   1 127   3 1242   3   1
Pudel1 158   1   1   2   1  23   1   1   1   1 VWL   1 128   1 690   1   1
Pudel1 158   1   1   2   1  23   1   1   1   1 VWL   1 129   4 775   4   1
Pudel1 158   1   1   2   1  23   1   1   1   1 VWL   1 130   2 918   2   1
Pudel1 158   1   1   2   1  23   1   1   1   1 VWL   1 131   1 675   1   1
Pudel1 158   1   1   2   1  23   1   1   1   1 VWL   1 132   6 680   6   1
Pudel1 158   1   1   2   1  23   1   1   1   1 VWL   1 133   3 1019   3   1
Pudel1 158   1   1   2   1  23   1   1   1   1 VWL   1 134   5 892   5   1
Pudel1 158   1   1   2   1  23   1   1   1   1 VWL   1 135   1 834   1   1
Pudel1 158   1   1   2   1  23   1   1   1   1 VWL   1 136   3 829   3   1
Pudel1 158   1   1   2   1  23   1   1   1   1 VWL   1 137   4 930   4   1
Pudel1 158   1   1   2   1  23   1   1   1   1 VWL   1 138   1 710   1   1
Pudel1 158   1   1   2   1  23   1   1   1   1 VWL   1 139   3 1010   3   1
Pudel1 158   1   1   2   1  23   1   1   1   1 VWL   1 140   6 774   6   1
Pudel1 158   1   1   2   1  23   1   1   1   1 VWL   1 141   2 896   2   1
Pudel1 158   1   1   2   1  23   1   1   1   1 VWL   1 142   1 734   1   1
Pudel1 158   1   1   2   1  23   1   1   1   1 VWL   1 143   5 994   5   1
Pudel1 158   1   1   2   1  23   1   1   1   1 VWL   1 144   3 1210   3   1
Pudel1 158   1   1   2   1  23   1   1   1   1 VWL   2   1   1 1585   1   1
Pudel1 158   1   1   2   1  23   1   1   1   1 VWL   2   2   4 1263   4   1
Pudel1 158   1   1   2   1  23   1   1   1   1 VWL   2   3   3 1061   3   1
Pudel1 158   1   1   2   1  23   1   1   1   1 VWL   2   4   1 606   1   1
Pudel1 158   1   1   2   1  23   1   1   1   1 VWL   2   5   5 806   5   1
Pudel1 158   1   1   2   1  23   1   1   1   1 VWL   2   6   3 1050   3   1
Pudel1 158   1   1   2   1  23   1   1   1   1 VWL   2   7   6 727   6   1
Pudel1 158   1   1   2   1  23   1   1   1   1 VWL   2   8   2 879   2   1
Pudel1 158   1   1   2   1  23   1   1   1   1 VWL   2   9   1 648   1   1
Pudel1 158   1   1   2   1  23   1   1   1   1 VWL   2  10   5 842   5   1
Pudel1 158   1   1   2   1  23   1   1   1   1 VWL   2  11   3 907   3   1
Pudel1 158   1   1   2   1  23   1   1   1   1 VWL   2  12   6 722   6   1
Pudel1 158   1   1   2   1  23   1   1   1   1 VWL   2  13   2 659   2   1
Pudel1 158   1   1   2   1  23   1   1   1   1 VWL   2  14   4 1188   4   1
Pudel1 158   1   1   2   1  23   1   1   1   1 VWL   2  15   3 1005   3   1
Pudel1 158   1   1   2   1  23   1   1   1   1 VWL   2  16   1 650   1   1
Pudel1 158   1   1   2   1  23   1   1   1   1 VWL   2  17   2 714   2   1
Pudel1 158   1   1   2   1  23   1   1   1   1 VWL   2  18   5 1072   5   1
Pudel1 158   1   1   2   1  23   1   1   1   1 VWL   2  19   1 704   1   1
Pudel1 158   1   1   2   1  23   1   1   1   1 VWL   2  20   3 987   3   1
Pudel1 158   1   1   2   1  23   1   1   1   1 VWL   2  21   4 1039   4   1
Pudel1 158   1   1   2   1  23   1   1   1   1 VWL   2  22   1 718   1   1
Pudel1 158   1   1   2   1  23   1   1   1   1 VWL   2  23   3 900   3   1
Pudel1 158   1   1   2   1  23   1   1   1   1 VWL   2  24   6 738   6   1
Pudel1 158   1   1   2   1  23   1   1   1   1 VWL   2  25   1 717   1   1
Pudel1 158   1   1   2   1  23   1   1   1   1 VWL   2  26   3 771   3   1
Pudel1 158   1   1   2   1  23   1   1   1   1 VWL   2  27   2 635   2   1
Pudel1 158   1   1   2   1  23   1   1   1   1 VWL   2  28   1 557   1   1
Pudel1 158   1   1   2   1  23   1   1   1   1 VWL   2  29   4 867   4   1
Pudel1 158   1   1   2   1  23   1   1   1   1 VWL   2  30   3 1050   3   1
Pudel1 158   1   1   2   1  23   1   1   1   1 VWL   2  31   5 732   5   1
Pudel1 158   1   1   2   1  23   1   1   1   1 VWL   2  32   6 850   6   1
Pudel1 158   1   1   2   1  23   1   1   1   1 VWL   2  33   3 1010   3   1
Pudel1 158   1   1   2   1  23   1   1   1   1 VWL   2  34   4 1168   4   1
Pudel1 158   1   1   2   1  23   1   1   1   1 VWL   2  35   1 665   1   1
Pudel1 158   1   1   2   1  23   1   1   1   1 VWL   2  36   3 785   3   1
Pudel1 158   1   1   2   1  23   1   1   1   1 VWL   2  37   5 826   5   1
Pudel1 158   1   1   2   1  23   1   1   1   1 VWL   2  38   6 784   6   1
Pudel1 158   1   1   2   1  23   1   1   1   1 VWL   2  39   1 806   1   1
Pudel1 158   1   1   2   1  23   1   1   1   1 VWL   2  40   2 685   2   1
Pudel1 158   1   1   2   1  23   1   1   1   1 VWL   2  41   5 942   5   1
Pudel1 158   1   1   2   1  23   1   1   1   1 VWL   2  42   1 605   1   1
Pudel1 158   1   1   2   1  23   1   1   1   1 VWL   2  43   3 828   3   1
Pudel1 158   1   1   2   1  23   1   1   1   1 VWL   2  44   2 596   2   1
Pudel1 158   1   1   2   1  23   1   1   1   1 VWL   2  45   6 762   6   1
Pudel1 158   1   1   2   1  23   1   1   1   1 VWL   2  46   4 982   4   1
Pudel1 158   1   1   2   1  23   1   1   1   1 VWL   2  47   1 644   1   1
Pudel1 158   1   1   2   1  23   1   1   1   1 VWL   2  48   3 976   3   1
Pudel1 158   1   1   2   1  23   1   1   1   1 VWL   2  49   5 720   5   1
Pudel1 158   1   1   2   1  23   1   1   1   1 VWL   2  50   2 813   2   1
Pudel1 158   1   1   2   1  23   1   1   1   1 VWL   2  51   1 560   1   1
Pudel1 158   1   1   2   1  23   1   1   1   1 VWL   2  52   4 878   4   1
Pudel1 158   1   1   2   1  23   1   1   1   1 VWL   2  53   3 841   3   1
Pudel1 158   1   1   2   1  23   1   1   1   1 VWL   2  54   6 747   6   1
Pudel1 158   1   1   2   1  23   1   1   1   1 VWL   2  55   1 685   1   1
Pudel1 158   1   1   2   1  23   1   1   1   1 VWL   2  56   3 607   3   1
Pudel1 158   1   1   2   1  23   1   1   1   1 VWL   2  57   6 722   6   1
Pudel1 158   1   1   2   1  23   1   1   1   1 VWL   2  58   1 698   1   1
Pudel1 158   1   1   2   1  23   1   1   1   1 VWL   2  59   3 870   3   1
Pudel1 158   1   1   2   1  23   1   1   1   1 VWL   2  60   4 938   4   1
Pudel1 158   1   1   2   1  23   1   1   1   1 VWL   2  61   5 641   5   1
Pudel1 158   1   1   2   1  23   1   1   1   1 VWL   2  62   2 812   2   1
Pudel1 158   1   1   2   1  23   1   1   1   1 VWL   2  63   3 861   3   1
Pudel1 158   1   1   2   1  23   1   1   1   1 VWL   2  64   1 645   1   1
Pudel1 158   1   1   2   1  23   1   1   1   1 VWL   2  65   4 644   4   1
Pudel1 158   1   1   2   1  23   1   1   1   1 VWL   2  66   2 637   2   1
Pudel1 158   1   1   2   1  23   1   1   1   1 VWL   2  67   3 931   3   1
Pudel1 158   1   1   2   1  23   1   1   1   1 VWL   2  68   1 642   1   1
Pudel1 158   1   1   2   1  23   1   1   1   1 VWL   2  69   6 702   6   1
Pudel1 158   1   1   2   1  23   1   1   1   1 VWL   2  70   5 701   5   1
Pudel1 158   1   1   2   1  23   1   1   1   1 VWL   2  71   3 929   3   1
Pudel1 158   1   1   2   1  23   1   1   1   1 VWL   2  72   1 679   1   1
Pudel1 158   1   1   2   1  23   1   1   1   1 VWL   2  73   6 634   6   1
Pudel1 158   1   1   2   1  23   1   1   1   1 VWL   2  74   3 906   3   1
Pudel1 158   1   1   2   1  23   1   1   1   1 VWL   2  75   1 590   1   1
Pudel1 158   1   1   2   1  23   1   1   1   1 VWL   2  76   2 796   2   1
Pudel1 158   1   1   2   1  23   1   1   1   1 VWL   2  77   4 1029   4   1
Pudel1 158   1   1   2   1  23   1   1   1   1 VWL   2  78   3 882   3   1
Pudel1 158   1   1   2   1  23   1   1   1   1 VWL   2  79   5 902   5   1
Pudel1 158   1   1   2   1  23   1   1   1   1 VWL   2  80   1 580   1   1
Pudel1 158   1   1   2   1  23   1   1   1   1 VWL   2  81   2 650   2   1
Pudel1 158   1   1   2   1  23   1   1   1   1 VWL   2  82   6 696   6   1
Pudel1 158   1   1   2   1  23   1   1   1   1 VWL   2  83   1 650   1   1
Pudel1 158   1   1   2   1  23   1   1   1   1 VWL   2  84   3 705   3   1
Pudel1 158   1   1   2   1  23   1   1   1   1 VWL   2  85   4 745   4   1
Pudel1 158   1   1   2   1  23   1   1   1   1 VWL   2  86   1 671   1   1
Pudel1 158   1   1   2   1  23   1   1   1   1 VWL   2  87   5 717   5   1
Pudel1 158   1   1   2   1  23   1   1   1   1 VWL   2  88   3 899   3   1
Pudel1 158   1   1   2   1  23   1   1   1   1 VWL   2  89   1 556   1   1
Pudel1 158   1   1   2   1  23   1   1   1   1 VWL   2  90   4 1461   4   1
Pudel1 158   1   1   2   1  23   1   1   1   1 VWL   2  91   5 645   5   1
Pudel1 158   1   1   2   1  23   1   1   1   1 VWL   2  92   6 617   6   1
Pudel1 158   1   1   2   1  23   1   1   1   1 VWL   2  93   3 883   3   1
Pudel1 158   1   1   2   1  23   1   1   1   1 VWL   2  94   1 595   1   1
Pudel1 158   1   1   2   1  23   1   1   1   1 VWL   2  95   2 926   2   1
Pudel1 158   1   1   2   1  23   1   1   1   1 VWL   2  96   3 561   3   1
Pudel1 158   1   1   2   1  23   1   1   1   1 VWL   2  97   1 593   1   1
Pudel1 158   1   1   2   1  23   1   1   1   1 VWL   2  98   4 825   4   1
Pudel1 158   1   1   2   1  23   1   1   1   1 VWL   2  99   2 687   2   1
Pudel1 158   1   1   2   1  23   1   1   1   1 VWL   2 100   1 851   1   1
Pudel1 158   1   1   2   1  23   1   1   1   1 VWL   2 101   3 626   3   1
Pudel1 158   1   1   2   1  23   1   1   1   1 VWL   2 102   6 709   6   1
Pudel1 158   1   1   2   1  23   1   1   1   1 VWL   2 103   5 675   5   1
Pudel1 158   1   1   2   1  23   1   1   1   1 VWL   2 104   3 868   3   1
Pudel1 158   1   1   2   1  23   1   1   1   1 VWL   2 105   4 861   4   1
Pudel1 158   1   1   2   1  23   1   1   1   1 VWL   2 106   1 645   1   1
Pudel1 158   1   1   2   1  23   1   1   1   1 VWL   2 107   2 616   2   1
Pudel1 158   1   1   2   1  23   1   1   1   1 VWL   2 108   3 667   3   1
Pudel1 158   1   1   2   1  23   1   1   1   1 VWL   2 109   6 676   6   1
Pudel1 158   1   1   2   1  23   1   1   1   1 VWL   2 110   5 678   5   1
Pudel1 158   1   1   2   1  23   1   1   1   1 VWL   2 111   3 834   3   1
Pudel1 158   1   1   2   1  23   1   1   1   1 VWL   2 112   1 639   1   1
Pudel1 158   1   1   2   1  23   1   1   1   1 VWL   2 113   4 681   4   1
Pudel1 158   1   1   2   1  23   1   1   1   1 VWL   2 114   5 591   5   1
Pudel1 158   1   1   2   1  23   1   1   1   1 VWL   2 115   3 799   3   1
Pudel1 158   1   1   2   1  23   1   1   1   1 VWL   2 116   1 661   1   1
Pudel1 158   1   1   2   1  23   1   1   1   1 VWL   2 117   6 619   6   1
Pudel1 158   1   1   2   1  23   1   1   1   1 VWL   2 118   2 774   2   1
Pudel1 158   1   1   2   1  23   1   1   1   1 VWL   2 119   1 677   1   1
Pudel1 158   1   1   2   1  23   1   1   1   1 VWL   2 120   3 1677   3   1
Pudel1 158   1   1   2   1  23   1   1   1   1 VWL   2 121   2 699   2   1
Pudel1 158   1   1   2   1  23   1   1   1   1 VWL   2 122   4 1033   4   1
Pudel1 158   1   1   2   1  23   1   1   1   1 VWL   2 123   5 717   5   1
Pudel1 158   1   1   2   1  23   1   1   1   1 VWL   2 124   3 1374   3   1
Pudel1 158   1   1   2   1  23   1   1   1   1 VWL   2 125   1 705   1   1
Pudel1 158   1   1   2   1  23   1   1   1   1 VWL   2 126   6 694   6   1
Pudel1 158   1   1   2   1  23   1   1   1   1 VWL   2 127   3 778   3   1
Pudel1 158   1   1   2   1  23   1   1   1   1 VWL   2 128   1 615   1   1
Pudel1 158   1   1   2   1  23   1   1   1   1 VWL   2 129   4 858   4   1
Pudel1 158   1   1   2   1  23   1   1   1   1 VWL   2 130   2 735   2   1
Pudel1 158   1   1   2   1  23   1   1   1   1 VWL   2 131   1 598   1   1
Pudel1 158   1   1   2   1  23   1   1   1   1 VWL   2 132   6 590   6   1
Pudel1 158   1   1   2   1  23   1   1   1   1 VWL   2 133   3 765   3   1
Pudel1 158   1   1   2   1  23   1   1   1   1 VWL   2 134   5 664   5   1
Pudel1 158   1   1   2   1  23   1   1   1   1 VWL   2 135   1 632   1   1
Pudel1 158   1   1   2   1  23   1   1   1   1 VWL   2 136   3 818   3   1
Pudel1 158   1   1   2   1  23   1   1   1   1 VWL   2 137   4 791   4   1
Pudel1 158   1   1   2   1  23   1   1   1   1 VWL   2 138   1 664   1   1
Pudel1 158   1   1   2   1  23   1   1   1   1 VWL   2 139   3 652   3   1
Pudel1 158   1   1   2   1  23   1   1   1   1 VWL   2 140   6 676   6   1
Pudel1 158   1   1   2   1  23   1   1   1   1 VWL   2 141   2 692   2   1
Pudel1 158   1   1   2   1  23   1   1   1   1 VWL   2 142   1 562   1   1
Pudel1 158   1   1   2   1  23   1   1   1   1 VWL   2 143   5 733   5   1
Pudel1 158   1   1   2   1  23   1   1   1   1 VWL   2 144   3 915   3   1
Pudel1 158   1   1   2   1  23   1   1   1   1 VWL   3   1   1 664   1   1
Pudel1 158   1   1   2   1  23   1   1   1   1 VWL   3   2   4 929   4   1
Pudel1 158   1   1   2   1  23   1   1   1   1 VWL   3   3   3 931   3   1
Pudel1 158   1   1   2   1  23   1   1   1   1 VWL   3   4   1 692   1   1
Pudel1 158   1   1   2   1  23   1   1   1   1 VWL   3   5   5 779   5   1
Pudel1 158   1   1   2   1  23   1   1   1   1 VWL   3   6   3 891   3   1
Pudel1 158   1   1   2   1  23   1   1   1   1 VWL   3   7   6 687   6   1
Pudel1 158   1   1   2   1  23   1   1   1   1 VWL   3   8   2 709   2   1
Pudel1 158   1   1   2   1  23   1   1   1   1 VWL   3   9   1 602   1   1
Pudel1 158   1   1   2   1  23   1   1   1   1 VWL   3  10   5 797   5   1
Pudel1 158   1   1   2   1  23   1   1   1   1 VWL   3  11   3 792   3   1
Pudel1 158   1   1   2   1  23   1   1   1   1 VWL   3  12   6 654   6   1
Pudel1 158   1   1   2   1  23   1   1   1   1 VWL   3  13   2 1015   2   1
Pudel1 158   1   1   2   1  23   1   1   1   1 VWL   3  14   4 822   4   1
Pudel1 158   1   1   2   1  23   1   1   1   1 VWL   3  15   3 863   3   1
Pudel1 158   1   1   2   1  23   1   1   1   1 VWL   3  16   1 622   1   1
Pudel1 158   1   1   2   1  23   1   1   1   1 VWL   3  17   2 731   2   1
Pudel1 158   1   1   2   1  23   1   1   1   1 VWL   3  18   5 777   5   1
Pudel1 158   1   1   2   1  23   1   1   1   1 VWL   3  19   1 583   1   1
Pudel1 158   1   1   2   1  23   1   1   1   1 VWL   3  20   3 752   3   1
Pudel1 158   1   1   2   1  23   1   1   1   1 VWL   3  21   4 894   4   1
Pudel1 158   1   1   2   1  23   1   1   1   1 VWL   3  22   1 647   1   1
Pudel1 158   1   1   2   1  23   1   1   1   1 VWL   3  23   3 801   3   1
Pudel1 158   1   1   2   1  23   1   1   1   1 VWL   3  24   6 646   6   1
Pudel1 158   1   1   2   1  23   1   1   1   1 VWL   3  25   1 630   1   1
Pudel1 158   1   1   2   1  23   1   1   1   1 VWL   3  26   3 1386   3   1
Pudel1 158   1   1   2   1  23   1   1   1   1 VWL   3  27   2 746   2   1
Pudel1 158   1   1   2   1  23   1   1   1   1 VWL   3  28   1 629   1   1
Pudel1 158   1   1   2   1  23   1   1   1   1 VWL   3  29   4 752   4   1
Pudel1 158   1   1   2   1  23   1   1   1   1 VWL   3  30   3 868   3   1
Pudel1 158   1   1   2   1  23   1   1   1   1 VWL   3  31   5 709   5   1
Pudel1 158   1   1   2   1  23   1   1   1   1 VWL   3  32   6 706   6   1
Pudel1 158   1   1   2   1  23   1   1   1   1 VWL   3  33   3 734   3   1
Pudel1 158   1   1   2   1  23   1   1   1   1 VWL   3  34   4 1051   4   1
Pudel1 158   1   1   2   1  23   1   1   1   1 VWL   3  35   1 660   1   1
Pudel1 158   1   1   2   1  23   1   1   1   1 VWL   3  36   3 740   3   1
Pudel1 158   1   1   2   1  23   1   1   1   1 VWL   3  37   5 785   5   1
Pudel1 158   1   1   2   1  23   1   1   1   1 VWL   3  38   6 613   6   1
Pudel1 158   1   1   2   1  23   1   1   1   1 VWL   3  39   1 626   1   1
Pudel1 158   1   1   2   1  23   1   1   1   1 VWL   3  40   2 701   2   1
Pudel1 158   1   1   2   1  23   1   1   1   1 VWL   3  41   5 979   5   1
Pudel1 158   1   1   2   1  23   1   1   1   1 VWL   3  42   1 564   1   1
Pudel1 158   1   1   2   1  23   1   1   1   1 VWL   3  43   3 706   3   1
Pudel1 158   1   1   2   1  23   1   1   1   1 VWL   3  44   2 643   2   1
Pudel1 158   1   1   2   1  23   1   1   1   1 VWL   3  45   6 587   6   1
Pudel1 158   1   1   2   1  23   1   1   1   1 VWL   3  46   4 854   4   1
Pudel1 158   1   1   2   1  23   1   1   1   1 VWL   3  47   1 661   1   1
Pudel1 158   1   1   2   1  23   1   1   1   1 VWL   3  48   3 812   3   1
Pudel1 158   1   1   2   1  23   1   1   1   1 VWL   3  49   5 617   5   1
Pudel1 158   1   1   2   1  23   1   1   1   1 VWL   3  50   2 771   2   1
Pudel1 158   1   1   2   1  23   1   1   1   1 VWL   3  51   1 569   1   1
Pudel1 158   1   1   2   1  23   1   1   1   1 VWL   3  52   4 763   4   1
Pudel1 158   1   1   2   1  23   1   1   1   1 VWL   3  53   3 848   3   1
Pudel1 158   1   1   2   1  23   1   1   1   1 VWL   3  54   6 662   6   1
Pudel1 158   1   1   2   1  23   1   1   1   1 VWL   3  55   1 591   1   1
Pudel1 158   1   1   2   1  23   1   1   1   1 VWL   3  56   3 731   3   1
Pudel1 158   1   1   2   1  23   1   1   1   1 VWL   3  57   6 637   6   1
Pudel1 158   1   1   2   1  23   1   1   1   1 VWL   3  58   1 576   1   1
Pudel1 158   1   1   2   1  23   1   1   1   1 VWL   3  59   3 725   3   1
Pudel1 158   1   1   2   1  23   1   1   1   1 VWL   3  60   4 840   4   1
Pudel1 158   1   1   2   1  23   1   1   1   1 VWL   3  61   5 601   5   1
Pudel1 158   1   1   2   1  23   1   1   1   1 VWL   3  62   2 757   2   1
Pudel1 158   1   1   2   1  23   1   1   1   1 VWL   3  63   3 781   3   1
Pudel1 158   1   1   2   1  23   1   1   1   1 VWL   3  64   1 560   1   1
Pudel1 158   1   1   2   1  23   1   1   1   1 VWL   3  65   4 651   4   1
Pudel1 158   1   1   2   1  23   1   1   1   1 VWL   3  66   2 604   2   1
Pudel1 158   1   1   2   1  23   1   1   1   1 VWL   3  67   3 579   3   1
Pudel1 158   1   1   2   1  23   1   1   1   1 VWL   3  68   1 597   1   1
Pudel1 158   1   1   2   1  23   1   1   1   1 VWL   3  69   6 705   6   1
Pudel1 158   1   1   2   1  23   1   1   1   1 VWL   3  70   5 695   5   1
Pudel1 158   1   1   2   1  23   1   1   1   1 VWL   3  71   3 813   3   1
Pudel1 158   1   1   2   1  23   1   1   1   1 VWL   3  72   1 640   1   1
Pudel1 158   1   1   2   1  23   1   1   1   1 VWL   3  73   6 660   6   1
Pudel1 158   1   1   2   1  23   1   1   1   1 VWL   3  74   2 624   3   0
Pudel1 158   1   1   2   1  23   1   1   1   1 VWL   3  75   1 699   1   1
Pudel1 158   1   1   2   1  23   1   1   1   1 VWL   3  76   2 770   2   1
Pudel1 158   1   1   2   1  23   1   1   1   1 VWL   3  77   4 840   4   1
Pudel1 158   1   1   2   1  23   1   1   1   1 VWL   3  78   3 787   3   1
Pudel1 158   1   1   2   1  23   1   1   1   1 VWL   3  79   5 1088   5   1
Pudel1 158   1   1   2   1  23   1   1   1   1 VWL   3  80   1 577   1   1
Pudel1 158   1   1   2   1  23   1   1   1   1 VWL   3  81   2 811   2   1
Pudel1 158   1   1   2   1  23   1   1   1   1 VWL   3  82   6 730   6   1
Pudel1 158   1   1   2   1  23   1   1   1   1 VWL   3  83   1 700   1   1
Pudel1 158   1   1   2   1  23   1   1   1   1 VWL   3  84   3 1152   3   1
Pudel1 158   1   1   2   1  23   1   1   1   1 VWL   3  85   4 825   4   1
Pudel1 158   1   1   2   1  23   1   1   1   1 VWL   3  86   1 708   1   1
Pudel1 158   1   1   2   1  23   1   1   1   1 VWL   3  87   5 822   5   1
Pudel1 158   1   1   2   1  23   1   1   1   1 VWL   3  88   3 1146   3   1
Pudel1 158   1   1   2   1  23   1   1   1   1 VWL   3  89   1 586   1   1
Pudel1 158   1   1   2   1  23   1   1   1   1 VWL   3  90   4 850   4   1
Pudel1 158   1   1   2   1  23   1   1   1   1 VWL   3  91   5 691   5   1
Pudel1 158   1   1   2   1  23   1   1   1   1 VWL   3  92   6 770   6   1
Pudel1 158   1   1   2   1  23   1   1   1   1 VWL   3  93   3 847   3   1
Pudel1 158   1   1   2   1  23   1   1   1   1 VWL   3  94   1 626   1   1
Pudel1 158   1   1   2   1  23   1   1   1   1 VWL   3  95   2 592   2   1
Pudel1 158   1   1   2   1  23   1   1   1   1 VWL   3  96   3 602   3   1
Pudel1 158   1   1   2   1  23   1   1   1   1 VWL   3  97   1 561   1   1
Pudel1 158   1   1   2   1  23   1   1   1   1 VWL   3  98   4 821   4   1
Pudel1 158   1   1   2   1  23   1   1   1   1 VWL   3  99   2 1060   2   1
Pudel1 158   1   1   2   1  23   1   1   1   1 VWL   3 100   1 588   1   1
Pudel1 158   1   1   2   1  23   1   1   1   1 VWL   3 101   3 1173   3   1
Pudel1 158   1   1   2   1  23   1   1   1   1 VWL   3 102   6 841   6   1
Pudel1 158   1   1   2   1  23   1   1   1   1 VWL   3 103   5 820   5   1
Pudel1 158   1   1   2   1  23   1   1   1   1 VWL   3 104   3 791   3   1
Pudel1 158   1   1   2   1  23   1   1   1   1 VWL   3 105   5 651   4   0
Pudel1 158   1   1   2   1  23   1   1   1   1 VWL   3 106   1 668   1   1
Pudel1 158   1   1   2   1  23   1   1   1   1 VWL   3 107   2 813   2   1
Pudel1 158   1   1   2   1  23   1   1   1   1 VWL   3 108   3 1110   3   1
Pudel1 158   1   1   2   1  23   1   1   1   1 VWL   3 109   6 702   6   1
Pudel1 158   1   1   2   1  23   1   1   1   1 VWL   3 110   5 728   5   1
Pudel1 158   1   1   2   1  23   1   1   1   1 VWL   3 111   3 821   3   1
Pudel1 158   1   1   2   1  23   1   1   1   1 VWL   3 112   1 662   1   1
Pudel1 158   1   1   2   1  23   1   1   1   1 VWL   3 113   4 927   4   1
Pudel1 158   1   1   2   1  23   1   1   1   1 VWL   3 114   5 591   5   1
Pudel1 158   1   1   2   1  23   1   1   1   1 VWL   3 115   3 903   3   1
Pudel1 158   1   1   2   1  23   1   1   1   1 VWL   3 116   1 574   1   1
Pudel1 158   1   1   2   1  23   1   1   1   1 VWL   3 117   6 690   6   1
Pudel1 158   1   1   2   1  23   1   1   1   1 VWL   3 118   2 698   2   1
Pudel1 158   1   1   2   1  23   1   1   1   1 VWL   3 119   1 676   1   1
Pudel1 158   1   1   2   1  23   1   1   1   1 VWL   3 120   3 600   3   1
Pudel1 158   1   1   2   1  23   1   1   1   1 VWL   3 121   2 593   2   1
Pudel1 158   1   1   2   1  23   1   1   1   1 VWL   3 122   4 906   4   1
Pudel1 158   1   1   2   1  23   1   1   1   1 VWL   3 123   5 611   5   1
Pudel1 158   1   1   2   1  23   1   1   1   1 VWL   3 124   3 889   3   1
Pudel1 158   1   1   2   1  23   1   1   1   1 VWL   3 125   1 605   1   1
Pudel1 158   1   1   2   1  23   1   1   1   1 VWL   3 126   6 676   6   1
Pudel1 158   1   1   2   1  23   1   1   1   1 VWL   3 127   3 831   3   1
Pudel1 158   1   1   2   1  23   1   1   1   1 VWL   3 128   1 648   1   1
Pudel1 158   1   1   2   1  23   1   1   1   1 VWL   3 129   4 633   4   1
Pudel1 158   1   1   2   1  23   1   1   1   1 VWL   3 130   2 698   2   1
Pudel1 158   1   1   2   1  23   1   1   1   1 VWL   3 131   1 559   1   1
Pudel1 158   1   1   2   1  23   1   1   1   1 VWL   3 132   6 663   6   1
Pudel1 158   1   1   2   1  23   1   1   1   1 VWL   3 133   3 819   3   1
Pudel1 158   1   1   2   1  23   1   1   1   1 VWL   3 134   5 832   5   1
Pudel1 158   1   1   2   1  23   1   1   1   1 VWL   3 135   1 577   1   1
Pudel1 158   1   1   2   1  23   1   1   1   1 VWL   3 136   3 606   3   1
Pudel1 158   1   1   2   1  23   1   1   1   1 VWL   3 137   4 748   4   1
Pudel1 158   1   1   2   1  23   1   1   1   1 VWL   3 138   1 689   1   1
Pudel1 158   1   1   2   1  23   1   1   1   1 VWL   3 139   3 767   3   1
Pudel1 158   1   1   2   1  23   1   1   1   1 VWL   3 140   6 695   6   1
Pudel1 158   1   1   2   1  23   1   1   1   1 VWL   3 141   2 923   2   1
Pudel1 158   1   1   2   1  23   1   1   1   1 VWL   3 142   1 643   1   1
Pudel1 158   1   1   2   1  23   1   1   1   1 VWL   3 143   5 915   5   1
Pudel1 158   1   1   2   1  23   1   1   1   1 VWL   3 144   3 837   3   1
Pudel1 158   1   1   2   1  23   1   1   1   1 VWL   4   1   1 642   1   1
Pudel1 158   1   1   2   1  23   1   1   1   1 VWL   4   2   4 925   4   1
Pudel1 158   1   1   2   1  23   1   1   1   1 VWL   4   3   3 1075   3   1
Pudel1 158   1   1   2   1  23   1   1   1   1 VWL   4   4   1 624   1   1
Pudel1 158   1   1   2   1  23   1   1   1   1 VWL   4   5   5 682   5   1
Pudel1 158   1   1   2   1  23   1   1   1   1 VWL   4   6   3 879   3   1
Pudel1 158   1   1   2   1  23   1   1   1   1 VWL   4   7   6 703   6   1
Pudel1 158   1   1   2   1  23   1   1   1   1 VWL   4   8   2 697   2   1
Pudel1 158   1   1   2   1  23   1   1   1   1 VWL   4   9   1 559   1   1
Pudel1 158   1   1   2   1  23   1   1   1   1 VWL   4  10   5 648   5   1
Pudel1 158   1   1   2   1  23   1   1   1   1 VWL   4  11   3 794   3   1
Pudel1 158   1   1   2   1  23   1   1   1   1 VWL   4  12   6 795   6   1
Pudel1 158   1   1   2   1  23   1   1   1   1 VWL   4  13   2 576   2   1
Pudel1 158   1   1   2   1  23   1   1   1   1 VWL   4  14   4 1687   4   1
Pudel1 158   1   1   2   1  23   1   1   1   1 VWL   4  15   3 869   3   1
Pudel1 158   1   1   2   1  23   1   1   1   1 VWL   4  16   1 601   1   1
Pudel1 158   1   1   2   1  23   1   1   1   1 VWL   4  17   2 631   2   1
Pudel1 158   1   1   2   1  23   1   1   1   1 VWL   4  18   5 639   5   1
Pudel1 158   1   1   2   1  23   1   1   1   1 VWL   4  19   1 651   1   1
Pudel1 158   1   1   2   1  23   1   1   1   1 VWL   4  20   3 671   3   1
Pudel1 158   1   1   2   1  23   1   1   1   1 VWL   4  21   5 615   4   0
Pudel1 158   1   1   2   1  23   1   1   1   1 VWL   4  22   1 616   1   1
Pudel1 158   1   1   2   1  23   1   1   1   1 VWL   4  23   3 673   3   1
Pudel1 158   1   1   2   1  23   1   1   1   1 VWL   4  24   6 758   6   1
Pudel1 158   1   1   2   1  23   1   1   1   1 VWL   4  25   1 657   1   1
Pudel1 158   1   1   2   1  23   1   1   1   1 VWL   4  26   3 787   3   1
Pudel1 158   1   1   2   1  23   1   1   1   1 VWL   4  27   2 620   2   1
Pudel1 158   1   1   2   1  23   1   1   1   1 VWL   4  28   1 575   1   1
Pudel1 158   1   1   2   1  23   1   1   1   1 VWL   4  29   4 690   4   1
Pudel1 158   1   1   2   1  23   1   1   1   1 VWL   4  30   3 822   3   1
Pudel1 158   1   1   2   1  23   1   1   1   1 VWL   4  31   5 658   5   1
Pudel1 158   1   1   2   1  23   1   1   1   1 VWL   4  32   6 715   6   1
Pudel1 158   1   1   2   1  23   1   1   1   1 VWL   4  33   3 816   3   1
Pudel1 158   1   1   2   1  23   1   1   1   1 VWL   4  34   4 832   4   1
Pudel1 158   1   1   2   1  23   1   1   1   1 VWL   4  35   1 713   1   1
Pudel1 158   1   1   2   1  23   1   1   1   1 VWL   4  36   3 662   3   1
Pudel1 158   1   1   2   1  23   1   1   1   1 VWL   4  37   5 730   5   1
Pudel1 158   1   1   2   1  23   1   1   1   1 VWL   4  38   6 648   6   1
Pudel1 158   1   1   2   1  23   1   1   1   1 VWL   4  39   1 694   1   1
Pudel1 158   1   1   2   1  23   1   1   1   1 VWL   4  40   2 828   2   1
Pudel1 158   1   1   2   1  23   1   1   1   1 VWL   4  41   5 711   5   1
Pudel1 158   1   1   2   1  23   1   1   1   1 VWL   4  42   1 575   1   1
Pudel1 158   1   1   2   1  23   1   1   1   1 VWL   4  43   3 747   3   1
Pudel1 158   1   1   2   1  23   1   1   1   1 VWL   4  44   2 684   2   1
Pudel1 158   1   1   2   1  23   1   1   1   1 VWL   4  45   6 649   6   1
Pudel1 158   1   1   2   1  23   1   1   1   1 VWL   4  46   4 893   4   1
Pudel1 158   1   1   2   1  23   1   1   1   1 VWL   4  47   1 811   1   1
Pudel1 158   1   1   2   1  23   1   1   1   1 VWL   4  48   3 858   3   1
Pudel1 158   1   1   2   1  23   1   1   1   1 VWL   4  49   5 618   5   1
Pudel1 158   1   1   2   1  23   1   1   1   1 VWL   4  50   2 865   2   1
Pudel1 158   1   1   2   1  23   1   1   1   1 VWL   4  51   1 581   1   1
Pudel1 158   1   1   2   1  23   1   1   1   1 VWL   4  52   1  63   4   0
Pudel1 158   1   1   2   1  23   1   1   1   1 VWL   4  53   3 1163   3   1
Pudel1 158   1   1   2   1  23   1   1   1   1 VWL   4  54   6 612   6   1
Pudel1 158   1   1   2   1  23   1   1   1   1 VWL   4  55   1 587   1   1
Pudel1 158   1   1   2   1  23   1   1   1   1 VWL   4  56   3 637   3   1
Pudel1 158   1   1   2   1  23   1   1   1   1 VWL   4  57   6 680   6   1
Pudel1 158   1   1   2   1  23   1   1   1   1 VWL   4  58   1 618   1   1
Pudel1 158   1   1   2   1  23   1   1   1   1 VWL   4  59   3 638   3   1
Pudel1 158   1   1   2   1  23   1   1   1   1 VWL   4  60   4 1062   4   1
Pudel1 158   1   1   2   1  23   1   1   1   1 VWL   4  61   5 560   5   1
Pudel1 158   1   1   2   1  23   1   1   1   1 VWL   4  62   2 799   2   1
Pudel1 158   1   1   2   1  23   1   1   1   1 VWL   4  63   3 889   3   1
Pudel1 158   1   1   2   1  23   1   1   1   1 VWL   4  64   1 692   1   1
Pudel1 158   1   1   2   1  23   1   1   1   1 VWL   4  65   4 612   4   1
Pudel1 158   1   1   2   1  23   1   1   1   1 VWL   4  66   2 695   2   1
Pudel1 158   1   1   2   1  23   1   1   1   1 VWL   4  67   3 704   3   1
Pudel1 158   1   1   2   1  23   1   1   1   1 VWL   4  68   1 649   1   1
Pudel1 158   1   1   2   1  23   1   1   1   1 VWL   4  69   6 691   6   1
Pudel1 158   1   1   2   1  23   1   1   1   1 VWL   4  70   5 700   5   1
Pudel1 158   1   1   2   1  23   1   1   1   1 VWL   4  71   3 841   3   1
Pudel1 158   1   1   2   1  23   1   1   1   1 VWL   4  72   1 660   1   1
Pudel1 158   1   1   2   1  23   1   1   1   1 VWL   4  73   6 712   6   1
Pudel1 158   1   1   2   1  23   1   1   1   1 VWL   4  74   3 845   3   1
Pudel1 158   1   1   2   1  23   1   1   1   1 VWL   4  75   1 641   1   1
Pudel1 158   1   1   2   1  23   1   1   1   1 VWL   4  76   2 710   2   1
Pudel1 158   1   1   2   1  23   1   1   1   1 VWL   4  77   4 766   4   1
Pudel1 158   1   1   2   1  23   1   1   1   1 VWL   4  78   3 996   3   1
Pudel1 158   1   1   2   1  23   1   1   1   1 VWL   4  79   5 687   5   1
Pudel1 158   1   1   2   1  23   1   1   1   1 VWL   4  80   1 621   1   1
Pudel1 158   1   1   2   1  23   1   1   1   1 VWL   4  81   2 774   2   1
Pudel1 158   1   1   2   1  23   1   1   1   1 VWL   4  82   6 610   6   1
Pudel1 158   1   1   2   1  23   1   1   1   1 VWL   4  83   1 617   1   1
Pudel1 158   1   1   2   1  23   1   1   1   1 VWL   4  84   3 787   3   1
Pudel1 158   1   1   2   1  23   1   1   1   1 VWL   4  85   4 642   4   1
Pudel1 158   1   1   2   1  23   1   1   1   1 VWL   4  86   1 579   1   1
Pudel1 158   1   1   2   1  23   1   1   1   1 VWL   4  87   5 808   5   1
Pudel1 158   1   1   2   1  23   1   1   1   1 VWL   4  88   3 845   3   1
Pudel1 158   1   1   2   1  23   1   1   1   1 VWL   4  89   1 550   1   1
Pudel1 158   1   1   2   1  23   1   1   1   1 VWL   4  90   4 883   4   1
Pudel1 158   1   1   2   1  23   1   1   1   1 VWL   4  91   5 1043   5   1
Pudel1 158   1   1   2   1  23   1   1   1   1 VWL   4  92   6 677   6   1
Pudel1 158   1   1   2   1  23   1   1   1   1 VWL   4  93   3 838   3   1
Pudel1 158   1   1   2   1  23   1   1   1   1 VWL   4  94   1 576   1   1
Pudel1 158   1   1   2   1  23   1   1   1   1 VWL   4  95   2 742   2   1
Pudel1 158   1   1   2   1  23   1   1   1   1 VWL   4  96   3 593   3   1
Pudel1 158   1   1   2   1  23   1   1   1   1 VWL   4  97   1 616   1   1
Pudel1 158   1   1   2   1  23   1   1   1   1 VWL   4  98   4 708   4   1
Pudel1 158   1   1   2   1  23   1   1   1   1 VWL   4  99   2 662   2   1
Pudel1 158   1   1   2   1  23   1   1   1   1 VWL   4 100   1 611   1   1
Pudel1 158   1   1   2   1  23   1   1   1   1 VWL   4 101   3 804   3   1
Pudel1 158   1   1   2   1  23   1   1   1   1 VWL   4 102   6 698   6   1
Pudel1 158   1   1   2   1  23   1   1   1   1 VWL   4 103   5 779   5   1
Pudel1 158   1   1   2   1  23   1   1   1   1 VWL   4 104   4 756   3   0
Pudel1 158   1   1   2   1  23   1   1   1   1 VWL   4 105   4 844   4   1
Pudel1 158   1   1   2   1  23   1   1   1   1 VWL   4 106   1 643   1   1
Pudel1 158   1   1   2   1  23   1   1   1   1 VWL   4 107   2 657   2   1
Pudel1 158   1   1   2   1  23   1   1   1   1 VWL   4 108   3 583   3   1
Pudel1 158   1   1   2   1  23   1   1   1   1 VWL   4 109   6 618   6   1
Pudel1 158   1   1   2   1  23   1   1   1   1 VWL   4 110   5 795   5   1
Pudel1 158   1   1   2   1  23   1   1   1   1 VWL   4 111   3 881   3   1
Pudel1 158   1   1   2   1  23   1   1   1   1 VWL   4 112   1 530   1   1
Pudel1 158   1   1   2   1  23   1   1   1   1 VWL   4 113   4 783   4   1
Pudel1 158   1   1   2   1  23   1   1   1   1 VWL   4 114   5 802   5   1
Pudel1 158   1   1   2   1  23   1   1   1   1 VWL   4 115   3 818   3   1
Pudel1 158   1   1   2   1  23   1   1   1   1 VWL   4 116   1 558   1   1
Pudel1 158   1   1   2   1  23   1   1   1   1 VWL   4 117   6 608   6   1
Pudel1 158   1   1   2   1  23   1   1   1   1 VWL   4 118   2 778   2   1
Pudel1 158   1   1   2   1  23   1   1   1   1 VWL   4 119   1 855   1   1
Pudel1 158   1   1   2   1  23   1   1   1   1 VWL   4 120   3 1442   3   1
Pudel1 158   1   1   2   1  23   1   1   1   1 VWL   4 121   2 576   2   1
Pudel1 158   1   1   2   1  23   1   1   1   1 VWL   4 122   4 706   4   1
Pudel1 158   1   1   2   1  23   1   1   1   1 VWL   4 123   5 843   5   1
Pudel1 158   1   1   2   1  23   1   1   1   1 VWL   4 124   3 782   3   1
Pudel1 158   1   1   2   1  23   1   1   1   1 VWL   4 125   1 607   1   1
Pudel1 158   1   1   2   1  23   1   1   1   1 VWL   4 126   6 944   6   1
Pudel1 158   1   1   2   1  23   1   1   1   1 VWL   4 127   3 740   3   1
Pudel1 158   1   1   2   1  23   1   1   1   1 VWL   4 128   1 595   1   1
Pudel1 158   1   1   2   1  23   1   1   1   1 VWL   4 129   4 755   4   1
Pudel1 158   1   1   2   1  23   1   1   1   1 VWL   4 130   2 638   2   1
Pudel1 158   1   1   2   1  23   1   1   1   1 VWL   4 131   1 571   1   1
Pudel1 158   1   1   2   1  23   1   1   1   1 VWL   4 132   6 781   6   1
Pudel1 158   1   1   2   1  23   1   1   1   1 VWL   4 133   3 723   3   1
Pudel1 158   1   1   2   1  23   1   1   1   1 VWL   4 134   5 843   5   1
Pudel1 158   1   1   2   1  23   1   1   1   1 VWL   4 135   1 594   1   1
Pudel1 158   1   1   2   1  23   1   1   1   1 VWL   4 136   3 736   3   1
Pudel1 158   1   1   2   1  23   1   1   1   1 VWL   4 137   4 906   4   1
Pudel1 158   1   1   2   1  23   1   1   1   1 VWL   4 138   1 636   1   1
Pudel1 158   1   1   2   1  23   1   1   1   1 VWL   4 139   3 780   3   1
Pudel1 158   1   1   2   1  23   1   1   1   1 VWL   4 140   6 732   6   1
Pudel1 158   1   1   2   1  23   1   1   1   1 VWL   4 141   2 755   2   1
Pudel1 158   1   1   2   1  23   1   1   1   1 VWL   4 142   1 545   1   1
Pudel1 158   1   1   2   1  23   1   1   1   1 VWL   4 143   5 981   5   1
Pudel1 158   1   1   2   1  23   1   1   1   1 VWL   4 144   3 708   3   1
Pudel1 158   1   1   2   1  23   1   1   1   1 VWL   5   1   1 638   1   1
Pudel1 158   1   1   2   1  23   1   1   1   1 VWL   5   2   4 873   4   1
Pudel1 158   1   1   2   1  23   1   1   1   1 VWL   5   3   3 868   3   1
Pudel1 158   1   1   2   1  23   1   1   1   1 VWL   5   4   1 609   1   1
Pudel1 158   1   1   2   1  23   1   1   1   1 VWL   5   5   5 806   5   1
Pudel1 158   1   1   2   1  23   1   1   1   1 VWL   5   6   5  31   3   0
Pudel1 158   1   1   2   1  23   1   1   1   1 VWL   5   7   6 673   6   1
Pudel1 158   1   1   2   1  23   1   1   1   1 VWL   5   8   2 712   2   1
Pudel1 158   1   1   2   1  23   1   1   1   1 VWL   5   9   1 690   1   1
Pudel1 158   1   1   2   1  23   1   1   1   1 VWL   5  10   5 873   5   1
Pudel1 158   1   1   2   1  23   1   1   1   1 VWL   5  11   3 1246   3   1
Pudel1 158   1   1   2   1  23   1   1   1   1 VWL   5  12   6 691   6   1
Pudel1 158   1   1   2   1  23   1   1   1   1 VWL   5  13   2 754   2   1
Pudel1 158   1   1   2   1  23   1   1   1   1 VWL   5  14   4 788   4   1
Pudel1 158   1   1   2   1  23   1   1   1   1 VWL   5  15   3 832   3   1
Pudel1 158   1   1   2   1  23   1   1   1   1 VWL   5  16   1 616   1   1
Pudel1 158   1   1   2   1  23   1   1   1   1 VWL   5  17   2 768   2   1
Pudel1 158   1   1   2   1  23   1   1   1   1 VWL   5  18   5 704   5   1
Pudel1 158   1   1   2   1  23   1   1   1   1 VWL   5  19   1 623   1   1
Pudel1 158   1   1   2   1  23   1   1   1   1 VWL   5  20   3 819   3   1
Pudel1 158   1   1   2   1  23   1   1   1   1 VWL   5  21   4 850   4   1
Pudel1 158   1   1   2   1  23   1   1   1   1 VWL   5  22   1 850   1   1
Pudel1 158   1   1   2   1  23   1   1   1   1 VWL   5  23   3 819   3   1
Pudel1 158   1   1   2   1  23   1   1   1   1 VWL   5  24   6 657   6   1
Pudel1 158   1   1   2   1  23   1   1   1   1 VWL   5  25   1 655   1   1
Pudel1 158   1   1   2   1  23   1   1   1   1 VWL   5  26   3 755   3   1
Pudel1 158   1   1   2   1  23   1   1   1   1 VWL   5  27   2 630   2   1
Pudel1 158   1   1   2   1  23   1   1   1   1 VWL   5  28   1 544   1   1
Pudel1 158   1   1   2   1  23   1   1   1   1 VWL   5  29   4 907   4   1
Pudel1 158   1   1   2   1  23   1   1   1   1 VWL   5  30   3 854   3   1
Pudel1 158   1   1   2   1  23   1   1   1   1 VWL   5  31   5 676   5   1
Pudel1 158   1   1   2   1  23   1   1   1   1 VWL   5  32   6 647   6   1
Pudel1 158   1   1   2   1  23   1   1   1   1 VWL   5  33   3 788   3   1
Pudel1 158   1   1   2   1  23   1   1   1   1 VWL   5  34   4 853   4   1
Pudel1 158   1   1   2   1  23   1   1   1   1 VWL   5  35   1 614   1   1
Pudel1 158   1   1   2   1  23   1   1   1   1 VWL   5  36   3 831   3   1
Pudel1 158   1   1   2   1  23   1   1   1   1 VWL   5  37   5 669   5   1
Pudel1 158   1   1   2   1  23   1   1   1   1 VWL   5  38   6 659   6   1
Pudel1 158   1   1   2   1  23   1   1   1   1 VWL   5  39   1 580   1   1
Pudel1 158   1   1   2   1  23   1   1   1   1 VWL   5  40   2 727   2   1
Pudel1 158   1   1   2   1  23   1   1   1   1 VWL   5  41   5 675   5   1
Pudel1 158   1   1   2   1  23   1   1   1   1 VWL   5  42   1 683   1   1
Pudel1 158   1   1   2   1  23   1   1   1   1 VWL   5  43   3 881   3   1
Pudel1 158   1   1   2   1  23   1   1   1   1 VWL   5  44   2 647   2   1
Pudel1 158   1   1   2   1  23   1   1   1   1 VWL   5  45   6 757   6   1
Pudel1 158   1   1   2   1  23   1   1   1   1 VWL   5  46   4 862   4   1
Pudel1 158   1   1   2   1  23   1   1   1   1 VWL   5  47   1 620   1   1
Pudel1 158   1   1   2   1  23   1   1   1   1 VWL   5  48   3 748   3   1
Pudel1 158   1   1   2   1  23   1   1   1   1 VWL   5  49   5 664   5   1
Pudel1 158   1   1   2   1  23   1   1   1   1 VWL   5  50   2 803   2   1
Pudel1 158   1   1   2   1  23   1   1   1   1 VWL   5  51   1 560   1   1
Pudel1 158   1   1   2   1  23   1   1   1   1 VWL   5  52   4 710   4   1
Pudel1 158   1   1   2   1  23   1   1   1   1 VWL   5  53   3 877   3   1
Pudel1 158   1   1   2   1  23   1   1   1   1 VWL   5  54   6 595   6   1
Pudel1 158   1   1   2   1  23   1   1   1   1 VWL   5  55   1 577   1   1
Pudel1 158   1   1   2   1  23   1   1   1   1 VWL   5  56   3 565   3   1
Pudel1 158   1   1   2   1  23   1   1   1   1 VWL   5  57   6 601   6   1
Pudel1 158   1   1   2   1  23   1   1   1   1 VWL   5  58   1 624   1   1
Pudel1 158   1   1   2   1  23   1   1   1   1 VWL   5  59   3 754   3   1
Pudel1 158   1   1   2   1  23   1   1   1   1 VWL   5  60   4 788   4   1
Pudel1 158   1   1   2   1  23   1   1   1   1 VWL   5  61   5 595   5   1
Pudel1 158   1   1   2   1  23   1   1   1   1 VWL   5  62   2 692   2   1
Pudel1 158   1   1   2   1  23   1   1   1   1 VWL   5  63   3 763   3   1
Pudel1 158   1   1   2   1  23   1   1   1   1 VWL   5  64   1 578   1   1
Pudel1 158   1   1   2   1  23   1   1   1   1 VWL   5  65   4 857   4   1
Pudel1 158   1   1   2   1  23   1   1   1   1 VWL   5  66   2 906   2   1
Pudel1 158   1   1   2   1  23   1   1   1   1 VWL   5  67   3 813   3   1
Pudel1 158   1   1   2   1  23   1   1   1   1 VWL   5  68   1 633   1   1
Pudel1 158   1   1   2   1  23   1   1   1   1 VWL   5  69   6 733   6   1
Pudel1 158   1   1   2   1  23   1   1   1   1 VWL   5  70   5 646   5   1
Pudel1 158   1   1   2   1  23   1   1   1   1 VWL   5  71   3 826   3   1
Pudel1 158   1   1   2   1  23   1   1   1   1 VWL   5  72   1 667   1   1
Pudel1 158   1   1   2   1  23   1   1   1   1 VWL   5  73   6 697   6   1
Pudel1 158   1   1   2   1  23   1   1   1   1 VWL   5  74   3 900   3   1
Pudel1 158   1   1   2   1  23   1   1   1   1 VWL   5  75   1 625   1   1
Pudel1 158   1   1   2   1  23   1   1   1   1 VWL   5  76   2 672   2   1
Pudel1 158   1   1   2   1  23   1   1   1   1 VWL   5  77   4 1048   4   1
Pudel1 158   1   1   2   1  23   1   1   1   1 VWL   5  78   3 770   3   1
Pudel1 158   1   1   2   1  23   1   1   1   1 VWL   5  79   5 657   5   1
Pudel1 158   1   1   2   1  23   1   1   1   1 VWL   5  80   1 616   1   1
Pudel1 158   1   1   2   1  23   1   1   1   1 VWL   5  81   2 594   2   1
Pudel1 158   1   1   2   1  23   1   1   1   1 VWL   5  82   6 616   6   1
Pudel1 158   1   1   2   1  23   1   1   1   1 VWL   5  83   1 723   1   1
Pudel1 158   1   1   2   1  23   1   1   1   1 VWL   5  84   3 667   3   1
Pudel1 158   1   1   2   1  23   1   1   1   1 VWL   5  85   4 806   4   1
Pudel1 158   1   1   2   1  23   1   1   1   1 VWL   5  86   1 622   1   1
Pudel1 158   1   1   2   1  23   1   1   1   1 VWL   5  87   5 735   5   1
Pudel1 158   1   1   2   1  23   1   1   1   1 VWL   5  88   3 789   3   1
Pudel1 158   1   1   2   1  23   1   1   1   1 VWL   5  89   1 556   1   1
Pudel1 158   1   1   2   1  23   1   1   1   1 VWL   5  90   4 1020   4   1
Pudel1 158   1   1   2   1  23   1   1   1   1 VWL   5  91   5 573   5   1
Pudel1 158   1   1   2   1  23   1   1   1   1 VWL   5  92   6 607   6   1
Pudel1 158   1   1   2   1  23   1   1   1   1 VWL   5  93   3 710   3   1
Pudel1 158   1   1   2   1  23   1   1   1   1 VWL   5  94   1 935   1   1
Pudel1 158   1   1   2   1  23   1   1   1   1 VWL   5  95   2 550   2   1
Pudel1 158   1   1   2   1  23   1   1   1   1 VWL   5  96   3 539   3   1
Pudel1 158   1   1   2   1  23   1   1   1   1 VWL   5  97   1 617   1   1
Pudel1 158   1   1   2   1  23   1   1   1   1 VWL   5  98   4 565   4   1
Pudel1 158   1   1   2   1  23   1   1   1   1 VWL   5  99   2 730   2   1
Pudel1 158   1   1   2   1  23   1   1   1   1 VWL   5 100   1 573   1   1
Pudel1 158   1   1   2   1  23   1   1   1   1 VWL   5 101   4 566   3   0
Pudel1 158   1   1   2   1  23   1   1   1   1 VWL   5 102   6 710   6   1
Pudel1 158   1   1   2   1  23   1   1   1   1 VWL   5 103   5 621   5   1
Pudel1 158   1   1   2   1  23   1   1   1   1 VWL   5 104   3 793   3   1
Pudel1 158   1   1   2   1  23   1   1   1   1 VWL   5 105   4 1142   4   1
Pudel1 158   1   1   2   1  23   1   1   1   1 VWL   5 106   1 616   1   1
Pudel1 158   1   1   2   1  23   1   1   1   1 VWL   5 107   2 561   2   1
Pudel1 158   1   1   2   1  23   1   1   1   1 VWL   5 108   3 583   3   1
Pudel1 158   1   1   2   1  23   1   1   1   1 VWL   5 109   6 679   6   1
Pudel1 158   1   1   2   1  23   1   1   1   1 VWL   5 110   5 609   5   1
Pudel1 158   1   1   2   1  23   1   1   1   1 VWL   5 111   3 895   3   1
Pudel1 158   1   1   2   1  23   1   1   1   1 VWL   5 112   1 600   1   1
Pudel1 158   1   1   2   1  23   1   1   1   1 VWL   5 113   4 659   4   1
Pudel1 158   1   1   2   1  23   1   1   1   1 VWL   5 114   5 743   5   1
Pudel1 158   1   1   2   1  23   1   1   1   1 VWL   5 115   3 722   3   1
Pudel1 158   1   1   2   1  23   1   1   1   1 VWL   5 116   1 612   1   1
Pudel1 158   1   1   2   1  23   1   1   1   1 VWL   5 117   6 681   6   1
Pudel1 158   1   1   2   1  23   1   1   1   1 VWL   5 118   2 765   2   1
Pudel1 158   1   1   2   1  23   1   1   1   1 VWL   5 119   1 665   1   1
Pudel1 158   1   1   2   1  23   1   1   1   1 VWL   5 120   3 907   3   1
Pudel1 158   1   1   2   1  23   1   1   1   1 VWL   5 121   2 625   2   1
Pudel1 158   1   1   2   1  23   1   1   1   1 VWL   5 122   4 780   4   1
Pudel1 158   1   1   2   1  23   1   1   1   1 VWL   5 123   5 600   5   1
Pudel1 158   1   1   2   1  23   1   1   1   1 VWL   5 124   3 785   3   1
Pudel1 158   1   1   2   1  23   1   1   1   1 VWL   5 125   1 609   1   1
Pudel1 158   1   1   2   1  23   1   1   1   1 VWL   5 126   6 620   6   1
Pudel1 158   1   1   2   1  23   1   1   1   1 VWL   5 127   3 658   3   1
Pudel1 158   1   1   2   1  23   1   1   1   1 VWL   5 128   1 647   1   1
Pudel1 158   1   1   2   1  23   1   1   1   1 VWL   5 129   4 782   4   1
Pudel1 158   1   1   2   1  23   1   1   1   1 VWL   5 130   2 589   2   1
Pudel1 158   1   1   2   1  23   1   1   1   1 VWL   5 131   1 512   1   1
Pudel1 158   1   1   2   1  23   1   1   1   1 VWL   5 132   6 658   6   1
Pudel1 158   1   1   2   1  23   1   1   1   1 VWL   5 133   3 662   3   1
Pudel1 158   1   1   2   1  23   1   1   1   1 VWL   5 134   5 643   5   1
Pudel1 158   1   1   2   1  23   1   1   1   1 VWL   5 135   1 551   1   1
Pudel1 158   1   1   2   1  23   1   1   1   1 VWL   5 136   3 666   3   1
Pudel1 158   1   1   2   1  23   1   1   1   1 VWL   5 137   4 877   4   1
Pudel1 158   1   1   2   1  23   1   1   1   1 VWL   5 138   2 571   1   0
Pudel1 158   1   1   2   1  23   1   1   1   1 VWL   5 139   3 1128   3   1
Pudel1 158   1   1   2   1  23   1   1   1   1 VWL   5 140   6 661   6   1
Pudel1 158   1   1   2   1  23   1   1   1   1 VWL   5 141   2 655   2   1
Pudel1 158   1   1   2   1  23   1   1   1   1 VWL   5 142   1 526   1   1
Pudel1 158   1   1   2   1  23   1   1   1   1 VWL   5 143   5 726   5   1
Pudel1 158   1   1   2   1  23   1   1   1   1 VWL   5 144   3 665   3   1
Pudel1 158   1   1   2   1  23   1   1   1   1 VWL   6   1   1 627   1   1
Pudel1 158   1   1   2   1  23   1   1   1   1 VWL   6   2   4 853   4   1
Pudel1 158   1   1   2   1  23   1   1   1   1 VWL   6   3   3 1012   3   1
Pudel1 158   1   1   2   1  23   1   1   1   1 VWL   6   4   1 614   1   1
Pudel1 158   1   1   2   1  23   1   1   1   1 VWL   6   5   5 844   5   1
Pudel1 158   1   1   2   1  23   1   1   1   1 VWL   6   6   3 904   3   1
Pudel1 158   1   1   2   1  23   1   1   1   1 VWL   6   7   6 714   6   1
Pudel1 158   1   1   2   1  23   1   1   1   1 VWL   6   8   2 746   2   1
Pudel1 158   1   1   2   1  23   1   1   1   1 VWL   6   9   1 581   1   1
Pudel1 158   1   1   2   1  23   1   1   1   1 VWL   6  10   5 760   5   1
Pudel1 158   1   1   2   1  23   1   1   1   1 VWL   6  11   3 720   3   1
Pudel1 158   1   1   2   1  23   1   1   1   1 VWL   6  12   6 655   6   1
Pudel1 158   1   1   2   1  23   1   1   1   1 VWL   6  13   2 1027   2   1
Pudel1 158   1   1   2   1  23   1   1   1   1 VWL   6  14   4 993   4   1
Pudel1 158   1   1   2   1  23   1   1   1   1 VWL   6  15   3 814   3   1
Pudel1 158   1   1   2   1  23   1   1   1   1 VWL   6  16   1 628   1   1
Pudel1 158   1   1   2   1  23   1   1   1   1 VWL   6  17   2 708   2   1
Pudel1 158   1   1   2   1  23   1   1   1   1 VWL   6  18   5 726   5   1
Pudel1 158   1   1   2   1  23   1   1   1   1 VWL   6  19   1 579   1   1
Pudel1 158   1   1   2   1  23   1   1   1   1 VWL   6  20   3 778   3   1
Pudel1 158   1   1   2   1  23   1   1   1   1 VWL   6  21   5 692   4   0
Pudel1 158   1   1   2   1  23   1   1   1   1 VWL   6  22   1 618   1   1
Pudel1 158   1   1   2   1  23   1   1   1   1 VWL   6  23   3 825   3   1
Pudel1 158   1   1   2   1  23   1   1   1   1 VWL   6  24   6 757   6   1
Pudel1 158   1   1   2   1  23   1   1   1   1 VWL   6  25   1 590   1   1
Pudel1 158   1   1   2   1  23   1   1   1   1 VWL   6  26   3 670   3   1
Pudel1 158   1   1   2   1  23   1   1   1   1 VWL   6  27   2 658   2   1
Pudel1 158   1   1   2   1  23   1   1   1   1 VWL   6  28   1 604   1   1
Pudel1 158   1   1   2   1  23   1   1   1   1 VWL   6  29   4 785   4   1
Pudel1 158   1   1   2   1  23   1   1   1   1 VWL   6  30   3 882   3   1
Pudel1 158   1   1   2   1  23   1   1   1   1 VWL   6  31   5 740   5   1
Pudel1 158   1   1   2   1  23   1   1   1   1 VWL   6  32   6 658   6   1
Pudel1 158   1   1   2   1  23   1   1   1   1 VWL   6  33   3 868   3   1
Pudel1 158   1   1   2   1  23   1   1   1   1 VWL   6  34   4 874   4   1
Pudel1 158   1   1   2   1  23   1   1   1   1 VWL   6  35   1 698   1   1
Pudel1 158   1   1   2   1  23   1   1   1   1 VWL   6  36   3 799   3   1
Pudel1 158   1   1   2   1  23   1   1   1   1 VWL   6  37   5 691   5   1
Pudel1 158   1   1   2   1  23   1   1   1   1 VWL   6  38   6 671   6   1
Pudel1 158   1   1   2   1  23   1   1   1   1 VWL   6  39   1 665   1   1
Pudel1 158   1   1   2   1  23   1   1   1   1 VWL   6  40   2 584   2   1
Pudel1 158   1   1   2   1  23   1   1   1   1 VWL   6  41   5 712   5   1
Pudel1 158   1   1   2   1  23   1   1   1   1 VWL   6  42   1 664   1   1
Pudel1 158   1   1   2   1  23   1   1   1   1 VWL   6  43   3 1017   3   1
Pudel1 158   1   1   2   1  23   1   1   1   1 VWL   6  44   2 667   2   1
Pudel1 158   1   1   2   1  23   1   1   1   1 VWL   6  45   6 786   6   1
Pudel1 158   1   1   2   1  23   1   1   1   1 VWL   6  46   4 808   4   1
Pudel1 158   1   1   2   1  23   1   1   1   1 VWL   6  47   1 609   1   1
Pudel1 158   1   1   2   1  23   1   1   1   1 VWL   6  48   3 695   3   1
Pudel1 158   1   1   2   1  23   1   1   1   1 VWL   6  49   5 657   5   1
Pudel1 158   1   1   2   1  23   1   1   1   1 VWL   6  50   2 775   2   1
Pudel1 158   1   1   2   1  23   1   1   1   1 VWL   6  51   1 553   1   1
Pudel1 158   1   1   2   1  23   1   1   1   1 VWL   6  52   4 817   4   1
Pudel1 158   1   1   2   1  23   1   1   1   1 VWL   6  53   3 931   3   1
Pudel1 158   1   1   2   1  23   1   1   1   1 VWL   6  54   6 862   6   1
Pudel1 158   1   1   2   1  23   1   1   1   1 VWL   6  55   1 577   1   1
Pudel1 158   1   1   2   1  23   1   1   1   1 VWL   6  56   3 660   3   1
Pudel1 158   1   1   2   1  23   1   1   1   1 VWL   6  57   6 625   6   1
Pudel1 158   1   1   2   1  23   1   1   1   1 VWL   6  58   1 590   1   1
Pudel1 158   1   1   2   1  23   1   1   1   1 VWL   6  59   3 775   3   1
Pudel1 158   1   1   2   1  23   1   1   1   1 VWL   6  60   4 682   4   1
Pudel1 158   1   1   2   1  23   1   1   1   1 VWL   6  61   5 634   5   1
Pudel1 158   1   1   2   1  23   1   1   1   1 VWL   6  62   2 717   2   1
Pudel1 158   1   1   2   1  23   1   1   1   1 VWL   6  63   3 847   3   1
Pudel1 158   1   1   2   1  23   1   1   1   1 VWL   6  64   1 541   1   1
Pudel1 158   1   1   2   1  23   1   1   1   1 VWL   6  65   4 920   4   1
Pudel1 158   1   1   2   1  23   1   1   1   1 VWL   6  66   2 663   2   1
Pudel1 158   1   1   2   1  23   1   1   1   1 VWL   6  67   3 766   3   1
Pudel1 158   1   1   2   1  23   1   1   1   1 VWL   6  68   1 621   1   1
Pudel1 158   1   1   2   1  23   1   1   1   1 VWL   6  69   6 613   6   1
Pudel1 158   1   1   2   1  23   1   1   1   1 VWL   6  70   5 679   5   1
Pudel1 158   1   1   2   1  23   1   1   1   1 VWL   6  71   3 1028   3   1
Pudel1 158   1   1   2   1  23   1   1   1   1 VWL   6  72   1 597   1   1
Pudel1 158   1   1   2   1  23   1   1   1   1 VWL   6  73   6 676   6   1
Pudel1 158   1   1   2   1  23   1   1   1   1 VWL   6  74   3 678   3   1
Pudel1 158   1   1   2   1  23   1   1   1   1 VWL   6  75   1 559   1   1
Pudel1 158   1   1   2   1  23   1   1   1   1 VWL   6  76   2 843   2   1
Pudel1 158   1   1   2   1  23   1   1   1   1 VWL   6  77   4 698   4   1
Pudel1 158   1   1   2   1  23   1   1   1   1 VWL   6  78   3 818   3   1
Pudel1 158   1   1   2   1  23   1   1   1   1 VWL   6  79   5 624   5   1
Pudel1 158   1   1   2   1  23   1   1   1   1 VWL   6  80   1 633   1   1
Pudel1 158   1   1   2   1  23   1   1   1   1 VWL   6  81   2 679   2   1
Pudel1 158   1   1   2   1  23   1   1   1   1 VWL   6  82   6 665   6   1
Pudel1 158   1   1   2   1  23   1   1   1   1 VWL   6  83   1 577   1   1
Pudel1 158   1   1   2   1  23   1   1   1   1 VWL   6  84   3 728   3   1
Pudel1 158   1   1   2   1  23   1   1   1   1 VWL   6  85   5 594   4   0
Pudel1 158   1   1   2   1  23   1   1   1   1 VWL   6  86   1 581   1   1
Pudel1 158   1   1   2   1  23   1   1   1   1 VWL   6  87   5 821   5   1
Pudel1 158   1   1   2   1  23   1   1   1   1 VWL   6  88   3 651   3   1
Pudel1 158   1   1   2   1  23   1   1   1   1 VWL   6  89   1 604   1   1
Pudel1 158   1   1   2   1  23   1   1   1   1 VWL   6  90   4 931   4   1
Pudel1 158   1   1   2   1  23   1   1   1   1 VWL   6  91   5 674   5   1
Pudel1 158   1   1   2   1  23   1   1   1   1 VWL   6  92   6 573   6   1
Pudel1 158   1   1   2   1  23   1   1   1   1 VWL   6  93   3 1055   3   1
Pudel1 158   1   1   2   1  23   1   1   1   1 VWL   6  94   1 573   1   1
Pudel1 158   1   1   2   1  23   1   1   1   1 VWL   6  95   2 545   2   1
Pudel1 158   1   1   2   1  23   1   1   1   1 VWL   6  96   3 618   3   1
Pudel1 158   1   1   2   1  23   1   1   1   1 VWL   6  97   1 677   1   1
Pudel1 158   1   1   2   1  23   1   1   1   1 VWL   6  98   4 623   4   1
Pudel1 158   1   1   2   1  23   1   1   1   1 VWL   6  99   2 587   2   1
Pudel1 158   1   1   2   1  23   1   1   1   1 VWL   6 100   1 591   1   1
Pudel1 158   1   1   2   1  23   1   1   1   1 VWL   6 101   3 864   3   1
Pudel1 158   1   1   2   1  23   1   1   1   1 VWL   6 102   6 741   6   1
Pudel1 158   1   1   2   1  23   1   1   1   1 VWL   6 103   5 579   5   1
Pudel1 158   1   1   2   1  23   1   1   1   1 VWL   6 104   3 741   3   1
Pudel1 158   1   1   2   1  23   1   1   1   1 VWL   6 105   4 874   4   1
Pudel1 158   1   1   2   1  23   1   1   1   1 VWL   6 106   1 679   1   1
Pudel1 158   1   1   2   1  23   1   1   1   1 VWL   6 107   2 548   2   1
Pudel1 158   1   1   2   1  23   1   1   1   1 VWL   6 108   3 558   3   1
Pudel1 158   1   1   2   1  23   1   1   1   1 VWL   6 109   6 578   6   1
Pudel1 158   1   1   2   1  23   1   1   1   1 VWL   6 110   5 694   5   1
Pudel1 158   1   1   2   1  23   1   1   1   1 VWL   6 111   3 1041   3   1
Pudel1 158   1   1   2   1  23   1   1   1   1 VWL   6 112   1 506   1   1
Pudel1 158   1   1   2   1  23   1   1   1   1 VWL   6 113   4 797   4   1
Pudel1 158   1   1   2   1  23   1   1   1   1 VWL   6 114   5 679   5   1
Pudel1 158   1   1   2   1  23   1   1   1   1 VWL   6 115   3 820   3   1
Pudel1 158   1   1   2   1  23   1   1   1   1 VWL   6 116   1 615   1   1
Pudel1 158   1   1   2   1  23   1   1   1   1 VWL   6 117   6 668   6   1
Pudel1 158   1   1   2   1  23   1   1   1   1 VWL   6 118   2 722   2   1
Pudel1 158   1   1   2   1  23   1   1   1   1 VWL   6 119   1 665   1   1
Pudel1 158   1   1   2   1  23   1   1   1   1 VWL   6 120   3 852   3   1
Pudel1 158   1   1   2   1  23   1   1   1   1 VWL   6 121   2 559   2   1
Pudel1 158   1   1   2   1  23   1   1   1   1 VWL   6 122   4 1140   4   1
Pudel1 158   1   1   2   1  23   1   1   1   1 VWL   6 123   5 526   5   1
Pudel1 158   1   1   2   1  23   1   1   1   1 VWL   6 124   3 807   3   1
Pudel1 158   1   1   2   1  23   1   1   1   1 VWL   6 125   1 621   1   1
Pudel1 158   1   1   2   1  23   1   1   1   1 VWL   6 126   6 637   6   1
Pudel1 158   1   1   2   1  23   1   1   1   1 VWL   6 127   3 935   3   1
Pudel1 158   1   1   2   1  23   1   1   1   1 VWL   6 128   1 581   1   1
Pudel1 158   1   1   2   1  23   1   1   1   1 VWL   6 129   4 839   4   1
Pudel1 158   1   1   2   1  23   1   1   1   1 VWL   6 130   2 654   2   1
Pudel1 158   1   1   2   1  23   1   1   1   1 VWL   6 131   1 530   1   1
Pudel1 158   1   1   2   1  23   1   1   1   1 VWL   6 132   6 614   6   1
Pudel1 158   1   1   2   1  23   1   1   1   1 VWL   6 133   3 722   3   1
Pudel1 158   1   1   2   1  23   1   1   1   1 VWL   6 134   5 638   5   1
Pudel1 158   1   1   2   1  23   1   1   1   1 VWL   6 135   1 559   1   1
Pudel1 158   1   1   2   1  23   1   1   1   1 VWL   6 136   3 565   3   1
Pudel1 158   1   1   2   1  23   1   1   1   1 VWL   6 137   4 1136   4   1
Pudel1 158   1   1   2   1  23   1   1   1   1 VWL   6 138   1 807   1   1
Pudel1 158   1   1   2   1  23   1   1   1   1 VWL   6 139   3 708   3   1
Pudel1 158   1   1   2   1  23   1   1   1   1 VWL   6 140   6 738   6   1
Pudel1 158   1   1   2   1  23   1   1   1   1 VWL   6 141   2 670   2   1
Pudel1 158   1   1   2   1  23   1   1   1   1 VWL   6 142   1 509   1   1
Pudel1 158   1   1   2   1  23   1   1   1   1 VWL   6 143   5 755   5   1
Pudel1 158   1   1   2   1  23   1   1   1   1 VWL   6 144   3 871   3   1
Pudel1 158   1   1   2   1  23   1   1   1   1 VWL   7   1   1   4 1441   0   4   3   5   1   2   6   4
Pudel1 158   1   1   2   1  23   1   1   1   1 VWL   7   2   1   6 542   0   4   3   5   1   2   6   5
Pudel1 158   1   1   2   1  23   1   1   1   1 VWL   7   3   1   2 812   0   3   1   2   4   3   5   4
Pudel1 158   1   1   2   1  23   1   1   1   1 VWL   7   4   1   5 1020   0   1   2   6   1   3   4   3
Pudel1 158   1   1   2   1  23   1   1   1   1 VWL   7   5   1   1 1412   0   2   4   3   5   1   2   3
Pudel1 158   1   1   2   1  23   1   1   1   1 VWL   7   6   1   3 403   0   3   5   1   2   6   1   4
Pudel1 158   1   1   2   1  23   1   1   1   1 VWL   7   7   1   6 1232   0   6   3   1   2   4   3   4
Pudel1 158   1   1   2   1  23   1   1   1   1 VWL   7   8   1   2 1273   0   4   3   5   1   2   6   4
Pudel1 158   1   1   2   1  23   1   1   1   1 VWL   7   9   1   6 752   0   3   1   2   4   3   5   4
Pudel1 158   1   1   2   1  23   1   1   1   1 VWL   7  10   1   5 523   0   6   3   1   2   4   3   5
Pudel1 158   1   1   2   1  23   1   1   1   1 VWL   7  11   1   1 1072   0   6   3   1   2   4   3   3
Pudel1 158   1   1   2   1  23   1   1   1   1 VWL   7  12   1   3 452   0   6   3   1   2   4   3   5
Pudel1 158   1   1   2   1  23   1   1   1   1 VWL   7  13   1   6 492   0   5   1   2   6   1   3   3
Pudel1 158   1   1   2   1  23   1   1   1   1 VWL   7  14   1   2 1032   0   1   2   4   3   5   1   5
Pudel1 158   1   1   2   1  23   1   1   1   1 VWL   7  15   1   6 523   0   1   2   6   1   3   4   3
Pudel1 158   1   1   2   1  23   1   1   1   1 VWL   7  16   1   5 462   0   5   1   2   6   1   3   4
Pudel1 158   1   1   2   1  23   1   1   1   1 VWL   7  17   1   1 1012   0   5   1   2   6   1   3   4
Pudel1 158   1   1   2   1  23   1   1   1   1 VWL   7  18   1   3 422   0   3   1   2   4   3   5   5
Pudel1 158   1   1   2   1  23   1   1   1   1 VWL   7  19   1   6 353   0   4   3   5   1   2   6   4
Pudel1 158   1   1   2   1  23   1   1   1   1 VWL   7  20   1   5 1022   0   5   1   2   6   1   3   4
Pudel1 158   1   1   2   1  23   1   1   1   1 VWL   7  21   1   1 562   0   6   3   1   2   4   3   5
Pudel1 158   1   1   2   1  23   1   1   1   1 VWL   7  22   1   2 482   0   2   4   3   5   1   2   5
Pudel1 158   1   1   2   1  23   1   1   1   1 VWL   7  23   1   6 463   0   4   3   5   1   2   6   3
Pudel1 158   1   1   2   1  23   1   1   1   1 VWL   7  24   1   3 562   0   1   2   6   1   3   4   5
Pudel1 158   1   1   2   1  23   1   1   1   1 VWL   7  25   1   4 453   0   2   4   3   5   1   2   4
Pudel1 158   1   1   2   1  23   1   1   1   1 VWL   7  26   1   1 1262   0   6   3   1   2   4   3   4
Pudel1 158   1   1   2   1  23   1   1   1   1 VWL   7  27   1   3 993   0   3   1   2   4   3   5   3
Pudel1 158   1   1   2   1  23   1   1   1   1 VWL   7  28   1   6 382   0   1   2   4   3   5   1   5
Pudel1 158   1   1   2   1  23   1   1   1   1 VWL   7  29   1   2 1273   0   1   2   4   3   5   1   3
Pudel1 158   1   1   2   1  23   1   1   1   1 VWL   7  30   1   5 932   0   2   4   3   5   1   2   5
Pudel1 158   1   1   2   1  23   1   1   1   1 VWL   7  31   1   4 363   0   6   3   1   2   4   3   4
Pudel1 158   1   1   2   1  23   1   1   1   1 VWL   7  32   1   1 672   0   3   1   2   4   3   5   5
Pudel1 158   1   1   2   1  23   1   1   1   1 VWL   7  33   1   3 483   0   4   3   5   1   2   6   5
Pudel1 158   1   1   2   1  23   1   1   1   1 VWL   7  34   1   6 322   0   3   1   2   4   3   5   5
Pudel1 158   1   1   2   1  23   1   1   1   1 VWL   7  35   1   2 523   0   1   2   6   1   3   4   4
Pudel1 158   1   1   2   1  23   1   1   1   1 VWL   7  36   1   5 872   0   4   3   5   1   2   6   5
Pudel1 158   1   1   2   1  23   1   1   1   1 VWL   7  37   1   4 513   0   1   2   6   1   3   4   5
Pudel1 158   1   1   2   1  23   1   1   1   1 VWL   7  38   1   1 528   0   3   5   1   2   6   1   5
Pudel1 158   1   1   2   1  23   1   1   1   1 VWL   7  39   1   3 422   0   3   5   1   2   6   1   3
Pudel1 158   1   1   2   1  23   1   1   1   1 VWL   7  40   1   6 342   0   6   3   1   2   4   3   5
Pudel1 158   1   1   2   1  23   1   1   1   1 VWL   7  41   1   2 982   0   5   1   2   6   1   3   3
Pudel1 158   1   1   2   1  23   1   1   1   1 VWL   7  42   1   5 703   0   2   4   3   5   1   2   4
Pudel1 158   1   1   2   1  23   1   1   1   1 VWL   7  43   1   4 553   0   3   5   1   2   6   1   4
Pudel1 158   1   1   2   1  23   1   1   1   1 VWL   7  44   1   1 722   0   3   1   2   4   3   5   4
Pudel1 158   1   1   2   1  23   1   1   1   1 VWL   7  45   1   3 243   0   3   1   2   4   3   5   3
Pudel1 158   1   1   2   1  23   1   1   1   1 VWL   7  46   1   6 362   0   6   3   1   2   4   3   3
Pudel1 158   1   1   2   1  23   1   1   1   1 VWL   7  47   1   2 683   0   6   3   1   2   4   3   3
Pudel1 158   1   1   2   1  23   1   1   1   1 VWL   7  48   1   6 632   0   1   2   6   1   3   4   3
Pudel1 158   1   1   2   1  23   1   1   1   1 VWL   7  49   1   5 429   0   3   1   2   4   3   5   3
Pudel1 158   1   1   2   1  23   1   1   1   1 VWL   7  50   1   4 582   0   4   3   5   1   2   6   3
Pudel1 158   1   1   2   1  23   1   1   1   1 VWL   7  51   1   1 683   0   3   5   1   2   6   1   4
Pudel1 158   1   1   2   1  23   1   1   1   1 VWL   7  52   1   3 322   0   1   2   4   3   5   1   5
Pudel1 158   1   1   2   1  23   1   1   1   1 VWL   7  53   1   6 302   0   2   4   3   5   1   2   3
Pudel1 158   1   1   2   1  23   1   1   1   1 VWL   7  54   1   2 592   0   2   4   3   5   1   2   3
Pudel1 158   1   1   2   1  23   1   1   1   1 VWL   7  55   1   6 653   0   1   2   4   3   5   1   3
Pudel1 158   1   1   2   1  23   1   1   1   1 VWL   7  56   1   5 932   0   5   1   2   6   1   3   4
Pudel1 158   1   1   2   1  23   1   1   1   1 VWL   7  57   1   4 383   0   2   4   3   5   1   2   4
Pudel1 158   1   1   2   1  23   1   1   1   1 VWL   7  58   1   1 352   0   5   1   2   6   1   3   3
Pudel1 158   1   1   2   1  23   1   1   1   1 VWL   7  59   1   3 653   0   1   2   4   3   5   1   5
Pudel1 158   1   1   2   1  23   1   1   1   1 VWL   7  60   1   6 376   0   3   1   2   4   3   5   4
Pudel1 158   1   1   2   1  23   1   1   1   1 VWL   7  61   1   2 682   0   1   2   6   1   3   4   3
Pudel1 158   1   1   2   1  23   1   1   1   1 VWL   7  62   1   6 1373   0   6   3   1   2   4   3   5
Pudel1 158   1   1   2   1  23   1   1   1   1 VWL   7  63   1   5 443   0   5   1   2   6   1   3   5
Pudel1 158   1   1   2   1  23   1   1   1   1 VWL   7  64   1   4 212   0   2   4   3   5   1   2   5
Pudel1 158   1   1   2   1  23   1   1   1   1 VWL   7  65   1   1 402   0   1   2   4   3   5   1   3
Pudel1 158   1   1   2   1  23   1   1   1   1 VWL   7  66   1   3 943   0   6   3   1   2   4   3   4
Pudel1 158   1   1   2   1  23   1   1   1   1 VWL   7  67   1   6 352   0   1   2   6   1   3   4   3
Pudel1 158   1   1   2   1  23   1   1   1   1 VWL   7  68   1   5 1022   0   3   5   1   2   6   1   3
Pudel1 158   1   1   2   1  23   1   1   1   1 VWL   7  69   1   1 912   0   1   2   4   3   5   1   4
Pudel1 158   1   1   2   1  23   1   1   1   1 VWL   7  70   1   2 282   0   3   5   1   2   6   1   5
Pudel1 158   1   1   2   1  23   1   1   1   1 VWL   7  71   1   3 653   0   4   3   5   1   2   6   5
Pudel1 158   1   1   2   1  23   1   1   1   1 VWL   7  72   1   3 582   0   5   1   2   6   1   3   5
Pudel1 158   1   1   2   1  23   1   1   1   1 VWL   7  73   1   6 1171   0   1   2   4   3   5   1   5
Pudel1 158   1   1   2   1  23   1   1   1   1 VWL   7  74   1   5 282   0   5   1   2   6   1   3   5
Pudel1 158   1   1   2   1  23   1   1   1   1 VWL   7  75   1   1 943   0   1   2   6   1   3   4   5
Pudel1 158   1   1   2   1  23   1   1   1   1 VWL   7  76   1   3 472   0   4   3   5   1   2   6   3
Pudel1 158   1   1   2   1  23   1   1   1   1 VWL   7  77   1   6 342   0   1   2   6   1   3   4   4
Pudel1 158   1   1   2   1  23   1   1   1   1 VWL   7  78   1   4 572   0   4   3   5   1   2   6   3
Pudel1 158   1   1   2   1  23   1   1   1   1 VWL   7  79   1   5 292   0   1   2   4   3   5   1   3
Pudel1 158   1   1   2   1  23   1   1   1   1 VWL   7  80   1   2 663   0   2   4   3   5   1   2   4
Pudel1 158   1   1   2   1  23   1   1   1   1 VWL   7  81   1   1 932   0   3   5   1   2   6   1   5
Pudel1 158   1   1   2   1  23   1   1   1   1 VWL   7  82   1   3 572   0   1   2   4   3   5   1   4
Pudel1 158   1   1   2   1  23   1   1   1   1 VWL   7  83   1   6 782   0   2   4   3   5   1   2   4
Pudel1 158   1   1   2   1  23   1   1   1   1 VWL   7  84   1   4 393   0   3   1   2   4   3   5   5
Pudel1 158   1   1   2   1  23   1   1   1   1 VWL   7  85   1   5 312   0   6   3   1   2   4   3   3
Pudel1 158   1   1   2   1  23   1   1   1   1 VWL   7  86   1   2 572   0   3   5   1   2   6   1   5
Pudel1 158   1   1   2   1  23   1   1   1   1 VWL   7  87   1   1 492   0   1   2   4   3   5   1   4
Pudel1 158   1   1   2   1  23   1   1   1   1 VWL   7  88   1   3 362   0   2   4   3   5   1   2   5
Pudel1 158   1   1   2   1  23   1   1   1   1 VWL   7  89   1   6 353   0   3   1   2   4   3   5   3
Pudel1 158   1   1   2   1  23   1   1   1   1 VWL   7  90   1   4 322   0   3   1   2   4   3   5   3
Pudel1 158   1   1   2   1  23   1   1   1   1 VWL   7  91   1   2 622   0   2   4   3   5   1   2   3
Pudel1 158   1   1   2   1  23   1   1   1   1 VWL   7  92   1   5 312   0   2   4   3   5   1   2   5
Pudel1 158   1   1   2   1  23   1   1   1   1 VWL   7  93   1   1 463   0   1   2   4   3   5   1   3
Pudel1 158   1   1   2   1  23   1   1   1   1 VWL   7  94   1   3 672   0   5   1   2   6   1   3   4
Pudel1 158   1   1   2   1  23   1   1   1   1 VWL   7  95   1   6 693   0   2   4   3   5   1   2   3
Pudel1 158   1   1   2   1  23   1   1   1   1 VWL   7  96   1   4 492   0   3   5   1   2   6   1   4
Pudel1 158   1   1   2   1  23   1   1   1   1 VWL   7  97   1   2 622   0   5   1   2   6   1   3   5
Pudel1 158   1   1   2   1  23   1   1   1   1 VWL   7  98   1   5 823   0   3   1   2   4   3   5   5
Pudel1 158   1   1   2   1  23   1   1   1   1 VWL   7  99   1   1 633   0   3   5   1   2   6   1   5
Pudel1 158   1   1   2   1  23   1   1   1   1 VWL   7 100   1   3 362   0   5   1   2   6   1   3   5
Pudel1 158   1   1   2   1  23   1   1   1   1 VWL   7 101   1   6 302   0   3   5   1   2   6   1   3
Pudel1 158   1   1   2   1  23   1   1   1   1 VWL   7 102   1   5 403   0   6   3   1   2   4   3   4
Pudel1 158   1   1   2   1  23   1   1   1   1 VWL   7 103   1   2 743   0   1   2   6   1   3   4   4
Pudel1 158   1   1   2   1  23   1   1   1   1 VWL   7 104   1   4 252   0   1   2   6   1   3   4   4
Pudel1 158   1   1   2   1  23   1   1   1   1 VWL   7 105   1   1 452   0   1   2   6   1   3   4   4
Pudel1 158   1   1   2   1  23   1   1   1   1 VWL   7 106   1   3 443   0   3   5   1   2   6   1   3
Pudel1 158   1   1   2   1  23   1   1   1   1 VWL   7 107   1   6 362   0   1   2   4   3   5   1   4
Pudel1 158   1   1   2   1  23   1   1   1   1 VWL   7 108   1   4 812   0   3   5   1   2   6   1   3
Pudel1 158   1   1   2   1  23   1   1   1   1 VWL   7 109   1   2 772   0   1   2   4   3   5   1   4
Pudel1 158   1   1   2   1  23   1   1   1   1 VWL   7 110   1   5 433   0   1   2   6   1   3   4   5
Pudel1 158   1   1   2   1  23   1   1   1   1 VWL   7 111   1   1 622   0   3   5   1   2   6   1   4
Pudel1 158   1   1   2   1  23   1   1   1   1 VWL   7 112   1   3 242   0   4   3   5   1   2   6   4
Pudel1 158   1   1   2   1  23   1   1   1   1 VWL   7 113   1   6 492   0   4   3   5   1   2   6   3
Pudel1 158   1   1   2   1  23   1   1   1   1 VWL   7 114   1   4 323   0   5   1   2   6   1   3   3
Pudel1 158   1   1   2   1  23   1   1   1   1 VWL   7 115   1   5 462   0   5   1   2   6   1   3   3
Pudel1 158   1   1   2   1  23   1   1   1   1 VWL   7 116   1   2 623   0   4   3   5   1   2   6   4
Pudel1 158   1   1   2   1  23   1   1   1   1 VWL   7 117   1   1 432   0   3   1   2   4   3   5   4
Pudel1 158   1   1   2   1  23   1   1   1   1 VWL   7 118   1   2 263   0   1   2   6   1   3   4   5
Pudel1 158   1   1   2   1  23   1   1   1   1 VWL   7 119   1   3 862   0   4   3   5   1   2   6   5
Pudel1 158   1   1   2   1  23   1   1   1   1 VWL   7 120   1   3 452   0   6   3   1   2   4   3   3
Pudel1 158   1   1   2   1  23   1   1   1   1 VWL   8   1   1   6 4762   0   4   3   5   1   2   6   4
Pudel1 158   1   1   2   1  23   1   1   1   1 VWL   8   2   1   5 632   0   4   3   5   1   2   6   5
Pudel1 158   1   1   2   1  23   1   1   1   1 VWL   8   3   1   4 453   0   3   1   2   4   3   5   4
Pudel1 158   1   1   2   1  23   1   1   1   1 VWL   8   4   1   2 1362   0   1   2   6   1   3   4   3
Pudel1 158   1   1   2   1  23   1   1   1   1 VWL   8   5   1   5 1122   0   2   4   3   5   1   2   3
Pudel1 158   1   1   2   1  23   1   1   1   1 VWL   8   6   1   4 412   0   3   5   1   2   6   1   4
Pudel1 158   1   1   2   1  23   1   1   1   1 VWL   8   7   1   6 362   0   6   3   1   2   4   3   4
Pudel1 158   1   1   2   1  23   1   1   1   1 VWL   8   8   1   3 503   0   4   3   5   1   2   6   4
Pudel1 158   1   1   2   1  23   1   1   1   1 VWL   8   9   1   1 372   0   3   1   2   4   3   5   4
Pudel1 158   1   1   2   1  23   1   1   1   1 VWL   8  10   1   2 322   0   6   3   1   2   4   3   5
Pudel1 158   1   1   2   1  23   1   1   1   1 VWL   8  11   1   3 362   0   6   3   1   2   4   3   3
Pudel1 158   1   1   2   1  23   1   1   1   1 VWL   8  12   1   5 423   0   6   3   1   2   4   3   5
Pudel1 158   1   1   2   1  23   1   1   1   1 VWL   8  13   1   4 392   0   5   1   2   6   1   3   3
Pudel1 158   1   1   2   1  23   1   1   1   1 VWL   8  14   1   6 432   0   1   2   4   3   5   1   5
Pudel1 158   1   1   2   1  23   1   1   1   1 VWL   8  15   1   2 372   0   1   2   6   1   3   4   3
Pudel1 158   1   1   2   1  23   1   1   1   1 VWL   8  16   1   5 342   0   5   1   2   6   1   3   4
Pudel1 158   1   1   2   1  23   1   1   1   1 VWL   8  17   1   3 323   0   5   1   2   6   1   3   4
Pudel1 158   1   1   2   1  23   1   1   1   1 VWL   8  18   1   4 363   0   3   1   2   4   3   5   5
Pudel1 158   1   1   2   1  23   1   1   1   1 VWL   8  19   1   5 312   0   4   3   5   1   2   6   4
Pudel1 158   1   1   2   1  23   1   1   1   1 VWL   8  20   1   6 362   0   5   1   2   6   1   3   4
Pudel1 158   1   1   2   1  23   1   1   1   1 VWL   8  21   1   1 293   0   6   3   1   2   4   3   5
Pudel1 158   1   1   2   1  23   1   1   1   1 VWL   8  22   1   2 242   0   2   4   3   5   1   2   5
Pudel1 158   1   1   2   1  23   1   1   1   1 VWL   8  23   1   5 262   0   4   3   5   1   2   6   3
Pudel1 158   1   1   2   1  23   1   1   1   1 VWL   8  24   1   4 312   0   1   2   6   1   3   4   5
Pudel1 158   1   1   2   1  23   1   1   1   1 VWL   8  25   1   2 493   0   2   4   3   5   1   2   4
Pudel1 158   1   1   2   1  23   1   1   1   1 VWL   8  26   1   5 422   0   6   3   1   2   4   3   4
Pudel1 158   1   1   2   1  23   1   1   1   1 VWL   8  27   1   2 232   0   3   1   2   4   3   5   3
Pudel1 158   1   1   2   1  23   1   1   1   1 VWL   8  28   1   6 642   0   1   2   4   3   5   1   5
Pudel1 158   1   1   2   1  23   1   1   1   1 VWL   8  29   1   2 312   0   1   2   4   3   5   1   3
Pudel1 158   1   1   2   1  23   1   1   1   1 VWL   8  30   1   5 274   0   2   4   3   5   1   2   5
Pudel1 158   1   1   2   1  23   1   1   1   1 VWL   8  31   1   3 352   0   6   3   1   2   4   3   4
Pudel1 158   1   1   2   1  23   1   1   1   1 VWL   8  32   1   4 242   0   3   1   2   4   3   5   5
Pudel1 158   1   1   2   1  23   1   1   1   1 VWL   8  33   1   2 282   0   4   3   5   1   2   6   5
Pudel1 158   1   1   2   1  23   1   1   1   1 VWL   8  34   1   1 303   0   3   1   2   4   3   5   5
Pudel1 158   1   1   2   1  23   1   1   1   1 VWL   8  35   1   6 252   0   1   2   6   1   3   4   4
Pudel1 158   1   1   2   1  23   1   1   1   1 VWL   8  36   1   2 252   0   4   3   5   1   2   6   5
Pudel1 158   1   1   2   1  23   1   1   1   1 VWL   8  37   1   5 212   0   1   2   6   1   3   4   5
Pudel1 158   1   1   2   1  23   1   1   1   1 VWL   8  38   1   3 312   0   3   5   1   2   6   1   5
Pudel1 158   1   1   2   1  23   1   1   1   1 VWL   8  39   1   4 293   0   3   5   1   2   6   1   3
Pudel1 158   1   1   2   1  23   1   1   1   1 VWL   8  40   1   5 262   0   6   3   1   2   4   3   5
Pudel1 158   1   1   2   1  23   1   1   1   1 VWL   8  41   1   1 562   0   5   1   2   6   1   3   3
Pudel1 158   1   1   2   1  23   1   1   1   1 VWL   8  42   1   5 212   0   2   4   3   5   1   2   4
Pudel1 158   1   1   2   1  23   1   1   1   1 VWL   8  43   1   2 263   0   3   5   1   2   6   1   4
Pudel1 158   1   1   2   1  23   1   1   1   1 VWL   8  44   1   6 203   0   3   1   2   4   3   5   4
Pudel1 158   1   1   2   1  23   1   1   1   1 VWL   8  45   1   1 223   0   3   1   2   4   3   5   3
Pudel1 158   1   1   2   1  23   1   1   1   1 VWL   8  46   1   2 252   0   6   3   1   2   4   3   3
Pudel1 158   1   1   2   1  23   1   1   1   1 VWL   8  47   1   5 243   0   6   3   1   2   4   3   3
Pudel1 158   1   1   2   1  23   1   1   1   1 VWL   8  48   1   4 282   0   1   2   6   1   3   4   3
Pudel1 158   1   1   2   1  23   1   1   1   1 VWL   8  49   1   2 242   0   3   1   2   4   3   5   3
Pudel1 158   1   1   2   1  23   1   1   1   1 VWL   8  50   1   5 242   0   4   3   5   1   2   6   3
Pudel1 158   1   1   2   1  23   1   1   1   1 VWL   8  51   1   6  43   0   3   5   1   2   6   1   4
Pudel1 158   1   1   2   1  23   1   1   1   1 VWL   8  52   1   2 273   0   1   2   4   3   5   1   5
Pudel1 158   1   1   2   1  23   1   1   1   1 VWL   8  53   1   1 842   0   2   4   3   5   1   2   3
Pudel1 158   1   1   2   1  23   1   1   1   1 VWL   8  54   1   2 192   0   2   4   3   5   1   2   3
Pudel1 158   1   1   2   1  23   1   1   1   1 VWL   8  55   1   4 413   0   1   2   4   3   5   1   3
Pudel1 158   1   1   2   1  23   1   1   1   1 VWL   8  56   1   6 452   0   5   1   2   6   1   3   4
Pudel1 158   1   1   2   1  23   1   1   1   1 VWL   8  57   1   1 212   0   2   4   3   5   1   2   4
Pudel1 158   1   1   2   1  23   1   1   1   1 VWL   8  58   1   2 332   0   5   1   2   6   1   3   3
Pudel1 158   1   1   2   1  23   1   1   1   1 VWL   8  59   1   4 322   0   1   2   4   3   5   1   5
Pudel1 158   1   1   2   1  23   1   1   1   1 VWL   8  60   1   1 363   0   3   1   2   4   3   5   4
Pudel1 158   1   1   2   1  23   1   1   1   1 VWL   8  61   1   4 972   0   1   2   6   1   3   4   3
Pudel1 158   1   1   2   1  23   1   1   1   1 VWL   8  62   1   6 572   0   6   3   1   2   4   3   5
Pudel1 158   1   1   2   1  23   1   1   1   1 VWL   8  63   1   4 312   0   5   1   2   6   1   3   5
Pudel1 158   1   1   2   1  23   1   1   1   1 VWL   8  64   1   5 253   0   2   4   3   5   1   2   5
Pudel1 158   1   1   2   1  23   1   1   1   1 VWL   8  65   1   2 732   0   1   2   4   3   5   1   3
Pudel1 158   1   1   2   1  23   1   1   1   1 VWL   8  66   1   3 392   0   6   3   1   2   4   3   4
Pudel1 158   1   1   2   1  23   1   1   1   1 VWL   8  67   1   1 348   0   1   2   6   1   3   4   3
Pudel1 158   1   1   2   1  23   1   1   1   1 VWL   8  68   1   6 472   0   3   5   1   2   6   1   3
Pudel1 158   1   1   2   1  23   1   1   1   1 VWL   8  69   1   2 322   0   1   2   4   3   5   1   4
Pudel1 158   1   1   2   1  23   1   1   1   1 VWL   8  70   1   4 402   0   3   5   1   2   6   1   5
Pudel1 158   1   1   2   1  23   1   1   1   1 VWL   8  71   1   5 263   0   4   3   5   1   2   6   5
Pudel1 158   1   1   2   1  23   1   1   1   1 VWL   8  72   1   6 312   0   5   1   2   6   1   3   5
Pudel1 158   1   1   2   1  23   1   1   1   1 VWL   8  73   1   1 252   0   1   2   4   3   5   1   5
Pudel1 158   1   1   2   1  23   1   1   1   1 VWL   8  74   1   2 292   0   5   1   2   6   1   3   5
Pudel1 158   1   1   2   1  23   1   1   1   1 VWL   8  75   1   4 343   0   1   2   6   1   3   4   5
Pudel1 158   1   1   2   1  23   1   1   1   1 VWL   8  76   1   6 312   0   4   3   5   1   2   6   3
Pudel1 158   1   1   2   1  23   1   1   1   1 VWL   8  77   1   1 932   0   1   2   6   1   3   4   4
Pudel1 158   1   1   2   1  23   1   1   1   1 VWL   8  78   1   2 752   0   4   3   5   1   2   6   3
Pudel1 158   1   1   2   1  23   1   1   1   1 VWL   8  79   1   5 453   0   1   2   4   3   5   1   3
Pudel1 158   1   1   2   1  23   1   1   1   1 VWL   8  80   1   4 1093   0   2   4   3   5   1   2   4
Pudel1 158   1   1   2   1  23   1   1   1   1 VWL   8  81   1   6 532   0   3   5   1   2   6   1   5
Pudel1 158   1   1   2   1  23   1   1   1   1 VWL   8  82   1   4 362   0   1   2   4   3   5   1   4
Pudel1 158   1   1   2   1  23   1   1   1   1 VWL   8  83   1   5 242   0   2   4   3   5   1   2   4
Pudel1 158   1   1   2   1  23   1   1   1   1 VWL   8  84   1   4 483   0   3   1   2   4   3   5   5
Pudel1 158   1   1   2   1  23   1   1   1   1 VWL   8  85   1   2 642   0   6   3   1   2   4   3   3
Pudel1 158   1   1   2   1  23   1   1   1   1 VWL   8  86   1   3 402   0   3   5   1   2   6   1   5
Pudel1 158   1   1   2   1  23   1   1   1   1 VWL   8  87   1   6 722   0   1   2   4   3   5   1   4
Pudel1 158   1   1   2   1  23   1   1   1   1 VWL   8  88   1   3 192   0   2   4   3   5   1   2   5
Pudel1 158   1   1   2   1  23   1   1   1   1 VWL   8  89   1   5 312   0   3   1   2   4   3   5   3
Pudel1 158   1   1   2   1  23   1   1   1   1 VWL   8  90   1   1 382   0   3   1   2   4   3   5   3
Pudel1 158   1   1   2   1  23   1   1   1   1 VWL   8  91   1   4 302   0   2   4   3   5   1   2   3
Pudel1 158   1   1   2   1  23   1   1   1   1 VWL   8  92   1   2 323   0   2   4   3   5   1   2   5
Pudel1 158   1   1   2   1  23   1   1   1   1 VWL   8  93   1   6 452   0   1   2   4   3   5   1   3
Pudel1 158   1   1   2   1  23   1   1   1   1 VWL   8  94   1   1 222   0   5   1   2   6   1   3   4
Pudel1 158   1   1   2   1  23   1   1   1   1 VWL   8  95   1   2 282   0   2   4   3   5   1   2   3
Pudel1 158   1   1   2   1  23   1   1   1   1 VWL   8  96   1   5 262   0   3   5   1   2   6   1   4
Pudel1 158   1   1   2   1  23   1   1   1   1 VWL   8  97   1   4 243   0   5   1   2   6   1   3   5
Pudel1 158   1   1   2   1  23   1   1   1   1 VWL   8  98   1   2 332   0   3   1   2   4   3   5   5
Pudel1 158   1   1   2   1  23   1   1   1   1 VWL   8  99   1   6 382   0   3   5   1   2   6   1   5
Pudel1 158   1   1   2   1  23   1   1   1   1 VWL   8 100   1   1 232   0   5   1   2   6   1   3   5
Pudel1 158   1   1   2   1  23   1   1   1   1 VWL   8 101   1   2 373   0   3   5   1   2   6   1   3
Pudel1 158   1   1   2   1  23   1   1   1   1 VWL   8 102   1   3 422   0   6   3   1   2   4   3   4
Pudel1 158   1   1   2   1  23   1   1   1   1 VWL   8 103   1   4 232   0   1   2   6   1   3   4   4
Pudel1 158   1   1   2   1  23   1   1   1   1 VWL   8 104   1   6 362   0   1   2   6   1   3   4   4
Pudel1 158   1   1   2   1  23   1   1   1   1 VWL   8 105   1   1 222   0   1   2   6   1   3   4   4
Pudel1 158   1   1   2   1  23   1   1   1   1 VWL   8 106   1   2 213   0   3   5   1   2   6   1   3
Pudel1 158   1   1   2   1  23   1   1   1   1 VWL   8 107   1   4 812   0   1   2   4   3   5   1   4
Pudel1 158   1   1   2   1  23   1   1   1   1 VWL   8 108   1   1 882   0   3   5   1   2   6   1   3
Pudel1 158   1   1   2   1  23   1   1   1   1 VWL   8 109   1   6 522   0   1   2   4   3   5   1   4
Pudel1 158   1   1   2   1  23   1   1   1   1 VWL   8 110   1   2 213   0   1   2   6   1   3   4   5
Pudel1 158   1   1   2   1  23   1   1   1   1 VWL   8 111   1   5 262   0   3   5   1   2   6   1   4
Pudel1 158   1   1   2   1  23   1   1   1   1 VWL   8 112   1   2 403   0   4   3   5   1   2   6   4
Pudel1 158   1   1   2   1  23   1   1   1   1 VWL   8 113   1   4 442   0   4   3   5   1   2   6   3
Pudel1 158   1   1   2   1  23   1   1   1   1 VWL   8 114   1   2 253   0   5   1   2   6   1   3   3
Pudel1 158   1   1   2   1  23   1   1   1   1 VWL   8 115   1   5 252   0   5   1   2   6   1   3   3
Pudel1 158   1   1   2   1  23   1   1   1   1 VWL   8 116   1   1 472   0   4   3   5   1   2   6   4
Pudel1 158   1   1   2   1  23   1   1   1   1 VWL   8 117   1   2 302   0   3   1   2   4   3   5   4
Pudel1 158   1   1   2   1  23   1   1   1   1 VWL   8 118   1   3 202   0   1   2   6   1   3   4   5
Pudel1 158   1   1   2   1  23   1   1   1   1 VWL   8 119   1   6 313   0   4   3   5   1   2   6   5
Pudel1 158   1   1   2   1  23   1   1   1   1 VWL   8 120   1   3 272   0   6   3   1   2   4   3   3
