Pudel1 165   2   1   1   4  26   1   1   1   1 BWL   1   1   2 848   2   1
Pudel1 165   2   1   1   4  26   1   1   1   1 BWL   1   2   1 722   1   1
Pudel1 165   2   1   1   4  26   1   1   1   1 BWL   1   3   4 822   4   1
Pudel1 165   2   1   1   4  26   1   1   1   1 BWL   1   4   6 692   6   1
Pudel1 165   2   1   1   4  26   1   1   1   1 BWL   1   5   5 664   5   1
Pudel1 165   2   1   1   4  26   1   1   1   1 BWL   1   6   1 720   1   1
Pudel1 165   2   1   1   4  26   1   1   1   1 BWL   1   7   2 664   2   1
Pudel1 165   2   1   1   4  26   1   1   1   1 BWL   1   8   5 910   5   1
Pudel1 165   2   1   1   4  26   1   1   1   1 BWL   1   9   6 648   6   1
Pudel1 165   2   1   1   4  26   1   1   1   1 BWL   1  10   2 807   2   1
Pudel1 165   2   1   1   4  26   1   1   1   1 BWL   1  11   3 636   3   1
Pudel1 165   2   1   1   4  26   1   1   1   1 BWL   1  12   5 693   5   1
Pudel1 165   2   1   1   4  26   1   1   1   1 BWL   1  13   2 706   2   1
Pudel1 165   2   1   1   4  26   1   1   1   1 BWL   1  14   1 735   1   1
Pudel1 165   2   1   1   4  26   1   1   1   1 BWL   1  15   6 722   6   1
Pudel1 165   2   1   1   4  26   1   1   1   1 BWL   1  16   5 650   5   1
Pudel1 165   2   1   1   4  26   1   1   1   1 BWL   1  17   3 807   3   1
Pudel1 165   2   1   1   4  26   1   1   1   1 BWL   1  18   4 765   4   1
Pudel1 165   2   1   1   4  26   1   1   1   1 BWL   1  19   1 764   1   1
Pudel1 165   2   1   1   4  26   1   1   1   1 BWL   1  20   5 1025   5   1
Pudel1 165   2   1   1   4  26   1   1   1   1 BWL   1  21   2 822   2   1
Pudel1 165   2   1   1   4  26   1   1   1   1 BWL   1  22   6 707   6   1
Pudel1 165   2   1   1   4  26   1   1   1   1 BWL   1  23   3 823   3   1
Pudel1 165   2   1   1   4  26   1   1   1   1 BWL   1  24   4 779   4   1
Pudel1 165   2   1   1   4  26   1   1   1   1 BWL   1  25   2 792   2   1
Pudel1 165   2   1   1   4  26   1   1   1   1 BWL   1  26   6 652   6   1
Pudel1 165   2   1   1   4  26   1   1   1   1 BWL   1  27   1 746   1   1
Pudel1 165   2   1   1   4  26   1   1   1   1 BWL   1  28   2 737   2   1
Pudel1 165   2   1   1   4  26   1   1   1   1 BWL   1  29   4 837   4   1
Pudel1 165   2   1   1   4  26   1   1   1   1 BWL   1  30   3 678   3   1
Pudel1 165   2   1   1   4  26   1   1   1   1 BWL   1  31   5 723   5   1
Pudel1 165   2   1   1   4  26   1   1   1   1 BWL   1  32   6 606   6   1
Pudel1 165   2   1   1   4  26   1   1   1   1 BWL   1  33   3 1007   3   1
Pudel1 165   2   1   1   4  26   1   1   1   1 BWL   1  34   4 707   4   1
Pudel1 165   2   1   1   4  26   1   1   1   1 BWL   1  35   6 679   6   1
Pudel1 165   2   1   1   4  26   1   1   1   1 BWL   1  36   2 878   2   1
Pudel1 165   2   1   1   4  26   1   1   1   1 BWL   1  37   1 707   1   1
Pudel1 165   2   1   1   4  26   1   1   1   1 BWL   1  38   6 737   6   1
Pudel1 165   2   1   1   4  26   1   1   1   1 BWL   1  39   2 778   2   1
Pudel1 165   2   1   1   4  26   1   1   1   1 BWL   1  40   1 721   1   1
Pudel1 165   2   1   1   4  26   1   1   1   1 BWL   1  41   5 968   5   1
Pudel1 165   2   1   1   4  26   1   1   1   1 BWL   1  42   2 706   2   1
Pudel1 165   2   1   1   4  26   1   1   1   1 BWL   1  43   6 680   6   1
Pudel1 165   2   1   1   4  26   1   1   1   1 BWL   1  44   1 662   1   1
Pudel1 165   2   1   1   4  26   1   1   1   1 BWL   1  45   3 793   3   1
Pudel1 165   2   1   1   4  26   1   1   1   1 BWL   1  46   2 835   2   1
Pudel1 165   2   1   1   4  26   1   1   1   1 BWL   1  47   5 910   5   1
Pudel1 165   2   1   1   4  26   1   1   1   1 BWL   1  48   6 634   6   1
Pudel1 165   2   1   1   4  26   1   1   1   1 BWL   1  49   1 719   1   1
Pudel1 165   2   1   1   4  26   1   1   1   1 BWL   1  50   2 620   2   1
Pudel1 165   2   1   1   4  26   1   1   1   1 BWL   1  51   5 651   5   1
Pudel1 165   2   1   1   4  26   1   1   1   1 BWL   1  52   3 822   3   1
Pudel1 165   2   1   1   4  26   1   1   1   1 BWL   1  53   2 676   2   1
Pudel1 165   2   1   1   4  26   1   1   1   1 BWL   1  54   6 793   6   1
Pudel1 165   2   1   1   4  26   1   1   1   1 BWL   1  55   1 691   1   1
Pudel1 165   2   1   1   4  26   1   1   1   1 BWL   1  56   3 953   3   1
Pudel1 165   2   1   1   4  26   1   1   1   1 BWL   1  57   6 765   6   1
Pudel1 165   2   1   1   4  26   1   1   1   1 BWL   1  58   4 793   4   1
Pudel1 165   2   1   1   4  26   1   1   1   1 BWL   1  59   5 736   5   1
Pudel1 165   2   1   1   4  26   1   1   1   1 BWL   1  60   3 821   3   1
Pudel1 165   2   1   1   4  26   1   1   1   1 BWL   1  61   1 749   1   1
Pudel1 165   2   1   1   4  26   1   1   1   1 BWL   1  62   6 695   6   1
Pudel1 165   2   1   1   4  26   1   1   1   1 BWL   1  63   4 736   4   1
Pudel1 165   2   1   1   4  26   1   1   1   1 BWL   1  64   3 706   3   1
Pudel1 165   2   1   1   4  26   1   1   1   1 BWL   1  65   2 621   2   1
Pudel1 165   2   1   1   4  26   1   1   1   1 BWL   1  66   6 607   6   1
Pudel1 165   2   1   1   4  26   1   1   1   1 BWL   1  67   4 878   4   1
Pudel1 165   2   1   1   4  26   1   1   1   1 BWL   1  68   5 894   5   1
Pudel1 165   2   1   1   4  26   1   1   1   1 BWL   1  69   3 864   3   1
Pudel1 165   2   1   1   4  26   1   1   1   1 BWL   1  70   2 778   2   1
Pudel1 165   2   1   1   4  26   1   1   1   1 BWL   1  71   5 767   5   1
Pudel1 165   2   1   1   4  26   1   1   1   1 BWL   1  72   1 763   1   1
Pudel1 165   2   1   1   4  26   1   1   1   1 BWL   1  73   2 837   2   1
Pudel1 165   2   1   1   4  26   1   1   1   1 BWL   1  74   5 809   5   1
Pudel1 165   2   1   1   4  26   1   1   1   1 BWL   1  75   3 821   3   1
Pudel1 165   2   1   1   4  26   1   1   1   1 BWL   1  76   6 795   6   1
Pudel1 165   2   1   1   4  26   1   1   1   1 BWL   1  77   1 776   1   1
Pudel1 165   2   1   1   4  26   1   1   1   1 BWL   1  78   2 707   2   1
Pudel1 165   2   1   1   4  26   1   1   1   1 BWL   1  79   5 708   5   1
Pudel1 165   2   1   1   4  26   1   1   1   1 BWL   1  80   3 705   3   1
Pudel1 165   2   1   1   4  26   1   1   1   1 BWL   1  81   4 793   4   1
Pudel1 165   2   1   1   4  26   1   1   1   1 BWL   1  82   2 879   2   1
Pudel1 165   2   1   1   4  26   1   1   1   1 BWL   1  83   6 666   6   1
Pudel1 165   2   1   1   4  26   1   1   1   1 BWL   1  84   3 749   3   1
Pudel1 165   2   1   1   4  26   1   1   1   1 BWL   1  85   4 695   4   1
Pudel1 165   2   1   1   4  26   1   1   1   1 BWL   1  86   2 734   2   1
Pudel1 165   2   1   1   4  26   1   1   1   1 BWL   1  87   5 809   5   1
Pudel1 165   2   1   1   4  26   1   1   1   1 BWL   1  88   1 735   1   1
Pudel1 165   2   1   1   4  26   1   1   1   1 BWL   1  89   3 837   3   1
Pudel1 165   2   1   1   4  26   1   1   1   1 BWL   1  90   6 679   6   1
Pudel1 165   2   1   1   4  26   1   1   1   1 BWL   1  91   5 808   5   1
Pudel1 165   2   1   1   4  26   1   1   1   1 BWL   1  92   2 691   2   1
Pudel1 165   2   1   1   4  26   1   1   1   1 BWL   1  93   1 649   1   1
Pudel1 165   2   1   1   4  26   1   1   1   1 BWL   1  94   4 679   5   0
Pudel1 165   2   1   1   4  26   1   1   1   1 BWL   1  95   6 1801   6   1
Pudel1 165   2   1   1   4  26   1   1   1   1 BWL   1  96   4 894   4   1
Pudel1 165   2   1   1   4  26   1   1   1   1 BWL   1  97   5 751   5   1
Pudel1 165   2   1   1   4  26   1   1   1   1 BWL   1  98   1 922   1   1
Pudel1 165   2   1   1   4  26   1   1   1   1 BWL   1  99   6 866   6   1
Pudel1 165   2   1   1   4  26   1   1   1   1 BWL   1 100   2 1007   2   1
Pudel1 165   2   1   1   4  26   1   1   1   1 BWL   1 101   3 808   3   1
Pudel1 165   2   1   1   4  26   1   1   1   1 BWL   1 102   6 793   6   1
Pudel1 165   2   1   1   4  26   1   1   1   1 BWL   1 103   1 978   1   1
Pudel1 165   2   1   1   4  26   1   1   1   1 BWL   1 104   5 781   5   1
Pudel1 165   2   1   1   4  26   1   1   1   1 BWL   1 105   2 821   2   1
Pudel1 165   2   1   1   4  26   1   1   1   1 BWL   1 106   1 777   1   1
Pudel1 165   2   1   1   4  26   1   1   1   1 BWL   1 107   3 853   3   1
Pudel1 165   2   1   1   4  26   1   1   1   1 BWL   1 108   6 666   6   1
Pudel1 165   2   1   1   4  26   1   1   1   1 BWL   1 109   4 849   4   1
Pudel1 165   2   1   1   4  26   1   1   1   1 BWL   1 110   1 850   1   1
Pudel1 165   2   1   1   4  26   1   1   1   1 BWL   1 111   3 1312   3   1
Pudel1 165   2   1   1   4  26   1   1   1   1 BWL   1 112   2 808   2   1
Pudel1 165   2   1   1   4  26   1   1   1   1 BWL   1 113   1 779   1   1
Pudel1 165   2   1   1   4  26   1   1   1   1 BWL   1 114   6 808   6   1
Pudel1 165   2   1   1   4  26   1   1   1   1 BWL   1 115   3 1050   3   1
Pudel1 165   2   1   1   4  26   1   1   1   1 BWL   1 116   2 866   2   1
Pudel1 165   2   1   1   4  26   1   1   1   1 BWL   1 117   4 823   4   1
Pudel1 165   2   1   1   4  26   1   1   1   1 BWL   1 118   6 606   6   1
Pudel1 165   2   1   1   4  26   1   1   1   1 BWL   1 119   3 865   3   1
Pudel1 165   2   1   1   4  26   1   1   1   1 BWL   1 120   5 809   5   1
Pudel1 165   2   1   1   4  26   1   1   1   1 BWL   1 121   4 749   4   1
Pudel1 165   2   1   1   4  26   1   1   1   1 BWL   1 122   3 794   3   1
Pudel1 165   2   1   1   4  26   1   1   1   1 BWL   1 123   1 662   1   1
Pudel1 165   2   1   1   4  26   1   1   1   1 BWL   1 124   4 781   4   1
Pudel1 165   2   1   1   4  26   1   1   1   1 BWL   1 125   3 806   3   1
Pudel1 165   2   1   1   4  26   1   1   1   1 BWL   1 126   5 766   5   1
Pudel1 165   2   1   1   4  26   1   1   1   1 BWL   1 127   4 720   4   1
Pudel1 165   2   1   1   4  26   1   1   1   1 BWL   1 128   6 621   6   1
Pudel1 165   2   1   1   4  26   1   1   1   1 BWL   1 129   5 635   5   1
Pudel1 165   2   1   1   4  26   1   1   1   1 BWL   1 130   3 806   3   1
Pudel1 165   2   1   1   4  26   1   1   1   1 BWL   1 131   4 750   4   1
Pudel1 165   2   1   1   4  26   1   1   1   1 BWL   1 132   6 593   6   1
Pudel1 165   2   1   1   4  26   1   1   1   1 BWL   1 133   1 791   1   1
Pudel1 165   2   1   1   4  26   1   1   1   1 BWL   1 134   2 707   2   1
Pudel1 165   2   1   1   4  26   1   1   1   1 BWL   1 135   6 695   6   1
Pudel1 165   2   1   1   4  26   1   1   1   1 BWL   1 136   3 663   3   1
Pudel1 165   2   1   1   4  26   1   1   1   1 BWL   1 137   5 679   5   1
Pudel1 165   2   1   1   4  26   1   1   1   1 BWL   1 138   2 849   2   1
Pudel1 165   2   1   1   4  26   1   1   1   1 BWL   1 139   1 636   1   1
Pudel1 165   2   1   1   4  26   1   1   1   1 BWL   1 140   4 650   4   1
Pudel1 165   2   1   1   4  26   1   1   1   1 BWL   1 141   6 638   6   1
Pudel1 165   2   1   1   4  26   1   1   1   1 BWL   1 142   1 776   1   1
Pudel1 165   2   1   1   4  26   1   1   1   1 BWL   1 143   3 766   3   1
Pudel1 165   2   1   1   4  26   1   1   1   1 BWL   1 144   2 677   2   1
Pudel1 165   2   1   1   4  26   1   1   1   1 BWL   2   1   2 718   2   1
Pudel1 165   2   1   1   4  26   1   1   1   1 BWL   2   2   3 693   3   1
Pudel1 165   2   1   1   4  26   1   1   1   1 BWL   2   3   4 649   4   1
Pudel1 165   2   1   1   4  26   1   1   1   1 BWL   2   4   6 664   6   1
Pudel1 165   2   1   1   4  26   1   1   1   1 BWL   2   5   3 965   3   1
Pudel1 165   2   1   1   4  26   1   1   1   1 BWL   2   6   4 736   4   1
Pudel1 165   2   1   1   4  26   1   1   1   1 BWL   2   7   1 748   1   1
Pudel1 165   2   1   1   4  26   1   1   1   1 BWL   2   8   5 782   5   1
Pudel1 165   2   1   1   4  26   1   1   1   1 BWL   2   9   6 621   6   1
Pudel1 165   2   1   1   4  26   1   1   1   1 BWL   2  10   2 820   2   1
Pudel1 165   2   1   1   4  26   1   1   1   1 BWL   2  11   4 764   4   1
Pudel1 165   2   1   1   4  26   1   1   1   1 BWL   2  12   3 665   3   1
Pudel1 165   2   1   1   4  26   1   1   1   1 BWL   2  13   1 693   1   1
Pudel1 165   2   1   1   4  26   1   1   1   1 BWL   2  14   6 693   6   1
Pudel1 165   2   1   1   4  26   1   1   1   1 BWL   2  15   4 677   4   1
Pudel1 165   2   1   1   4  26   1   1   1   1 BWL   2  16   2 663   2   1
Pudel1 165   2   1   1   4  26   1   1   1   1 BWL   2  17   5 852   5   1
Pudel1 165   2   1   1   4  26   1   1   1   1 BWL   2  18   6 607   6   1
Pudel1 165   2   1   1   4  26   1   1   1   1 BWL   2  19   2 734   2   1
Pudel1 165   2   1   1   4  26   1   1   1   1 BWL   2  20   5 736   5   1
Pudel1 165   2   1   1   4  26   1   1   1   1 BWL   2  21   4 721   4   1
Pudel1 165   2   1   1   4  26   1   1   1   1 BWL   2  22   6 649   6   1
Pudel1 165   2   1   1   4  26   1   1   1   1 BWL   2  23   2 735   2   1
Pudel1 165   2   1   1   4  26   1   1   1   1 BWL   2  24   4 608   4   1
Pudel1 165   2   1   1   4  26   1   1   1   1 BWL   2  25   6 564   6   1
Pudel1 165   2   1   1   4  26   1   1   1   1 BWL   2  26   1 734   1   1
Pudel1 165   2   1   1   4  26   1   1   1   1 BWL   2  27   4 823   4   1
Pudel1 165   2   1   1   4  26   1   1   1   1 BWL   2  28   2 920   2   1
Pudel1 165   2   1   1   4  26   1   1   1   1 BWL   2  29   6 794   6   1
Pudel1 165   2   1   1   4  26   1   1   1   1 BWL   2  30   5 808   5   1
Pudel1 165   2   1   1   4  26   1   1   1   1 BWL   2  31   4 677   4   1
Pudel1 165   2   1   1   4  26   1   1   1   1 BWL   2  32   2 749   2   1
Pudel1 165   2   1   1   4  26   1   1   1   1 BWL   2  33   1 651   1   1
Pudel1 165   2   1   1   4  26   1   1   1   1 BWL   2  34   5 810   5   1
Pudel1 165   2   1   1   4  26   1   1   1   1 BWL   2  35   6 706   6   1
Pudel1 165   2   1   1   4  26   1   1   1   1 BWL   2  36   4 793   4   1
Pudel1 165   2   1   1   4  26   1   1   1   1 BWL   2  37   2 749   2   1
Pudel1 165   2   1   1   4  26   1   1   1   1 BWL   2  38   6 622   6   1
Pudel1 165   2   1   1   4  26   1   1   1   1 BWL   2  39   5 648   5   1
Pudel1 165   2   1   1   4  26   1   1   1   1 BWL   2  40   4 664   4   1
Pudel1 165   2   1   1   4  26   1   1   1   1 BWL   2  41   3 808   3   1
Pudel1 165   2   1   1   4  26   1   1   1   1 BWL   2  42   5 693   5   1
Pudel1 165   2   1   1   4  26   1   1   1   1 BWL   2  43   2 834   2   1
Pudel1 165   2   1   1   4  26   1   1   1   1 BWL   2  44   1 721   1   1
Pudel1 165   2   1   1   4  26   1   1   1   1 BWL   2  45   6 708   6   1
Pudel1 165   2   1   1   4  26   1   1   1   1 BWL   2  46   5 650   5   1
Pudel1 165   2   1   1   4  26   1   1   1   1 BWL   2  47   1 806   1   1
Pudel1 165   2   1   1   4  26   1   1   1   1 BWL   2  48   3 722   3   1
Pudel1 165   2   1   1   4  26   1   1   1   1 BWL   2  49   6 679   6   1
Pudel1 165   2   1   1   4  26   1   1   1   1 BWL   2  50   4 692   4   1
Pudel1 165   2   1   1   4  26   1   1   1   1 BWL   2  51   5 722   5   1
Pudel1 165   2   1   1   4  26   1   1   1   1 BWL   2  52   1 834   1   1
Pudel1 165   2   1   1   4  26   1   1   1   1 BWL   2  53   5 666   4   0
Pudel1 165   2   1   1   4  26   1   1   1   1 BWL   2  54   3 979   3   1
Pudel1 165   2   1   1   4  26   1   1   1   1 BWL   2  55   2 806   2   1
Pudel1 165   2   1   1   4  26   1   1   1   1 BWL   2  56   1 837   1   1
Pudel1 165   2   1   1   4  26   1   1   1   1 BWL   2  57   5 838   5   1
Pudel1 165   2   1   1   4  26   1   1   1   1 BWL   2  58   6 592   6   1
Pudel1 165   2   1   1   4  26   1   1   1   1 BWL   2  59   1 762   1   1
Pudel1 165   2   1   1   4  26   1   1   1   1 BWL   2  60   4 695   4   1
Pudel1 165   2   1   1   4  26   1   1   1   1 BWL   2  61   3 662   3   1
Pudel1 165   2   1   1   4  26   1   1   1   1 BWL   2  62   2 636   2   1
Pudel1 165   2   1   1   4  26   1   1   1   1 BWL   2  63   4 735   4   1
Pudel1 165   2   1   1   4  26   1   1   1   1 BWL   2  64   6 765   6   1
Pudel1 165   2   1   1   4  26   1   1   1   1 BWL   2  65   5 851   5   1
Pudel1 165   2   1   1   4  26   1   1   1   1 BWL   2  66   2 763   2   1
Pudel1 165   2   1   1   4  26   1   1   1   1 BWL   2  67   3 678   3   1
Pudel1 165   2   1   1   4  26   1   1   1   1 BWL   2  68   6 725   6   1
Pudel1 165   2   1   1   4  26   1   1   1   1 BWL   2  69   1 703   1   1
Pudel1 165   2   1   1   4  26   1   1   1   1 BWL   2  70   2 634   2   1
Pudel1 165   2   1   1   4  26   1   1   1   1 BWL   2  71   4 709   4   1
Pudel1 165   2   1   1   4  26   1   1   1   1 BWL   2  72   6 722   6   1
Pudel1 165   2   1   1   4  26   1   1   1   1 BWL   2  73   1 763   1   1
Pudel1 165   2   1   1   4  26   1   1   1   1 BWL   2  74   2 750   2   1
Pudel1 165   2   1   1   4  26   1   1   1   1 BWL   2  75   6 723   6   1
Pudel1 165   2   1   1   4  26   1   1   1   1 BWL   2  76   5 778   5   1
Pudel1 165   2   1   1   4  26   1   1   1   1 BWL   2  77   1 791   1   1
Pudel1 165   2   1   1   4  26   1   1   1   1 BWL   2  78   2 1023   2   1
Pudel1 165   2   1   1   4  26   1   1   1   1 BWL   2  79   5 840   5   1
Pudel1 165   2   1   1   4  26   1   1   1   1 BWL   2  80   1 720   1   1
Pudel1 165   2   1   1   4  26   1   1   1   1 BWL   2  81   4 823   4   1
Pudel1 165   2   1   1   4  26   1   1   1   1 BWL   2  82   2 864   2   1
Pudel1 165   2   1   1   4  26   1   1   1   1 BWL   2  83   1 765   1   1
Pudel1 165   2   1   1   4  26   1   1   1   1 BWL   2  84   3 922   3   1
Pudel1 165   2   1   1   4  26   1   1   1   1 BWL   2  85   2 678   2   1
Pudel1 165   2   1   1   4  26   1   1   1   1 BWL   2  86   4 793   4   1
Pudel1 165   2   1   1   4  26   1   1   1   1 BWL   2  87   3 1052   3   1
Pudel1 165   2   1   1   4  26   1   1   1   1 BWL   2  88   2 808   2   1
Pudel1 165   2   1   1   4  26   1   1   1   1 BWL   2  89   1 649   1   1
Pudel1 165   2   1   1   4  26   1   1   1   1 BWL   2  90   5 709   5   1
Pudel1 165   2   1   1   4  26   1   1   1   1 BWL   2  91   2 718   2   1
Pudel1 165   2   1   1   4  26   1   1   1   1 BWL   2  92   1 763   1   1
Pudel1 165   2   1   1   4  26   1   1   1   1 BWL   2  93   6 823   6   1
Pudel1 165   2   1   1   4  26   1   1   1   1 BWL   2  94   4 763   4   1
Pudel1 165   2   1   1   4  26   1   1   1   1 BWL   2  95   5 708   5   1
Pudel1 165   2   1   1   4  26   1   1   1   1 BWL   2  96   6 693   6   1
Pudel1 165   2   1   1   4  26   1   1   1   1 BWL   2  97   2 778   2   1
Pudel1 165   2   1   1   4  26   1   1   1   1 BWL   2  98   5 751   5   1
Pudel1 165   2   1   1   4  26   1   1   1   1 BWL   2  99   4 692   4   1
Pudel1 165   2   1   1   4  26   1   1   1   1 BWL   2 100   3 692   3   1
Pudel1 165   2   1   1   4  26   1   1   1   1 BWL   2 101   5 808   5   1
Pudel1 165   2   1   1   4  26   1   1   1   1 BWL   2 102   1 778   1   1
Pudel1 165   2   1   1   4  26   1   1   1   1 BWL   2 103   3 664   3   1
Pudel1 165   2   1   1   4  26   1   1   1   1 BWL   2 104   6 680   6   1
Pudel1 165   2   1   1   4  26   1   1   1   1 BWL   2 105   4 633   4   1
Pudel1 165   2   1   1   4  26   1   1   1   1 BWL   2 106   2 649   2   1
Pudel1 165   2   1   1   4  26   1   1   1   1 BWL   2 107   1 635   1   1
Pudel1 165   2   1   1   4  26   1   1   1   1 BWL   2 108   5 680   5   1
Pudel1 165   2   1   1   4  26   1   1   1   1 BWL   2 109   3 923   3   1
Pudel1 165   2   1   1   4  26   1   1   1   1 BWL   2 110   6 577   6   1
Pudel1 165   2   1   1   4  26   1   1   1   1 BWL   2 111   5 736   5   1
Pudel1 165   2   1   1   4  26   1   1   1   1 BWL   2 112   2 834   2   1
Pudel1 165   2   1   1   4  26   1   1   1   1 BWL   2 113   4 651   4   1
Pudel1 165   2   1   1   4  26   1   1   1   1 BWL   2 114   1 734   1   1
Pudel1 165   2   1   1   4  26   1   1   1   1 BWL   2 115   6 650   6   1
Pudel1 165   2   1   1   4  26   1   1   1   1 BWL   2 116   5 694   5   1
Pudel1 165   2   1   1   4  26   1   1   1   1 BWL   2 117   4 634   4   1
Pudel1 165   2   1   1   4  26   1   1   1   1 BWL   2 118   1 705   1   1
Pudel1 165   2   1   1   4  26   1   1   1   1 BWL   2 119   5 738   5   1
Pudel1 165   2   1   1   4  26   1   1   1   1 BWL   2 120   4 677   4   1
Pudel1 165   2   1   1   4  26   1   1   1   1 BWL   2 121   1 708   1   1
Pudel1 165   2   1   1   4  26   1   1   1   1 BWL   2 122   6 635   6   1
Pudel1 165   2   1   1   4  26   1   1   1   1 BWL   2 123   2 763   2   1
Pudel1 165   2   1   1   4  26   1   1   1   1 BWL   2 124   1 707   1   1
Pudel1 165   2   1   1   4  26   1   1   1   1 BWL   2 125   5 737   5   1
Pudel1 165   2   1   1   4  26   1   1   1   1 BWL   2 126   2 864   2   1
Pudel1 165   2   1   1   4  26   1   1   1   1 BWL   2 127   4 780   4   1
Pudel1 165   2   1   1   4  26   1   1   1   1 BWL   2 128   1 678   1   1
Pudel1 165   2   1   1   4  26   1   1   1   1 BWL   2 129   5 679   5   1
Pudel1 165   2   1   1   4  26   1   1   1   1 BWL   2 130   3 908   3   1
Pudel1 165   2   1   1   4  26   1   1   1   1 BWL   2 131   4 779   4   1
Pudel1 165   2   1   1   4  26   1   1   1   1 BWL   2 132   5 664   5   1
Pudel1 165   2   1   1   4  26   1   1   1   1 BWL   2 133   3 993   3   1
Pudel1 165   2   1   1   4  26   1   1   1   1 BWL   2 134   6 808   6   1
Pudel1 165   2   1   1   4  26   1   1   1   1 BWL   2 135   4 792   4   1
Pudel1 165   2   1   1   4  26   1   1   1   1 BWL   2 136   1 721   1   1
Pudel1 165   2   1   1   4  26   1   1   1   1 BWL   2 137   2 664   2   1
Pudel1 165   2   1   1   4  26   1   1   1   1 BWL   2 138   4 736   4   1
Pudel1 165   2   1   1   4  26   1   1   1   1 BWL   2 139   5 678   5   1
Pudel1 165   2   1   1   4  26   1   1   1   1 BWL   2 140   6 679   6   1
Pudel1 165   2   1   1   4  26   1   1   1   1 BWL   2 141   4 707   4   1
Pudel1 165   2   1   1   4  26   1   1   1   1 BWL   2 142   2 691   2   1
Pudel1 165   2   1   1   4  26   1   1   1   1 BWL   2 143   5 694   5   1
Pudel1 165   2   1   1   4  26   1   1   1   1 BWL   2 144   1 849   1   1
Pudel1 165   2   1   1   4  26   1   1   1   1 BWL   3   1   3 934   3   1
Pudel1 165   2   1   1   4  26   1   1   1   1 BWL   3   2   6 725   6   1
Pudel1 165   2   1   1   4  26   1   1   1   1 BWL   3   3   4 704   4   1
Pudel1 165   2   1   1   4  26   1   1   1   1 BWL   3   4   2 663   2   1
Pudel1 165   2   1   1   4  26   1   1   1   1 BWL   3   5   3 736   3   1
Pudel1 165   2   1   1   4  26   1   1   1   1 BWL   3   6   5 650   5   1
Pudel1 165   2   1   1   4  26   1   1   1   1 BWL   3   7   1 734   1   1
Pudel1 165   2   1   1   4  26   1   1   1   1 BWL   3   8   6 639   6   1
Pudel1 165   2   1   1   4  26   1   1   1   1 BWL   3   9   3 676   3   1
Pudel1 165   2   1   1   4  26   1   1   1   1 BWL   3  10   2 621   2   1
Pudel1 165   2   1   1   4  26   1   1   1   1 BWL   3  11   5 680   5   1
Pudel1 165   2   1   1   4  26   1   1   1   1 BWL   3  12   4 677   3   0
Pudel1 165   2   1   1   4  26   1   1   1   1 BWL   3  13   2 1095   2   1
Pudel1 165   2   1   1   4  26   1   1   1   1 BWL   3  14   6 665   6   1
Pudel1 165   2   1   1   4  26   1   1   1   1 BWL   3  15   1 762   1   1
Pudel1 165   2   1   1   4  26   1   1   1   1 BWL   3  16   5 1040   5   1
Pudel1 165   2   1   1   4  26   1   1   1   1 BWL   3  17   3 849   3   1
Pudel1 165   2   1   1   4  26   1   1   1   1 BWL   3  18   1 663   1   1
Pudel1 165   2   1   1   4  26   1   1   1   1 BWL   3  19   2 664   2   1
Pudel1 165   2   1   1   4  26   1   1   1   1 BWL   3  20   3 692   3   1
Pudel1 165   2   1   1   4  26   1   1   1   1 BWL   3  21   5 678   5   1
Pudel1 165   2   1   1   4  26   1   1   1   1 BWL   3  22   6 679   6   1
Pudel1 165   2   1   1   4  26   1   1   1   1 BWL   3  23   3 893   3   1
Pudel1 165   2   1   1   4  26   1   1   1   1 BWL   3  24   5 707   5   1
Pudel1 165   2   1   1   4  26   1   1   1   1 BWL   3  25   6 664   6   1
Pudel1 165   2   1   1   4  26   1   1   1   1 BWL   3  26   4 750   4   1
Pudel1 165   2   1   1   4  26   1   1   1   1 BWL   3  27   5 649   5   1
Pudel1 165   2   1   1   4  26   1   1   1   1 BWL   3  28   1 748   1   1
Pudel1 165   2   1   1   4  26   1   1   1   1 BWL   3  29   6 666   6   1
Pudel1 165   2   1   1   4  26   1   1   1   1 BWL   3  30   2 735   2   1
Pudel1 165   2   1   1   4  26   1   1   1   1 BWL   3  31   1 719   1   1
Pudel1 165   2   1   1   4  26   1   1   1   1 BWL   3  32   5 696   5   1
Pudel1 165   2   1   1   4  26   1   1   1   1 BWL   3  33   3 805   3   1
Pudel1 165   2   1   1   4  26   1   1   1   1 BWL   3  34   1 649   1   1
Pudel1 165   2   1   1   4  26   1   1   1   1 BWL   3  35   5 752   5   1
Pudel1 165   2   1   1   4  26   1   1   1   1 BWL   3  36   2 749   3   0
Pudel1 165   2   1   1   4  26   1   1   1   1 BWL   3  37   2 851   2   1
Pudel1 165   2   1   1   4  26   1   1   1   1 BWL   3  38   6 752   6   1
Pudel1 165   2   1   1   4  26   1   1   1   1 BWL   3  39   4 879   4   1
Pudel1 165   2   1   1   4  26   1   1   1   1 BWL   3  40   3 863   3   1
Pudel1 165   2   1   1   4  26   1   1   1   1 BWL   3  41   6 622   6   1
Pudel1 165   2   1   1   4  26   1   1   1   1 BWL   3  42   2 820   2   1
Pudel1 165   2   1   1   4  26   1   1   1   1 BWL   3  43   4 952   4   1
Pudel1 165   2   1   1   4  26   1   1   1   1 BWL   3  44   5 821   5   1
Pudel1 165   2   1   1   4  26   1   1   1   1 BWL   3  45   2 978   2   1
Pudel1 165   2   1   1   4  26   1   1   1   1 BWL   3  46   4 779   4   1
Pudel1 165   2   1   1   4  26   1   1   1   1 BWL   3  47   5 607   5   1
Pudel1 165   2   1   1   4  26   1   1   1   1 BWL   3  48   6 650   6   1
Pudel1 165   2   1   1   4  26   1   1   1   1 BWL   3  49   1 706   1   1
Pudel1 165   2   1   1   4  26   1   1   1   1 BWL   3  50   3 780   3   1
Pudel1 165   2   1   1   4  26   1   1   1   1 BWL   3  51   5 635   5   1
Pudel1 165   2   1   1   4  26   1   1   1   1 BWL   3  52   6 677   6   1
Pudel1 165   2   1   1   4  26   1   1   1   1 BWL   3  53   3 821   3   1
Pudel1 165   2   1   1   4  26   1   1   1   1 BWL   3  54   2 778   2   1
Pudel1 165   2   1   1   4  26   1   1   1   1 BWL   3  55   1 748   1   1
Pudel1 165   2   1   1   4  26   1   1   1   1 BWL   3  56   4 938   4   1
Pudel1 165   2   1   1   4  26   1   1   1   1 BWL   3  57   2 836   2   1
Pudel1 165   2   1   1   4  26   1   1   1   1 BWL   3  58   1 663   1   1
Pudel1 165   2   1   1   4  26   1   1   1   1 BWL   3  59   4 838   4   1
Pudel1 165   2   1   1   4  26   1   1   1   1 BWL   3  60   5 634   5   1
Pudel1 165   2   1   1   4  26   1   1   1   1 BWL   3  61   2 719   2   1
Pudel1 165   2   1   1   4  26   1   1   1   1 BWL   3  62   6 651   6   1
Pudel1 165   2   1   1   4  26   1   1   1   1 BWL   3  63   1 747   1   1
Pudel1 165   2   1   1   4  26   1   1   1   1 BWL   3  64   2 707   2   1
Pudel1 165   2   1   1   4  26   1   1   1   1 BWL   3  65   6 709   6   1
Pudel1 165   2   1   1   4  26   1   1   1   1 BWL   3  66   4 647   4   1
Pudel1 165   2   1   1   4  26   1   1   1   1 BWL   3  67   2 677   2   1
Pudel1 165   2   1   1   4  26   1   1   1   1 BWL   3  68   5 709   5   1
Pudel1 165   2   1   1   4  26   1   1   1   1 BWL   3  69   6 663   6   1
Pudel1 165   2   1   1   4  26   1   1   1   1 BWL   3  70   1 662   1   1
Pudel1 165   2   1   1   4  26   1   1   1   1 BWL   3  71   5 838   5   1
Pudel1 165   2   1   1   4  26   1   1   1   1 BWL   3  72   4 748   4   1
Pudel1 165   2   1   1   4  26   1   1   1   1 BWL   3  73   2 621   2   1
Pudel1 165   2   1   1   4  26   1   1   1   1 BWL   3  74   1 619   1   1
Pudel1 165   2   1   1   4  26   1   1   1   1 BWL   3  75   6 666   6   1
Pudel1 165   2   1   1   4  26   1   1   1   1 BWL   3  76   5 865   5   1
Pudel1 165   2   1   1   4  26   1   1   1   1 BWL   3  77   3 805   3   1
Pudel1 165   2   1   1   4  26   1   1   1   1 BWL   3  78   2 693   2   1
Pudel1 165   2   1   1   4  26   1   1   1   1 BWL   3  79   5 680   5   1
Pudel1 165   2   1   1   4  26   1   1   1   1 BWL   3  80   3 1064   3   1
Pudel1 165   2   1   1   4  26   1   1   1   1 BWL   3  81   2 723   2   1
Pudel1 165   2   1   1   4  26   1   1   1   1 BWL   3  82   6 736   6   1
Pudel1 165   2   1   1   4  26   1   1   1   1 BWL   3  83   4 808   4   1
Pudel1 165   2   1   1   4  26   1   1   1   1 BWL   3  84   3 662   3   1
Pudel1 165   2   1   1   4  26   1   1   1   1 BWL   3  85   6 680   6   1
Pudel1 165   2   1   1   4  26   1   1   1   1 BWL   3  86   4 720   4   1
Pudel1 165   2   1   1   4  26   1   1   1   1 BWL   3  87   2 792   2   1
Pudel1 165   2   1   1   4  26   1   1   1   1 BWL   3  88   3 750   3   1
Pudel1 165   2   1   1   4  26   1   1   1   1 BWL   3  89   6 694   6   1
Pudel1 165   2   1   1   4  26   1   1   1   1 BWL   3  90   1 733   1   1
Pudel1 165   2   1   1   4  26   1   1   1   1 BWL   3  91   3 622   3   1
Pudel1 165   2   1   1   4  26   1   1   1   1 BWL   3  92   2 779   2   1
Pudel1 165   2   1   1   4  26   1   1   1   1 BWL   3  93   1 707   1   1
Pudel1 165   2   1   1   4  26   1   1   1   1 BWL   3  94   3 823   3   1
Pudel1 165   2   1   1   4  26   1   1   1   1 BWL   3  95   5 793   5   1
Pudel1 165   2   1   1   4  26   1   1   1   1 BWL   3  96   6 593   6   1
Pudel1 165   2   1   1   4  26   1   1   1   1 BWL   3  97   2 691   2   1
Pudel1 165   2   1   1   4  26   1   1   1   1 BWL   3  98   4 766   4   1
Pudel1 165   2   1   1   4  26   1   1   1   1 BWL   3  99   5 736   5   1
Pudel1 165   2   1   1   4  26   1   1   1   1 BWL   3 100   2 706   2   1
Pudel1 165   2   1   1   4  26   1   1   1   1 BWL   3 101   6 621   6   1
Pudel1 165   2   1   1   4  26   1   1   1   1 BWL   3 102   1 706   1   1
Pudel1 165   2   1   1   4  26   1   1   1   1 BWL   3 103   3 721   3   1
Pudel1 165   2   1   1   4  26   1   1   1   1 BWL   3 104   6 593   6   1
Pudel1 165   2   1   1   4  26   1   1   1   1 BWL   3 105   2 778   2   1
Pudel1 165   2   1   1   4  26   1   1   1   1 BWL   3 106   4 765   4   1
Pudel1 165   2   1   1   4  26   1   1   1   1 BWL   3 107   6 535   6   1
Pudel1 165   2   1   1   4  26   1   1   1   1 BWL   3 108   2 820   2   1
Pudel1 165   2   1   1   4  26   1   1   1   1 BWL   3 109   5 650   5   1
Pudel1 165   2   1   1   4  26   1   1   1   1 BWL   3 110   6 607   6   1
Pudel1 165   2   1   1   4  26   1   1   1   1 BWL   3 111   1 719   1   1
Pudel1 165   2   1   1   4  26   1   1   1   1 BWL   3 112   2 764   2   1
Pudel1 165   2   1   1   4  26   1   1   1   1 BWL   3 113   3 592   3   1
Pudel1 165   2   1   1   4  26   1   1   1   1 BWL   3 114   4 923   4   1
Pudel1 165   2   1   1   4  26   1   1   1   1 BWL   3 115   2 778   2   1
Pudel1 165   2   1   1   4  26   1   1   1   1 BWL   3 116   6 623   6   1
Pudel1 165   2   1   1   4  26   1   1   1   1 BWL   3 117   4 676   4   1
Pudel1 165   2   1   1   4  26   1   1   1   1 BWL   3 118   5 795   5   1
Pudel1 165   2   1   1   4  26   1   1   1   1 BWL   3 119   6 707   6   1
Pudel1 165   2   1   1   4  26   1   1   1   1 BWL   3 120   4 805   4   1
Pudel1 165   2   1   1   4  26   1   1   1   1 BWL   3 121   5 622   5   1
Pudel1 165   2   1   1   4  26   1   1   1   1 BWL   3 122   3 863   3   1
Pudel1 165   2   1   1   4  26   1   1   1   1 BWL   3 123   6 665   6   1
Pudel1 165   2   1   1   4  26   1   1   1   1 BWL   3 124   2 647   2   1
Pudel1 165   2   1   1   4  26   1   1   1   1 BWL   3 125   5 781   5   1
Pudel1 165   2   1   1   4  26   1   1   1   1 BWL   3 126   4 706   4   1
Pudel1 165   2   1   1   4  26   1   1   1   1 BWL   3 127   6 635   6   1
Pudel1 165   2   1   1   4  26   1   1   1   1 BWL   3 128   1 648   1   1
Pudel1 165   2   1   1   4  26   1   1   1   1 BWL   3 129   2 835   2   1
Pudel1 165   2   1   1   4  26   1   1   1   1 BWL   3 130   6 695   6   1
Pudel1 165   2   1   1   4  26   1   1   1   1 BWL   3 131   4 662   4   1
Pudel1 165   2   1   1   4  26   1   1   1   1 BWL   3 132   2 678   2   1
Pudel1 165   2   1   1   4  26   1   1   1   1 BWL   3 133   3 764   3   1
Pudel1 165   2   1   1   4  26   1   1   1   1 BWL   3 134   1 676   1   1
Pudel1 165   2   1   1   4  26   1   1   1   1 BWL   3 135   5 695   5   1
Pudel1 165   2   1   1   4  26   1   1   1   1 BWL   3 136   4 677   4   1
Pudel1 165   2   1   1   4  26   1   1   1   1 BWL   3 137   3 664   3   1
Pudel1 165   2   1   1   4  26   1   1   1   1 BWL   3 138   2 634   2   1
Pudel1 165   2   1   1   4  26   1   1   1   1 BWL   3 139   5 794   5   1
Pudel1 165   2   1   1   4  26   1   1   1   1 BWL   3 140   3 706   3   1
Pudel1 165   2   1   1   4  26   1   1   1   1 BWL   3 141   5 664   6   0
Pudel1 165   2   1   1   4  26   1   1   1   1 BWL   3 142   6 176   5   0
Pudel1 165   2   1   1   4  26   1   1   1   1 BWL   3 143   1 936   1   1
Pudel1 165   2   1   1   4  26   1   1   1   1 BWL   3 144   3 824   3   1
Pudel1 165   2   1   1   4  26   1   1   1   1 BWL   4   1   3 1106   3   1
Pudel1 165   2   1   1   4  26   1   1   1   1 BWL   4   2   2 662   2   1
Pudel1 165   2   1   1   4  26   1   1   1   1 BWL   4   3   1 607   1   1
Pudel1 165   2   1   1   4  26   1   1   1   1 BWL   4   4   6 708   6   1
Pudel1 165   2   1   1   4  26   1   1   1   1 BWL   4   5   3 822   3   1
Pudel1 165   2   1   1   4  26   1   1   1   1 BWL   4   6   2 792   2   1
Pudel1 165   2   1   1   4  26   1   1   1   1 BWL   4   7   6 693   6   1
Pudel1 165   2   1   1   4  26   1   1   1   1 BWL   4   8   4 707   4   1
Pudel1 165   2   1   1   4  26   1   1   1   1 BWL   4   9   5 678   5   1
Pudel1 165   2   1   1   4  26   1   1   1   1 BWL   4  10   2 748   2   1
Pudel1 165   2   1   1   4  26   1   1   1   1 BWL   4  11   3 692   3   1
Pudel1 165   2   1   1   4  26   1   1   1   1 BWL   4  12   5 809   5   1
Pudel1 165   2   1   1   4  26   1   1   1   1 BWL   4  13   1 705   1   1
Pudel1 165   2   1   1   4  26   1   1   1   1 BWL   4  14   6 680   6   1
Pudel1 165   2   1   1   4  26   1   1   1   1 BWL   4  15   2 676   2   1
Pudel1 165   2   1   1   4  26   1   1   1   1 BWL   4  16   3 677   3   1
Pudel1 165   2   1   1   4  26   1   1   1   1 BWL   4  17   6 637   6   1
Pudel1 165   2   1   1   4  26   1   1   1   1 BWL   4  18   1 706   1   1
Pudel1 165   2   1   1   4  26   1   1   1   1 BWL   4  19   4 749   4   1
Pudel1 165   2   1   1   4  26   1   1   1   1 BWL   4  20   5 680   5   1
Pudel1 165   2   1   1   4  26   1   1   1   1 BWL   4  21   6 592   6   1
Pudel1 165   2   1   1   4  26   1   1   1   1 BWL   4  22   1 661   1   1
Pudel1 165   2   1   1   4  26   1   1   1   1 BWL   4  23   5 766   5   1
Pudel1 165   2   1   1   4  26   1   1   1   1 BWL   4  24   6 721   6   1
Pudel1 165   2   1   1   4  26   1   1   1   1 BWL   4  25   1 647   1   1
Pudel1 165   2   1   1   4  26   1   1   1   1 BWL   4  26   2 606   2   1
Pudel1 165   2   1   1   4  26   1   1   1   1 BWL   4  27   4 722   4   1
Pudel1 165   2   1   1   4  26   1   1   1   1 BWL   4  28   1 691   1   1
Pudel1 165   2   1   1   4  26   1   1   1   1 BWL   4  29   6 680   6   1
Pudel1 165   2   1   1   4  26   1   1   1   1 BWL   4  30   5 765   5   1
Pudel1 165   2   1   1   4  26   1   1   1   1 BWL   4  31   4 633   4   1
Pudel1 165   2   1   1   4  26   1   1   1   1 BWL   4  32   1 648   1   1
Pudel1 165   2   1   1   4  26   1   1   1   1 BWL   4  33   2 765   2   1
Pudel1 165   2   1   1   4  26   1   1   1   1 BWL   4  34   5 823   5   1
Pudel1 165   2   1   1   4  26   1   1   1   1 BWL   4  35   1 677   1   1
Pudel1 165   2   1   1   4  26   1   1   1   1 BWL   4  36   4 764   4   1
Pudel1 165   2   1   1   4  26   1   1   1   1 BWL   4  37   6 592   6   1
Pudel1 165   2   1   1   4  26   1   1   1   1 BWL   4  38   4 721   3   0
Pudel1 165   2   1   1   4  26   1   1   1   1 BWL   4  39   4 808   4   1
Pudel1 165   2   1   1   4  26   1   1   1   1 BWL   4  40   6 722   6   1
Pudel1 165   2   1   1   4  26   1   1   1   1 BWL   4  41   1 647   1   1
Pudel1 165   2   1   1   4  26   1   1   1   1 BWL   4  42   2 751   2   1
Pudel1 165   2   1   1   4  26   1   1   1   1 BWL   4  43   3 724   3   1
Pudel1 165   2   1   1   4  26   1   1   1   1 BWL   4  44   6 737   6   1
Pudel1 165   2   1   1   4  26   1   1   1   1 BWL   4  45   2 776   2   1
Pudel1 165   2   1   1   4  26   1   1   1   1 BWL   4  46   4 851   4   1
Pudel1 165   2   1   1   4  26   1   1   1   1 BWL   4  47   3 793   3   1
Pudel1 165   2   1   1   4  26   1   1   1   1 BWL   4  48   5 794   5   1
Pudel1 165   2   1   1   4  26   1   1   1   1 BWL   4  49   4 807   4   1
Pudel1 165   2   1   1   4  26   1   1   1   1 BWL   4  50   1 779   1   1
Pudel1 165   2   1   1   4  26   1   1   1   1 BWL   4  51   6 708   6   1
Pudel1 165   2   1   1   4  26   1   1   1   1 BWL   4  52   3 850   3   1
Pudel1 165   2   1   1   4  26   1   1   1   1 BWL   4  53   4 721   4   1
Pudel1 165   2   1   1   4  26   1   1   1   1 BWL   4  54   2 864   2   1
Pudel1 165   2   1   1   4  26   1   1   1   1 BWL   4  55   3 779   3   1
Pudel1 165   2   1   1   4  26   1   1   1   1 BWL   4  56   6 781   6   1
Pudel1 165   2   1   1   4  26   1   1   1   1 BWL   4  57   1 706   1   1
Pudel1 165   2   1   1   4  26   1   1   1   1 BWL   4  58   3 693   3   1
Pudel1 165   2   1   1   4  26   1   1   1   1 BWL   4  59   5 722   5   1
Pudel1 165   2   1   1   4  26   1   1   1   1 BWL   4  60   1 705   1   1
Pudel1 165   2   1   1   4  26   1   1   1   1 BWL   4  61   3 707   3   1
Pudel1 165   2   1   1   4  26   1   1   1   1 BWL   4  62   5 708   5   1
Pudel1 165   2   1   1   4  26   1   1   1   1 BWL   4  63   4 893   4   1
Pudel1 165   2   1   1   4  26   1   1   1   1 BWL   4  64   3 735   3   1
Pudel1 165   2   1   1   4  26   1   1   1   1 BWL   4  65   1 692   1   1
Pudel1 165   2   1   1   4  26   1   1   1   1 BWL   4  66   6 695   6   1
Pudel1 165   2   1   1   4  26   1   1   1   1 BWL   4  67   4 837   4   1
Pudel1 165   2   1   1   4  26   1   1   1   1 BWL   4  68   5 720   5   1
Pudel1 165   2   1   1   4  26   1   1   1   1 BWL   4  69   6 735   6   1
Pudel1 165   2   1   1   4  26   1   1   1   1 BWL   4  70   2 807   2   1
Pudel1 165   2   1   1   4  26   1   1   1   1 BWL   4  71   4 749   4   1
Pudel1 165   2   1   1   4  26   1   1   1   1 BWL   4  72   3 707   3   1
Pudel1 165   2   1   1   4  26   1   1   1   1 BWL   4  73   1 677   1   1
Pudel1 165   2   1   1   4  26   1   1   1   1 BWL   4  74   2 722   2   1
Pudel1 165   2   1   1   4  26   1   1   1   1 BWL   4  75   3 635   3   1
Pudel1 165   2   1   1   4  26   1   1   1   1 BWL   4  76   4 893   4   1
Pudel1 165   2   1   1   4  26   1   1   1   1 BWL   4  77   5 649   5   1
Pudel1 165   2   1   1   4  26   1   1   1   1 BWL   4  78   6 634   6   1
Pudel1 165   2   1   1   4  26   1   1   1   1 BWL   4  79   3 1036   3   1
Pudel1 165   2   1   1   4  26   1   1   1   1 BWL   4  80   1 662   1   1
Pudel1 165   2   1   1   4  26   1   1   1   1 BWL   4  81   2 765   2   1
Pudel1 165   2   1   1   4  26   1   1   1   1 BWL   4  82   4 1097   4   1
Pudel1 165   2   1   1   4  26   1   1   1   1 BWL   4  83   5 649   5   1
Pudel1 165   2   1   1   4  26   1   1   1   1 BWL   4  84   2 1064   2   1
Pudel1 165   2   1   1   4  26   1   1   1   1 BWL   4  85   1 692   1   1
Pudel1 165   2   1   1   4  26   1   1   1   1 BWL   4  86   3 738   3   1
Pudel1 165   2   1   1   4  26   1   1   1   1 BWL   4  87   4 705   4   1
Pudel1 165   2   1   1   4  26   1   1   1   1 BWL   4  88   2 979   2   1
Pudel1 165   2   1   1   4  26   1   1   1   1 BWL   4  89   1 692   1   1
Pudel1 165   2   1   1   4  26   1   1   1   1 BWL   4  90   5 840   5   1
Pudel1 165   2   1   1   4  26   1   1   1   1 BWL   4  91   3 863   3   1
Pudel1 165   2   1   1   4  26   1   1   1   1 BWL   4  92   4 765   4   1
Pudel1 165   2   1   1   4  26   1   1   1   1 BWL   4  93   6 708   6   1
Pudel1 165   2   1   1   4  26   1   1   1   1 BWL   4  94   1 761   1   1
Pudel1 165   2   1   1   4  26   1   1   1   1 BWL   4  95   3 707   3   1
Pudel1 165   2   1   1   4  26   1   1   1   1 BWL   4  96   5 750   5   1
Pudel1 165   2   1   1   4  26   1   1   1   1 BWL   4  97   6 693   6   1
Pudel1 165   2   1   1   4  26   1   1   1   1 BWL   4  98   4 721   4   1
Pudel1 165   2   1   1   4  26   1   1   1   1 BWL   4  99   3 648   3   1
Pudel1 165   2   1   1   4  26   1   1   1   1 BWL   4 100   6 693   6   1
Pudel1 165   2   1   1   4  26   1   1   1   1 BWL   4 101   1 692   1   1
Pudel1 165   2   1   1   4  26   1   1   1   1 BWL   4 102   3 780   3   1
Pudel1 165   2   1   1   4  26   1   1   1   1 BWL   4 103   2 807   2   1
Pudel1 165   2   1   1   4  26   1   1   1   1 BWL   4 104   6 751   6   1
Pudel1 165   2   1   1   4  26   1   1   1   1 BWL   4 105   1 763   1   1
Pudel1 165   2   1   1   4  26   1   1   1   1 BWL   4 106   4 1241   5   0
Pudel1 165   2   1   1   4  26   1   1   1   1 BWL   4 107   4 822   4   1
Pudel1 165   2   1   1   4  26   1   1   1   1 BWL   4 108   3 921   3   1
Pudel1 165   2   1   1   4  26   1   1   1   1 BWL   4 109   5 707   5   1
Pudel1 165   2   1   1   4  26   1   1   1   1 BWL   4 110   2 937   2   1
Pudel1 165   2   1   1   4  26   1   1   1   1 BWL   4 111   6 737   6   1
Pudel1 165   2   1   1   4  26   1   1   1   1 BWL   4 112   5 836   5   1
Pudel1 165   2   1   1   4  26   1   1   1   1 BWL   4 113   3 865   3   1
Pudel1 165   2   1   1   4  26   1   1   1   1 BWL   4 114   1 663   1   1
Pudel1 165   2   1   1   4  26   1   1   1   1 BWL   4 115   5 780   5   1
Pudel1 165   2   1   1   4  26   1   1   1   1 BWL   4 116   2 734   2   1
Pudel1 165   2   1   1   4  26   1   1   1   1 BWL   4 117   4 878   4   1
Pudel1 165   2   1   1   4  26   1   1   1   1 BWL   4 118   3 722   3   1
Pudel1 165   2   1   1   4  26   1   1   1   1 BWL   4 119   6 780   6   1
Pudel1 165   2   1   1   4  26   1   1   1   1 BWL   4 120   4 994   4   1
Pudel1 165   2   1   1   4  26   1   1   1   1 BWL   4 121   5 721   5   1
Pudel1 165   2   1   1   4  26   1   1   1   1 BWL   4 122   1 762   1   1
Pudel1 165   2   1   1   4  26   1   1   1   1 BWL   4 123   3 953   3   1
Pudel1 165   2   1   1   4  26   1   1   1   1 BWL   4 124   5 894   5   1
Pudel1 165   2   1   1   4  26   1   1   1   1 BWL   4 125   1 734   1   1
Pudel1 165   2   1   1   4  26   1   1   1   1 BWL   4 126   4 737   4   1
Pudel1 165   2   1   1   4  26   1   1   1   1 BWL   4 127   2 778   2   1
Pudel1 165   2   1   1   4  26   1   1   1   1 BWL   4 128   6 680   6   1
Pudel1 165   2   1   1   4  26   1   1   1   1 BWL   4 129   4 750   4   1
Pudel1 165   2   1   1   4  26   1   1   1   1 BWL   4 130   3 720   3   1
Pudel1 165   2   1   1   4  26   1   1   1   1 BWL   4 131   6 793   6   1
Pudel1 165   2   1   1   4  26   1   1   1   1 BWL   4 132   2 779   2   1
Pudel1 165   2   1   1   4  26   1   1   1   1 BWL   4 133   4 808   4   1
Pudel1 165   2   1   1   4  26   1   1   1   1 BWL   4 134   1 692   1   1
Pudel1 165   2   1   1   4  26   1   1   1   1 BWL   4 135   2 750   2   1
Pudel1 165   2   1   1   4  26   1   1   1   1 BWL   4 136   3 679   3   1
Pudel1 165   2   1   1   4  26   1   1   1   1 BWL   4 137   4 723   4   1
Pudel1 165   2   1   1   4  26   1   1   1   1 BWL   4 138   2 748   2   1
Pudel1 165   2   1   1   4  26   1   1   1   1 BWL   4 139   5 679   5   1
Pudel1 165   2   1   1   4  26   1   1   1   1 BWL   4 140   1 734   1   1
Pudel1 165   2   1   1   4  26   1   1   1   1 BWL   4 141   6 667   6   1
Pudel1 165   2   1   1   4  26   1   1   1   1 BWL   4 142   2 719   2   1
Pudel1 165   2   1   1   4  26   1   1   1   1 BWL   4 143   5 751   5   1
Pudel1 165   2   1   1   4  26   1   1   1   1 BWL   4 144   4 777   4   1
Pudel1 165   2   1   1   4  26   1   1   1   1 BWL   5   1   1 660   1   1
Pudel1 165   2   1   1   4  26   1   1   1   1 BWL   5   2   2 606   2   1
Pudel1 165   2   1   1   4  26   1   1   1   1 BWL   5   3   3 650   3   1
Pudel1 165   2   1   1   4  26   1   1   1   1 BWL   5   4   4 692   4   1
Pudel1 165   2   1   1   4  26   1   1   1   1 BWL   5   5   1 649   1   1
Pudel1 165   2   1   1   4  26   1   1   1   1 BWL   5   6   3 735   3   1
Pudel1 165   2   1   1   4  26   1   1   1   1 BWL   5   7   6 694   6   1
Pudel1 165   2   1   1   4  26   1   1   1   1 BWL   5   8   5 779   5   1
Pudel1 165   2   1   1   4  26   1   1   1   1 BWL   5   9   1 777   1   1
Pudel1 165   2   1   1   4  26   1   1   1   1 BWL   5  10   2 664   2   1
Pudel1 165   2   1   1   4  26   1   1   1   1 BWL   5  11   5 665   5   1
Pudel1 165   2   1   1   4  26   1   1   1   1 BWL   5  12   4 706   4   1
Pudel1 165   2   1   1   4  26   1   1   1   1 BWL   5  13   2 619   2   1
Pudel1 165   2   1   1   4  26   1   1   1   1 BWL   5  14   1 678   1   1
Pudel1 165   2   1   1   4  26   1   1   1   1 BWL   5  15   5 738   5   1
Pudel1 165   2   1   1   4  26   1   1   1   1 BWL   5  16   6 621   6   1
Pudel1 165   2   1   1   4  26   1   1   1   1 BWL   5  17   3 763   3   1
Pudel1 165   2   1   1   4  26   1   1   1   1 BWL   5  18   4 648   4   1
Pudel1 165   2   1   1   4  26   1   1   1   1 BWL   5  19   6 722   6   1
Pudel1 165   2   1   1   4  26   1   1   1   1 BWL   5  20   1 605   1   1
Pudel1 165   2   1   1   4  26   1   1   1   1 BWL   5  21   2 706   2   1
Pudel1 165   2   1   1   4  26   1   1   1   1 BWL   5  22   4 710   4   1
Pudel1 165   2   1   1   4  26   1   1   1   1 BWL   5  23   6 592   6   1
Pudel1 165   2   1   1   4  26   1   1   1   1 BWL   5  24   5 709   5   1
Pudel1 165   2   1   1   4  26   1   1   1   1 BWL   5  25   3 848   3   1
Pudel1 165   2   1   1   4  26   1   1   1   1 BWL   5  26   4 693   4   1
Pudel1 165   2   1   1   4  26   1   1   1   1 BWL   5  27   6 634   6   1
Pudel1 165   2   1   1   4  26   1   1   1   1 BWL   5  28   5 736   5   1
Pudel1 165   2   1   1   4  26   1   1   1   1 BWL   5  29   2 692   2   1
Pudel1 165   2   1   1   4  26   1   1   1   1 BWL   5  30   6 663   6   1
Pudel1 165   2   1   1   4  26   1   1   1   1 BWL   5  31   5 649   5   1
Pudel1 165   2   1   1   4  26   1   1   1   1 BWL   5  32   4 650   4   1
Pudel1 165   2   1   1   4  26   1   1   1   1 BWL   5  33   6 636   6   1
Pudel1 165   2   1   1   4  26   1   1   1   1 BWL   5  34   3 1079   3   1
Pudel1 165   2   1   1   4  26   1   1   1   1 BWL   5  35   1 705   1   1
Pudel1 165   2   1   1   4  26   1   1   1   1 BWL   5  36   6 722   6   1
Pudel1 165   2   1   1   4  26   1   1   1   1 BWL   5  37   5 678   5   1
Pudel1 165   2   1   1   4  26   1   1   1   1 BWL   5  38   1 662   1   1
Pudel1 165   2   1   1   4  26   1   1   1   1 BWL   5  39   2 678   2   1
Pudel1 165   2   1   1   4  26   1   1   1   1 BWL   5  40   5 925   5   1
Pudel1 165   2   1   1   4  26   1   1   1   1 BWL   5  41   6 707   6   1
Pudel1 165   2   1   1   4  26   1   1   1   1 BWL   5  42   2 762   2   1
Pudel1 165   2   1   1   4  26   1   1   1   1 BWL   5  43   5 882   5   1
Pudel1 165   2   1   1   4  26   1   1   1   1 BWL   5  44   3 864   3   1
Pudel1 165   2   1   1   4  26   1   1   1   1 BWL   5  45   4 721   4   1
Pudel1 165   2   1   1   4  26   1   1   1   1 BWL   5  46   1 735   1   1
Pudel1 165   2   1   1   4  26   1   1   1   1 BWL   5  47   5 738   5   1
Pudel1 165   2   1   1   4  26   1   1   1   1 BWL   5  48   4 749   4   1
Pudel1 165   2   1   1   4  26   1   1   1   1 BWL   5  49   3 878   3   1
Pudel1 165   2   1   1   4  26   1   1   1   1 BWL   5  50   1 678   1   1
Pudel1 165   2   1   1   4  26   1   1   1   1 BWL   5  51   5 881   5   1
Pudel1 165   2   1   1   4  26   1   1   1   1 BWL   5  52   3 834   3   1
Pudel1 165   2   1   1   4  26   1   1   1   1 BWL   5  53   1 649   1   1
Pudel1 165   2   1   1   4  26   1   1   1   1 BWL   5  54   5 781   5   1
Pudel1 165   2   1   1   4  26   1   1   1   1 BWL   5  55   3 648   3   1
Pudel1 165   2   1   1   4  26   1   1   1   1 BWL   5  56   6 766   6   1
Pudel1 165   2   1   1   4  26   1   1   1   1 BWL   5  57   5 893   5   1
Pudel1 165   2   1   1   4  26   1   1   1   1 BWL   5  58   2 763   2   1
Pudel1 165   2   1   1   4  26   1   1   1   1 BWL   5  59   3 650   3   1
Pudel1 165   2   1   1   4  26   1   1   1   1 BWL   5  60   6 708   6   1
Pudel1 165   2   1   1   4  26   1   1   1   1 BWL   5  61   1 746   1   1
Pudel1 165   2   1   1   4  26   1   1   1   1 BWL   5  62   3 622   3   1
Pudel1 165   2   1   1   4  26   1   1   1   1 BWL   5  63   5 665   5   1
Pudel1 165   2   1   1   4  26   1   1   1   1 BWL   5  64   4 663   4   1
Pudel1 165   2   1   1   4  26   1   1   1   1 BWL   5  65   3 707   3   1
Pudel1 165   2   1   1   4  26   1   1   1   1 BWL   5  66   6 620   6   1
Pudel1 165   2   1   1   4  26   1   1   1   1 BWL   5  67   2 662   2   1
Pudel1 165   2   1   1   4  26   1   1   1   1 BWL   5  68   4 664   4   1
Pudel1 165   2   1   1   4  26   1   1   1   1 BWL   5  69   3 665   3   1
Pudel1 165   2   1   1   4  26   1   1   1   1 BWL   5  70   1 576   2   0
Pudel1 165   2   1   1   4  26   1   1   1   1 BWL   5  71   4 880   4   1
Pudel1 165   2   1   1   4  26   1   1   1   1 BWL   5  72   3 779   3   1
Pudel1 165   2   1   1   4  26   1   1   1   1 BWL   5  73   5 693   5   1
Pudel1 165   2   1   1   4  26   1   1   1   1 BWL   5  74   2 690   2   1
Pudel1 165   2   1   1   4  26   1   1   1   1 BWL   5  75   3 664   3   1
Pudel1 165   2   1   1   4  26   1   1   1   1 BWL   5  76   6 708   6   1
Pudel1 165   2   1   1   4  26   1   1   1   1 BWL   5  77   2 733   2   1
Pudel1 165   2   1   1   4  26   1   1   1   1 BWL   5  78   4 664   4   1
Pudel1 165   2   1   1   4  26   1   1   1   1 BWL   5  79   5 593   5   1
Pudel1 165   2   1   1   4  26   1   1   1   1 BWL   5  80   3 776   3   1
Pudel1 165   2   1   1   4  26   1   1   1   1 BWL   5  81   6 753   6   1
Pudel1 165   2   1   1   4  26   1   1   1   1 BWL   5  82   2 719   2   1
Pudel1 165   2   1   1   4  26   1   1   1   1 BWL   5  83   3 677   3   1
Pudel1 165   2   1   1   4  26   1   1   1   1 BWL   5  84   4 864   4   1
Pudel1 165   2   1   1   4  26   1   1   1   1 BWL   5  85   2 793   2   1
Pudel1 165   2   1   1   4  26   1   1   1   1 BWL   5  86   5 766   5   1
Pudel1 165   2   1   1   4  26   1   1   1   1 BWL   5  87   3 706   3   1
Pudel1 165   2   1   1   4  26   1   1   1   1 BWL   5  88   4 707   4   1
Pudel1 165   2   1   1   4  26   1   1   1   1 BWL   5  89   1 764   1   1
Pudel1 165   2   1   1   4  26   1   1   1   1 BWL   5  90   5 708   5   1
Pudel1 165   2   1   1   4  26   1   1   1   1 BWL   5  91   3 763   3   1
Pudel1 165   2   1   1   4  26   1   1   1   1 BWL   5  92   6 680   6   1
Pudel1 165   2   1   1   4  26   1   1   1   1 BWL   5  93   5 708   5   1
Pudel1 165   2   1   1   4  26   1   1   1   1 BWL   5  94   3 791   3   1
Pudel1 165   2   1   1   4  26   1   1   1   1 BWL   5  95   1 705   1   1
Pudel1 165   2   1   1   4  26   1   1   1   1 BWL   5  96   4 823   4   1
Pudel1 165   2   1   1   4  26   1   1   1   1 BWL   5  97   2 662   2   1
Pudel1 165   2   1   1   4  26   1   1   1   1 BWL   5  98   5 636   5   1
Pudel1 165   2   1   1   4  26   1   1   1   1 BWL   5  99   1 661   1   1
Pudel1 165   2   1   1   4  26   1   1   1   1 BWL   5 100   4 679   4   1
Pudel1 165   2   1   1   4  26   1   1   1   1 BWL   5 101   6 608   6   1
Pudel1 165   2   1   1   4  26   1   1   1   1 BWL   5 102   5 692   5   1
Pudel1 165   2   1   1   4  26   1   1   1   1 BWL   5 103   4 648   4   1
Pudel1 165   2   1   1   4  26   1   1   1   1 BWL   5 104   6 664   6   1
Pudel1 165   2   1   1   4  26   1   1   1   1 BWL   5 105   2 707   2   1
Pudel1 165   2   1   1   4  26   1   1   1   1 BWL   5 106   3 649   3   1
Pudel1 165   2   1   1   4  26   1   1   1   1 BWL   5 107   1 705   1   1
Pudel1 165   2   1   1   4  26   1   1   1   1 BWL   5 108   5 737   5   1
Pudel1 165   2   1   1   4  26   1   1   1   1 BWL   5 109   3 705   4   0
Pudel1 165   2   1   1   4  26   1   1   1   1 BWL   5 110   4  33   2   0
Pudel1 165   2   1   1   4  26   1   1   1   1 BWL   5 111   3 824   3   1
Pudel1 165   2   1   1   4  26   1   1   1   1 BWL   5 112   4 619   4   1
Pudel1 165   2   1   1   4  26   1   1   1   1 BWL   5 113   1 648   1   1
Pudel1 165   2   1   1   4  26   1   1   1   1 BWL   5 114   6 796   6   1
Pudel1 165   2   1   1   4  26   1   1   1   1 BWL   5 115   4 663   4   1
Pudel1 165   2   1   1   4  26   1   1   1   1 BWL   5 116   2 735   2   1
Pudel1 165   2   1   1   4  26   1   1   1   1 BWL   5 117   6 881   6   1
Pudel1 165   2   1   1   4  26   1   1   1   1 BWL   5 118   3 719   3   1
Pudel1 165   2   1   1   4  26   1   1   1   1 BWL   5 119   1 692   1   1
Pudel1 165   2   1   1   4  26   1   1   1   1 BWL   5 120   2 737   2   1
Pudel1 165   2   1   1   4  26   1   1   1   1 BWL   5 121   3 723   3   1
Pudel1 165   2   1   1   4  26   1   1   1   1 BWL   5 122   1 704   1   1
Pudel1 165   2   1   1   4  26   1   1   1   1 BWL   5 123   4 867   4   1
Pudel1 165   2   1   1   4  26   1   1   1   1 BWL   5 124   5 607   5   1
Pudel1 165   2   1   1   4  26   1   1   1   1 BWL   5 125   2 747   2   1
Pudel1 165   2   1   1   4  26   1   1   1   1 BWL   5 126   6 679   6   1
Pudel1 165   2   1   1   4  26   1   1   1   1 BWL   5 127   4 707   4   1
Pudel1 165   2   1   1   4  26   1   1   1   1 BWL   5 128   5 709   5   1
Pudel1 165   2   1   1   4  26   1   1   1   1 BWL   5 129   6 677   6   1
Pudel1 165   2   1   1   4  26   1   1   1   1 BWL   5 130   4 690   4   1
Pudel1 165   2   1   1   4  26   1   1   1   1 BWL   5 131   3 792   3   1
Pudel1 165   2   1   1   4  26   1   1   1   1 BWL   5 132   2 735   2   1
Pudel1 165   2   1   1   4  26   1   1   1   1 BWL   5 133   5 851   5   1
Pudel1 165   2   1   1   4  26   1   1   1   1 BWL   5 134   6 650   6   1
Pudel1 165   2   1   1   4  26   1   1   1   1 BWL   5 135   3 835   3   1
Pudel1 165   2   1   1   4  26   1   1   1   1 BWL   5 136   1 735   1   1
Pudel1 165   2   1   1   4  26   1   1   1   1 BWL   5 137   6 996   6   1
Pudel1 165   2   1   1   4  26   1   1   1   1 BWL   5 138   2 950   2   1
Pudel1 165   2   1   1   4  26   1   1   1   1 BWL   5 139   1 779   1   1
Pudel1 165   2   1   1   4  26   1   1   1   1 BWL   5 140   4 792   4   1
Pudel1 165   2   1   1   4  26   1   1   1   1 BWL   5 141   6 738   6   1
Pudel1 165   2   1   1   4  26   1   1   1   1 BWL   5 142   2 762   2   1
Pudel1 165   2   1   1   4  26   1   1   1   1 BWL   5 143   5 809   5   1
Pudel1 165   2   1   1   4  26   1   1   1   1 BWL   5 144   6 735   6   1
Pudel1 165   2   1   1   4  26   1   1   1   1 BWL   6   1   6 647   6   1
Pudel1 165   2   1   1   4  26   1   1   1   1 BWL   6   2   2 807   2   1
Pudel1 165   2   1   1   4  26   1   1   1   1 BWL   6   3   3 736   3   1
Pudel1 165   2   1   1   4  26   1   1   1   1 BWL   6   4   6 708   6   1
Pudel1 165   2   1   1   4  26   1   1   1   1 BWL   6   5   2 820   2   1
Pudel1 165   2   1   1   4  26   1   1   1   1 BWL   6   6   1 705   1   1
Pudel1 165   2   1   1   4  26   1   1   1   1 BWL   6   7   5 707   5   1
Pudel1 165   2   1   1   4  26   1   1   1   1 BWL   6   8   6 621   6   1
Pudel1 165   2   1   1   4  26   1   1   1   1 BWL   6   9   1 734   1   1
Pudel1 165   2   1   1   4  26   1   1   1   1 BWL   6  10   2 649   2   1
Pudel1 165   2   1   1   4  26   1   1   1   1 BWL   6  11   6 651   6   1
Pudel1 165   2   1   1   4  26   1   1   1   1 BWL   6  12   1 734   1   1
Pudel1 165   2   1   1   4  26   1   1   1   1 BWL   6  13   4 779   4   1
Pudel1 165   2   1   1   4  26   1   1   1   1 BWL   6  14   3 721   3   1
Pudel1 165   2   1   1   4  26   1   1   1   1 BWL   6  15   6 707   6   1
Pudel1 165   2   1   1   4  26   1   1   1   1 BWL   6  16   4 663   4   1
Pudel1 165   2   1   1   4  26   1   1   1   1 BWL   6  17   3 706   3   1
Pudel1 165   2   1   1   4  26   1   1   1   1 BWL   6  18   6 667   6   1
Pudel1 165   2   1   1   4  26   1   1   1   1 BWL   6  19   4 791   4   1
Pudel1 165   2   1   1   4  26   1   1   1   1 BWL   6  20   1 763   1   1
Pudel1 165   2   1   1   4  26   1   1   1   1 BWL   6  21   2 695   2   1
Pudel1 165   2   1   1   4  26   1   1   1   1 BWL   6  22   4 751   4   1
Pudel1 165   2   1   1   4  26   1   1   1   1 BWL   6  23   6 622   6   1
Pudel1 165   2   1   1   4  26   1   1   1   1 BWL   6  24   3 849   3   1
Pudel1 165   2   1   1   4  26   1   1   1   1 BWL   6  25   4 692   4   1
Pudel1 165   2   1   1   4  26   1   1   1   1 BWL   6  26   1 619   1   1
Pudel1 165   2   1   1   4  26   1   1   1   1 BWL   6  27   5 807   5   1
Pudel1 165   2   1   1   4  26   1   1   1   1 BWL   6  28   3 693   3   1
Pudel1 165   2   1   1   4  26   1   1   1   1 BWL   6  29   2 648   2   1
Pudel1 165   2   1   1   4  26   1   1   1   1 BWL   6  30   5 694   4   0
Pudel1 165   2   1   1   4  26   1   1   1   1 BWL   6  31   5 651   5   1
Pudel1 165   2   1   1   4  26   1   1   1   1 BWL   6  32   6 633   6   1
Pudel1 165   2   1   1   4  26   1   1   1   1 BWL   6  33   1 647   1   1
Pudel1 165   2   1   1   4  26   1   1   1   1 BWL   6  34   4 1168   4   1
Pudel1 165   2   1   1   4  26   1   1   1   1 BWL   6  35   3 851   3   1
Pudel1 165   2   1   1   4  26   1   1   1   1 BWL   6  36   6 621   6   1
Pudel1 165   2   1   1   4  26   1   1   1   1 BWL   6  37   5 821   5   1
Pudel1 165   2   1   1   4  26   1   1   1   1 BWL   6  38   1 676   1   1
Pudel1 165   2   1   1   4  26   1   1   1   1 BWL   6  39   4 823   4   1
Pudel1 165   2   1   1   4  26   1   1   1   1 BWL   6  40   2 592   2   1
Pudel1 165   2   1   1   4  26   1   1   1   1 BWL   6  41   3 678   3   1
Pudel1 165   2   1   1   4  26   1   1   1   1 BWL   6  42   1 649   1   1
Pudel1 165   2   1   1   4  26   1   1   1   1 BWL   6  43   5 737   5   1
Pudel1 165   2   1   1   4  26   1   1   1   1 BWL   6  44   2 663   2   1
Pudel1 165   2   1   1   4  26   1   1   1   1 BWL   6  45   6 766   6   1
Pudel1 165   2   1   1   4  26   1   1   1   1 BWL   6  46   4 734   4   1
Pudel1 165   2   1   1   4  26   1   1   1   1 BWL   6  47   1 665   1   1
Pudel1 165   2   1   1   4  26   1   1   1   1 BWL   6  48   5 692   5   1
Pudel1 165   2   1   1   4  26   1   1   1   1 BWL   6  49   3 907   3   1
Pudel1 165   2   1   1   4  26   1   1   1   1 BWL   6  50   4 736   4   1
Pudel1 165   2   1   1   4  26   1   1   1   1 BWL   6  51   2 806   2   1
Pudel1 165   2   1   1   4  26   1   1   1   1 BWL   6  52   3 765   3   1
Pudel1 165   2   1   1   4  26   1   1   1   1 BWL   6  53   4 665   4   1
Pudel1 165   2   1   1   4  26   1   1   1   1 BWL   6  54   6 592   6   1
Pudel1 165   2   1   1   4  26   1   1   1   1 BWL   6  55   5 737   5   1
Pudel1 165   2   1   1   4  26   1   1   1   1 BWL   6  56   3 978   3   1
Pudel1 165   2   1   1   4  26   1   1   1   1 BWL   6  57   1 863   1   1
Pudel1 165   2   1   1   4  26   1   1   1   1 BWL   6  58   4 879   4   1
Pudel1 165   2   1   1   4  26   1   1   1   1 BWL   6  59   2 749   2   1
Pudel1 165   2   1   1   4  26   1   1   1   1 BWL   6  60   6 765   6   1
Pudel1 165   2   1   1   4  26   1   1   1   1 BWL   6  61   5 707   5   1
Pudel1 165   2   1   1   4  26   1   1   1   1 BWL   6  62   2 692   2   1
Pudel1 165   2   1   1   4  26   1   1   1   1 BWL   6  63   3 649   3   1
Pudel1 165   2   1   1   4  26   1   1   1   1 BWL   6  64   4 692   4   1
Pudel1 165   2   1   1   4  26   1   1   1   1 BWL   6  65   6 621   6   1
Pudel1 165   2   1   1   4  26   1   1   1   1 BWL   6  66   2 849   2   1
Pudel1 165   2   1   1   4  26   1   1   1   1 BWL   6  67   1 721   1   1
Pudel1 165   2   1   1   4  26   1   1   1   1 BWL   6  68   4 723   5   0
Pudel1 165   2   1   1   4  26   1   1   1   1 BWL   6  69   3 808   3   1
Pudel1 165   2   1   1   4  26   1   1   1   1 BWL   6  70   4 735   4   1
Pudel1 165   2   1   1   4  26   1   1   1   1 BWL   6  71   1 662   1   1
Pudel1 165   2   1   1   4  26   1   1   1   1 BWL   6  72   6 581   6   1
Pudel1 165   2   1   1   4  26   1   1   1   1 BWL   6  73   2 950   2   1
Pudel1 165   2   1   1   4  26   1   1   1   1 BWL   6  74   5 694   5   1
Pudel1 165   2   1   1   4  26   1   1   1   1 BWL   6  75   1 632   1   1
Pudel1 165   2   1   1   4  26   1   1   1   1 BWL   6  76   3 852   3   1
Pudel1 165   2   1   1   4  26   1   1   1   1 BWL   6  77   6 666   6   1
Pudel1 165   2   1   1   4  26   1   1   1   1 BWL   6  78   5 649   5   1
Pudel1 165   2   1   1   4  26   1   1   1   1 BWL   6  79   2 2388   2   1
Pudel1 165   2   1   1   4  26   1   1   1   1 BWL   6  80   3 808   3   1
Pudel1 165   2   1   1   4  26   1   1   1   1 BWL   6  81   5 893   5   1
Pudel1 165   2   1   1   4  26   1   1   1   1 BWL   6  82   4 677   4   1
Pudel1 165   2   1   1   4  26   1   1   1   1 BWL   6  83   3 723   3   1
Pudel1 165   2   1   1   4  26   1   1   1   1 BWL   6  84   6 619   6   1
Pudel1 165   2   1   1   4  26   1   1   1   1 BWL   6  85   5 779   5   1
Pudel1 165   2   1   1   4  26   1   1   1   1 BWL   6  86   2 777   2   1
Pudel1 165   2   1   1   4  26   1   1   1   1 BWL   6  87   4 709   4   1
Pudel1 165   2   1   1   4  26   1   1   1   1 BWL   6  88   1 690   1   1
Pudel1 165   2   1   1   4  26   1   1   1   1 BWL   6  89   5 694   5   1
Pudel1 165   2   1   1   4  26   1   1   1   1 BWL   6  90   3 735   3   1
Pudel1 165   2   1   1   4  26   1   1   1   1 BWL   6  91   2 650   2   1
Pudel1 165   2   1   1   4  26   1   1   1   1 BWL   6  92   5 722   5   1
Pudel1 165   2   1   1   4  26   1   1   1   1 BWL   6  93   3 691   3   1
Pudel1 165   2   1   1   4  26   1   1   1   1 BWL   6  94   1 750   1   1
Pudel1 165   2   1   1   4  26   1   1   1   1 BWL   6  95   6 724   6   1
Pudel1 165   2   1   1   4  26   1   1   1   1 BWL   6  96   2 704   3   0
Pudel1 165   2   1   1   4  26   1   1   1   1 BWL   6  97   5 867   5   1
Pudel1 165   2   1   1   4  26   1   1   1   1 BWL   6  98   6 750   6   1
Pudel1 165   2   1   1   4  26   1   1   1   1 BWL   6  99   1 677   1   1
Pudel1 165   2   1   1   4  26   1   1   1   1 BWL   6 100   4 778   4   1
Pudel1 165   2   1   1   4  26   1   1   1   1 BWL   6 101   3 721   3   1
Pudel1 165   2   1   1   4  26   1   1   1   1 BWL   6 102   5 736   5   1
Pudel1 165   2   1   1   4  26   1   1   1   1 BWL   6 103   1 689   1   1
Pudel1 165   2   1   1   4  26   1   1   1   1 BWL   6 104   4 724   4   1
Pudel1 165   2   1   1   4  26   1   1   1   1 BWL   6 105   3 778   3   1
Pudel1 165   2   1   1   4  26   1   1   1   1 BWL   6 106   5 593   5   1
Pudel1 165   2   1   1   4  26   1   1   1   1 BWL   6 107   6 664   6   1
Pudel1 165   2   1   1   4  26   1   1   1   1 BWL   6 108   1 676   1   1
Pudel1 165   2   1   1   4  26   1   1   1   1 BWL   6 109   4 880   4   1
Pudel1 165   2   1   1   4  26   1   1   1   1 BWL   6 110   5 564   6   0
Pudel1 165   2   1   1   4  26   1   1   1   1 BWL   6 111   1 821   1   1
Pudel1 165   2   1   1   4  26   1   1   1   1 BWL   6 112   3 765   3   1
Pudel1 165   2   1   1   4  26   1   1   1   1 BWL   6 113   5 737   5   1
Pudel1 165   2   1   1   4  26   1   1   1   1 BWL   6 114   4 750   4   1
Pudel1 165   2   1   1   4  26   1   1   1   1 BWL   6 115   6 664   6   1
Pudel1 165   2   1   1   4  26   1   1   1   1 BWL   6 116   1 676   1   1
Pudel1 165   2   1   1   4  26   1   1   1   1 BWL   6 117   4 795   4   1
Pudel1 165   2   1   1   4  26   1   1   1   1 BWL   6 118   5 694   5   1
Pudel1 165   2   1   1   4  26   1   1   1   1 BWL   6 119   3 1050   3   1
Pudel1 165   2   1   1   4  26   1   1   1   1 BWL   6 120   6 622   6   1
Pudel1 165   2   1   1   4  26   1   1   1   1 BWL   6 121   4 835   4   1
Pudel1 165   2   1   1   4  26   1   1   1   1 BWL   6 122   2 662   2   1
Pudel1 165   2   1   1   4  26   1   1   1   1 BWL   6 123   6 637   6   1
Pudel1 165   2   1   1   4  26   1   1   1   1 BWL   6 124   3 777   3   1
Pudel1 165   2   1   1   4  26   1   1   1   1 BWL   6 125   2 1051   2   1
Pudel1 165   2   1   1   4  26   1   1   1   1 BWL   6 126   6 637   6   1
Pudel1 165   2   1   1   4  26   1   1   1   1 BWL   6 127   4 777   4   1
Pudel1 165   2   1   1   4  26   1   1   1   1 BWL   6 128   1 749   1   1
Pudel1 165   2   1   1   4  26   1   1   1   1 BWL   6 129   5 1155   5   1
Pudel1 165   2   1   1   4  26   1   1   1   1 BWL   6 130   4 706   4   1
Pudel1 165   2   1   1   4  26   1   1   1   1 BWL   6 131   1 807   1   1
Pudel1 165   2   1   1   4  26   1   1   1   1 BWL   6 132   6 606   6   1
Pudel1 165   2   1   1   4  26   1   1   1   1 BWL   6 133   5 591   5   1
Pudel1 165   2   1   1   4  26   1   1   1   1 BWL   6 134   3 777   3   1
Pudel1 165   2   1   1   4  26   1   1   1   1 BWL   6 135   4 663   4   1
Pudel1 165   2   1   1   4  26   1   1   1   1 BWL   6 136   6 608   6   1
Pudel1 165   2   1   1   4  26   1   1   1   1 BWL   6 137   2 706   2   1
Pudel1 165   2   1   1   4  26   1   1   1   1 BWL   6 138   1 707   1   1
Pudel1 165   2   1   1   4  26   1   1   1   1 BWL   6 139   5 1141   5   1
Pudel1 165   2   1   1   4  26   1   1   1   1 BWL   6 140   6 563   6   1
Pudel1 165   2   1   1   4  26   1   1   1   1 BWL   6 141   3 778   3   1
Pudel1 165   2   1   1   4  26   1   1   1   1 BWL   6 142   5 550   5   1
Pudel1 165   2   1   1   4  26   1   1   1   1 BWL   6 143   4 663   4   1
Pudel1 165   2   1   1   4  26   1   1   1   1 BWL   6 144   6 593   6   1
Pudel1 165   2   1   1   4  26   1   1   1   1 BWL   7   1   1   6 2181   0   3   2   5   3   2   6   3
Pudel1 165   2   1   1   4  26   1   1   1   1 BWL   7   2   1   2 3582   0   2   5   3   2   6   4   5
Pudel1 165   2   1   1   4  26   1   1   1   1 BWL   7   3   1   5 432   0   1   6   5   3   2   5   3
Pudel1 165   2   1   1   4  26   1   1   1   1 BWL   7   4   1   6 2322   0   5   3   2   5   3   2   5
Pudel1 165   2   1   1   4  26   1   1   1   1 BWL   7   5   1   2 432   0   1   6   5   3   2   5   3
Pudel1 165   2   1   1   4  26   1   1   1   1 BWL   7   6   1   4 352   0   5   3   2   6   4   3   4
Pudel1 165   2   1   1   4  26   1   1   1   1 BWL   7   7   1   5 432   0   3   2   5   3   2   6   3
Pudel1 165   2   1   1   4  26   1   1   1   1 BWL   7   8   1   2 1472   0   5   3   2   6   4   3   3
Pudel1 165   2   1   1   4  26   1   1   1   1 BWL   7   9   1   6 822   0   2   5   3   2   6   4   3
Pudel1 165   2   1   1   4  26   1   1   1   1 BWL   7  10   1   1 1352   0   2   1   6   5   3   2   5
Pudel1 165   2   1   1   4  26   1   1   1   1 BWL   7  11   1   4 472   0   3   2   5   3   2   6   3
Pudel1 165   2   1   1   4  26   1   1   1   1 BWL   7  12   1   5 543   0   2   5   3   2   6   4   4
Pudel1 165   2   1   1   4  26   1   1   1   1 BWL   7  13   1   6 442   0   3   2   6   4   3   6   5
Pudel1 165   2   1   1   4  26   1   1   1   1 BWL   7  14   1   1 1002   0   2   5   3   2   6   4   5
Pudel1 165   2   1   1   4  26   1   1   1   1 BWL   7  15   1   5 912   0   3   2   6   4   3   6   3
Pudel1 165   2   1   1   4  26   1   1   1   1 BWL   7  16   1   2 562   0   6   5   3   2   5   3   4
Pudel1 165   2   1   1   4  26   1   1   1   1 BWL   7  17   1   6 682   0   5   3   2   6   4   3   3
Pudel1 165   2   1   1   4  26   1   1   1   1 BWL   7  18   1   2 1152   0   5   3   2   6   4   3   5
Pudel1 165   2   1   1   4  26   1   1   1   1 BWL   7  19   1   5 652   0   5   3   2   5   3   2   3
Pudel1 165   2   1   1   4  26   1   1   1   1 BWL   7  20   1   4 562   0   1   6   5   3   2   5   5
Pudel1 165   2   1   1   4  26   1   1   1   1 BWL   7  21   1   1 922   0   2   5   3   2   6   4   3
Pudel1 165   2   1   1   4  26   1   1   1   1 BWL   7  22   1   6 472   0   5   3   2   5   3   2   5
Pudel1 165   2   1   1   4  26   1   1   1   1 BWL   7  23   1   4 1032   0   3   2   5   3   2   6   5
Pudel1 165   2   1   1   4  26   1   1   1   1 BWL   7  24   1   2 572   0   2   5   3   2   6   4   3
Pudel1 165   2   1   1   4  26   1   1   1   1 BWL   7  25   1   6 1052   0   2   5   3   2   6   4   4
Pudel1 165   2   1   1   4  26   1   1   1   1 BWL   7  26   1   4 1112   0   2   5   3   2   6   4   4
Pudel1 165   2   1   1   4  26   1   1   1   1 BWL   7  27   1   1 562   0   1   6   5   3   2   5   4
Pudel1 165   2   1   1   4  26   1   1   1   1 BWL   7  28   1   6 652   0   6   5   3   2   5   3   3
Pudel1 165   2   1   1   4  26   1   1   1   1 BWL   7  29   1   5 532   0   5   3   2   6   4   3   5
Pudel1 165   2   1   1   4  26   1   1   1   1 BWL   7  30   1   2 1022   0   5   3   2   5   3   2   5
Pudel1 165   2   1   1   4  26   1   1   1   1 BWL   7  31   1   5 492   0   2   5   3   2   6   4   3
Pudel1 165   2   1   1   4  26   1   1   1   1 BWL   7  32   1   3 812   0   1   6   5   3   2   5   5
Pudel1 165   2   1   1   4  26   1   1   1   1 BWL   7  33   1   6 492   0   3   2   5   3   2   6   4
Pudel1 165   2   1   1   4  26   1   1   1   1 BWL   7  34   1   1 532   0   2   1   6   5   3   2   4
Pudel1 165   2   1   1   4  26   1   1   1   1 BWL   7  35   1   2 982   0   3   2   6   4   3   6   4
Pudel1 165   2   1   1   4  26   1   1   1   1 BWL   7  36   1   5 453   0   2   1   6   5   3   2   4
Pudel1 165   2   1   1   4  26   1   1   1   1 BWL   7  37   1   6 442   0   6   5   3   2   5   3   5
Pudel1 165   2   1   1   4  26   1   1   1   1 BWL   7  38   1   1 472   0   3   2   5   3   2   6   4
Pudel1 165   2   1   1   4  26   1   1   1   1 BWL   7  39   1   5 792   0   5   3   2   5   3   2   3
Pudel1 165   2   1   1   4  26   1   1   1   1 BWL   7  40   1   2 722   0   2   5   3   2   6   4   4
Pudel1 165   2   1   1   4  26   1   1   1   1 BWL   7  41   1   6 712   0   2   5   3   2   6   4   5
Pudel1 165   2   1   1   4  26   1   1   1   1 BWL   7  42   1   1 1243   0   5   3   2   5   3   2   3
Pudel1 165   2   1   1   4  26   1   1   1   1 BWL   7  43   1   6 722   0   3   2   5   3   2   6   3
Pudel1 165   2   1   1   4  26   1   1   1   1 BWL   7  44   1   4 492   0   5   3   2   5   3   2   4
Pudel1 165   2   1   1   4  26   1   1   1   1 BWL   7  45   1   3 522   0   6   5   3   2   5   3   3
Pudel1 165   2   1   1   4  26   1   1   1   1 BWL   7  46   1   1 1212   0   6   5   3   2   5   3   4
Pudel1 165   2   1   1   4  26   1   1   1   1 BWL   7  47   1   6 632   0   2   1   6   5   3   2   5
Pudel1 165   2   1   1   4  26   1   1   1   1 BWL   7  48   1   2 542   0   3   2   6   4   3   6   4
Pudel1 165   2   1   1   4  26   1   1   1   1 BWL   7  49   1   5 572   0   3   2   6   4   3   6   4
Pudel1 165   2   1   1   4  26   1   1   1   1 BWL   7  50   1   3 784   0   5   3   2   5   3   2   4
Pudel1 165   2   1   1   4  26   1   1   1   1 BWL   7  51   1   5 1112   0   3   2   6   4   3   6   3
Pudel1 165   2   1   1   4  26   1   1   1   1 BWL   7  52   1   1 852   0   1   6   5   3   2   5   3
Pudel1 165   2   1   1   4  26   1   1   1   1 BWL   7  53   1   6 682   0   5   3   2   6   4   3   3
Pudel1 165   2   1   1   4  26   1   1   1   1 BWL   7  54   1   1 1062   0   5   3   2   5   3   2   4
Pudel1 165   2   1   1   4  26   1   1   1   1 BWL   7  55   1   4 892   0   5   3   2   6   4   3   4
Pudel1 165   2   1   1   4  26   1   1   1   1 BWL   7  56   1   5 602   0   2   1   6   5   3   2   4
Pudel1 165   2   1   1   4  26   1   1   1   1 BWL   7  57   1   2 632   0   5   3   2   5   3   2   4
Pudel1 165   2   1   1   4  26   1   1   1   1 BWL   7  58   1   6 842   0   1   6   5   3   2   5   5
Pudel1 165   2   1   1   4  26   1   1   1   1 BWL   7  59   1   1 642   0   2   1   6   5   3   2   3
Pudel1 165   2   1   1   4  26   1   1   1   1 BWL   7  60   1   4 1543   0   3   2   6   4   3   6   5
Pudel1 165   2   1   1   4  26   1   1   1   1 BWL   7  61   1   3 1572   0   6   5   3   2   5   3   3
Pudel1 165   2   1   1   4  26   1   1   1   1 BWL   7  62   1   1 1332   0   5   3   2   6   4   3   5
Pudel1 165   2   1   1   4  26   1   1   1   1 BWL   7  63   1   6 552   0   6   5   3   2   5   3   3
Pudel1 165   2   1   1   4  26   1   1   1   1 BWL   7  64   1   2 503   0   6   5   3   2   5   3   4
Pudel1 165   2   1   1   4  26   1   1   1   1 BWL   7  65   1   5 532   0   2   5   3   2   6   4   5
Pudel1 165   2   1   1   4  26   1   1   1   1 BWL   7  66   1   2 692   0   2   1   6   5   3   2   4
Pudel1 165   2   1   1   4  26   1   1   1   1 BWL   7  67   1   4 1822   0   5   3   2   6   4   3   3
Pudel1 165   2   1   1   4  26   1   1   1   1 BWL   7  68   1   3 522   0   3   2   5   3   2   6   5
Pudel1 165   2   1   1   4  26   1   1   1   1 BWL   7  69   1   1 962   0   5   3   2   6   4   3   4
Pudel1 165   2   1   1   4  26   1   1   1   1 BWL   7  70   1   6 512   0   3   2   5   3   2   6   5
Pudel1 165   2   1   1   4  26   1   1   1   1 BWL   7  71   1   2 502   0   2   5   3   2   6   4   4
Pudel1 165   2   1   1   4  26   1   1   1   1 BWL   7  72   1   5 1272   0   5   3   2   6   4   3   5
Pudel1 165   2   1   1   4  26   1   1   1   1 BWL   7  73   1   3 732   0   6   5   3   2   5   3   5
Pudel1 165   2   1   1   4  26   1   1   1   1 BWL   7  74   1   5 612   0   3   2   6   4   3   6   4
Pudel1 165   2   1   1   4  26   1   1   1   1 BWL   7  75   1   4 1542   0   2   1   6   5   3   2   3
Pudel1 165   2   1   1   4  26   1   1   1   1 BWL   7  76   1   1 792   0   1   6   5   3   2   5   4
Pudel1 165   2   1   1   4  26   1   1   1   1 BWL   7  77   1   6 492   0   1   6   5   3   2   5   5
Pudel1 165   2   1   1   4  26   1   1   1   1 BWL   7  78   1   2 672   0   6   5   3   2   5   3   4
Pudel1 165   2   1   1   4  26   1   1   1   1 BWL   7  79   1   5 573   0   6   5   3   2   5   3   5
Pudel1 165   2   1   1   4  26   1   1   1   1 BWL   7  80   1   2 1242   0   2   1   6   5   3   2   5
Pudel1 165   2   1   1   4  26   1   1   1   1 BWL   7  81   1   5 1102   0   3   2   5   3   2   6   5
Pudel1 165   2   1   1   4  26   1   1   1   1 BWL   7  82   1   4 992   0   5   3   2   5   3   2   5
Pudel1 165   2   1   1   4  26   1   1   1   1 BWL   7  83   1   3 622   0   2   1   6   5   3   2   3
Pudel1 165   2   1   1   4  26   1   1   1   1 BWL   7  84   1   1 1483   0   5   3   2   5   3   2   3
Pudel1 165   2   1   1   4  26   1   1   1   1 BWL   7  85   1   6 622   0   6   5   3   2   5   3   4
Pudel1 165   2   1   1   4  26   1   1   1   1 BWL   7  86   1   2 612   0   6   5   3   2   5   3   3
Pudel1 165   2   1   1   4  26   1   1   1   1 BWL   7  87   1   5 632   0   3   2   5   3   2   6   3
Pudel1 165   2   1   1   4  26   1   1   1   1 BWL   7  88   1   3 692   0   3   2   5   3   2   6   4
Pudel1 165   2   1   1   4  26   1   1   1   1 BWL   7  89   1   6 2792   0   2   1   6   5   3   2   3
Pudel1 165   2   1   1   4  26   1   1   1   1 BWL   7  90   1   5 972   0   5   3   2   5   3   2   3
Pudel1 165   2   1   1   4  26   1   1   1   1 BWL   7  91   1   3 602   0   5   3   2   6   4   3   3
Pudel1 165   2   1   1   4  26   1   1   1   1 BWL   7  92   1   5 482   0   5   3   2   6   4   3   5
Pudel1 165   2   1   1   4  26   1   1   1   1 BWL   7  93   1   4 493   0   2   1   6   5   3   2   5
Pudel1 165   2   1   1   4  26   1   1   1   1 BWL   7  94   1   1 1142   0   2   1   6   5   3   2   4
Pudel1 165   2   1   1   4  26   1   1   1   1 BWL   7  95   1   6 652   0   6   5   3   2   5   3   5
Pudel1 165   2   1   1   4  26   1   1   1   1 BWL   7  96   1   2 542   0   3   2   5   3   2   6   4
Pudel1 165   2   1   1   4  26   1   1   1   1 BWL   7  97   1   5 682   0   6   5   3   2   5   3   5
Pudel1 165   2   1   1   4  26   1   1   1   1 BWL   7  98   1   3 762   0   3   2   6   4   3   6   4
Pudel1 165   2   1   1   4  26   1   1   1   1 BWL   7  99   1   4 803   0   1   6   5   3   2   5   4
Pudel1 165   2   1   1   4  26   1   1   1   1 BWL   7 100   1   1 1452   0   1   6   5   3   2   5   4
Pudel1 165   2   1   1   4  26   1   1   1   1 BWL   7 101   1   6 1282   0   3   2   6   4   3   6   5
Pudel1 165   2   1   1   4  26   1   1   1   1 BWL   7 102   1   2 752   0   3   2   6   4   3   6   3
Pudel1 165   2   1   1   4  26   1   1   1   1 BWL   7 103   1   5 542   0   1   6   5   3   2   5   4
Pudel1 165   2   1   1   4  26   1   1   1   1 BWL   7 104   1   2 2212   0   2   1   6   5   3   2   5
Pudel1 165   2   1   1   4  26   1   1   1   1 BWL   7 105   1   4 822   0   2   5   3   2   6   4   5
Pudel1 165   2   1   1   4  26   1   1   1   1 BWL   7 106   1   3 562   0   3   2   6   4   3   6   5
Pudel1 165   2   1   1   4  26   1   1   1   1 BWL   7 107   1   1 642   0   5   3   2   6   4   3   4
Pudel1 165   2   1   1   4  26   1   1   1   1 BWL   7 108   1   6 732   0   5   3   2   5   3   2   4
Pudel1 165   2   1   1   4  26   1   1   1   1 BWL   7 109   1   2 972   0   3   2   5   3   2   6   5
Pudel1 165   2   1   1   4  26   1   1   1   1 BWL   7 110   1   5 692   0   1   6   5   3   2   5   3
Pudel1 165   2   1   1   4  26   1   1   1   1 BWL   7 111   1   2 2032   0   2   1   6   5   3   2   3
Pudel1 165   2   1   1   4  26   1   1   1   1 BWL   7 112   1   4 682   0   5   3   2   6   4   3   4
Pudel1 165   2   1   1   4  26   1   1   1   1 BWL   7 113   1   3 572   0   1   6   5   3   2   5   3
Pudel1 165   2   1   1   4  26   1   1   1   1 BWL   7 114   1   1 752   0   3   2   6   4   3   6   3
Pudel1 165   2   1   1   4  26   1   1   1   1 BWL   7 115   1   6 652   0   5   3   2   5   3   2   5
Pudel1 165   2   1   1   4  26   1   1   1   1 BWL   7 116   1   2 522   0   3   2   6   4   3   6   3
Pudel1 165   2   1   1   4  26   1   1   1   1 BWL   7 117   1   5 1053   0   1   6   5   3   2   5   5
Pudel1 165   2   1   1   4  26   1   1   1   1 BWL   7 118   1   2 1182   0   3   2   5   3   2   6   4
Pudel1 165   2   1   1   4  26   1   1   1   1 BWL   7 119   1   4 682   0   3   2   6   4   3   6   5
Pudel1 165   2   1   1   4  26   1   1   1   1 BWL   7 120   1   3 532   0   2   5   3   2   6   4   3
Pudel1 165   2   1   1   4  26   1   1   1   1 BWL   8   1   1   5 4231   0   3   2   5   3   2   6   3
Pudel1 165   2   1   1   4  26   1   1   1   1 BWL   8   2   1   2 342   0   2   5   3   2   6   4   5
Pudel1 165   2   1   1   4  26   1   1   1   1 BWL   8   3   1   4 572   0   1   6   5   3   2   5   3
Pudel1 165   2   1   1   4  26   1   1   1   1 BWL   8   4   1   3 992   0   5   3   2   5   3   2   5
Pudel1 165   2   1   1   4  26   1   1   1   1 BWL   8   5   1   6 322   0   1   6   5   3   2   5   3
Pudel1 165   2   1   1   4  26   1   1   1   1 BWL   8   6   1   5 762   0   5   3   2   6   4   3   4
Pudel1 165   2   1   1   4  26   1   1   1   1 BWL   8   7   1   1 792   0   3   2   5   3   2   6   3
Pudel1 165   2   1   1   4  26   1   1   1   1 BWL   8   8   1   3 882   0   5   3   2   6   4   3   3
Pudel1 165   2   1   1   4  26   1   1   1   1 BWL   8   9   1   2 552   0   2   5   3   2   6   4   3
Pudel1 165   2   1   1   4  26   1   1   1   1 BWL   8  10   1   4 642   0   2   1   6   5   3   2   5
Pudel1 165   2   1   1   4  26   1   1   1   1 BWL   8  11   1   3 1382   0   3   2   5   3   2   6   3
Pudel1 165   2   1   1   4  26   1   1   1   1 BWL   8  12   1   4 632   0   2   5   3   2   6   4   4
Pudel1 165   2   1   1   4  26   1   1   1   1 BWL   8  13   1   3 712   0   3   2   6   4   3   6   5
Pudel1 165   2   1   1   4  26   1   1   1   1 BWL   8  14   1   2 502   0   2   5   3   2   6   4   5
Pudel1 165   2   1   1   4  26   1   1   1   1 BWL   8  15   1   2 1003   0   3   2   6   4   3   6   3
Pudel1 165   2   1   1   4  26   1   1   1   1 BWL   8  16   1   1 961   0   6   5   3   2   5   3   4
Pudel1 165   2   1   1   4  26   1   1   1   1 BWL   8  17   1   6 522   0   5   3   2   6   4   3   3
Pudel1 165   2   1   1   4  26   1   1   1   1 BWL   8  18   1   4 822   0   5   3   2   6   4   3   5
Pudel1 165   2   1   1   4  26   1   1   1   1 BWL   8  19   1   6 682   0   5   3   2   5   3   2   3
Pudel1 165   2   1   1   4  26   1   1   1   1 BWL   8  20   1   5 1212   0   1   6   5   3   2   5   5
Pudel1 165   2   1   1   4  26   1   1   1   1 BWL   8  21   1   4 582   0   2   5   3   2   6   4   3
Pudel1 165   2   1   1   4  26   1   1   1   1 BWL   8  22   1   5 422   0   5   3   2   5   3   2   5
Pudel1 165   2   1   1   4  26   1   1   1   1 BWL   8  23   1   4 402   0   3   2   5   3   2   6   5
Pudel1 165   2   1   1   4  26   1   1   1   1 BWL   8  24   1   6 682   0   2   5   3   2   6   4   3
Pudel1 165   2   1   1   4  26   1   1   1   1 BWL   8  25   1   5 952   0   2   5   3   2   6   4   4
Pudel1 165   2   1   1   4  26   1   1   1   1 BWL   8  26   1   4 592   0   2   5   3   2   6   4   4
Pudel1 165   2   1   1   4  26   1   1   1   1 BWL   8  27   1   2 982   0   1   6   5   3   2   5   4
Pudel1 165   2   1   1   4  26   1   1   1   1 BWL   8  28   1   5 492   0   6   5   3   2   5   3   3
Pudel1 165   2   1   1   4  26   1   1   1   1 BWL   8  29   1   2 652   0   5   3   2   6   4   3   5
Pudel1 165   2   1   1   4  26   1   1   1   1 BWL   8  30   1   3 442   0   5   3   2   5   3   2   5
Pudel1 165   2   1   1   4  26   1   1   1   1 BWL   8  31   1   4 1072   0   2   5   3   2   6   4   3
Pudel1 165   2   1   1   4  26   1   1   1   1 BWL   8  32   1   3 452   0   1   6   5   3   2   5   5
Pudel1 165   2   1   1   4  26   1   1   1   1 BWL   8  33   1   4 452   0   3   2   5   3   2   6   4
Pudel1 165   2   1   1   4  26   1   1   1   1 BWL   8  34   1   2 832   0   2   1   6   5   3   2   4
Pudel1 165   2   1   1   4  26   1   1   1   1 BWL   8  35   1   4 482   0   3   2   6   4   3   6   4
Pudel1 165   2   1   1   4  26   1   1   1   1 BWL   8  36   1   2 492   0   2   1   6   5   3   2   4
Pudel1 165   2   1   1   4  26   1   1   1   1 BWL   8  37   1   5 722   0   6   5   3   2   5   3   5
Pudel1 165   2   1   1   4  26   1   1   1   1 BWL   8  38   1   2 602   0   3   2   5   3   2   6   4
Pudel1 165   2   1   1   4  26   1   1   1   1 BWL   8  39   1   5 442   0   5   3   2   5   3   2   3
Pudel1 165   2   1   1   4  26   1   1   1   1 BWL   8  40   1   6 692   0   2   5   3   2   6   4   4
Pudel1 165   2   1   1   4  26   1   1   1   1 BWL   8  41   1   1 1223   0   2   5   3   2   6   4   5
Pudel1 165   2   1   1   4  26   1   1   1   1 BWL   8  42   1   4 2062   0   5   3   2   5   3   2   3
Pudel1 165   2   1   1   4  26   1   1   1   1 BWL   8  43   1   1 382   0   3   2   5   3   2   6   3
Pudel1 165   2   1   1   4  26   1   1   1   1 BWL   8  44   1   4 1122   0   5   3   2   5   3   2   4
Pudel1 165   2   1   1   4  26   1   1   1   1 BWL   8  45   1   4 412   0   6   5   3   2   5   3   3
Pudel1 165   2   1   1   4  26   1   1   1   1 BWL   8  46   1   5 901   0   6   5   3   2   5   3   4
Pudel1 165   2   1   1   4  26   1   1   1   1 BWL   8  47   1   2 1232   0   2   1   6   5   3   2   5
Pudel1 165   2   1   1   4  26   1   1   1   1 BWL   8  48   1   3 852   0   3   2   6   4   3   6   4
Pudel1 165   2   1   1   4  26   1   1   1   1 BWL   8  49   1   4 652   0   3   2   6   4   3   6   4
Pudel1 165   2   1   1   4  26   1   1   1   1 BWL   8  50   1   6 702   0   5   3   2   5   3   2   4
Pudel1 165   2   1   1   4  26   1   1   1   1 BWL   8  51   1   5 542   0   3   2   6   4   3   6   3
Pudel1 165   2   1   1   4  26   1   1   1   1 BWL   8  52   1   2 1122   0   1   6   5   3   2   5   3
Pudel1 165   2   1   1   4  26   1   1   1   1 BWL   8  53   1   1 662   0   5   3   2   6   4   3   3
Pudel1 165   2   1   1   4  26   1   1   1   1 BWL   8  54   1   3 742   0   5   3   2   5   3   2   4
Pudel1 165   2   1   1   4  26   1   1   1   1 BWL   8  55   1   4 802   0   5   3   2   6   4   3   4
Pudel1 165   2   1   1   4  26   1   1   1   1 BWL   8  56   1   6 1662   0   2   1   6   5   3   2   4
Pudel1 165   2   1   1   4  26   1   1   1   1 BWL   8  57   1   4 1042   0   5   3   2   5   3   2   4
Pudel1 165   2   1   1   4  26   1   1   1   1 BWL   8  58   1   5 562   0   1   6   5   3   2   5   5
Pudel1 165   2   1   1   4  26   1   1   1   1 BWL   8  59   1   6 552   0   2   1   6   5   3   2   3
Pudel1 165   2   1   1   4  26   1   1   1   1 BWL   8  60   1   4 753   0   3   2   6   4   3   6   5
Pudel1 165   2   1   1   4  26   1   1   1   1 BWL   8  61   1   3 982   0   6   5   3   2   5   3   3
Pudel1 165   2   1   1   4  26   1   1   1   1 BWL   8  62   1   2 792   0   5   3   2   6   4   3   5
Pudel1 165   2   1   1   4  26   1   1   1   1 BWL   8  63   1   3 1412   0   6   5   3   2   5   3   3
Pudel1 165   2   1   1   4  26   1   1   1   1 BWL   8  64   1   4 722   0   6   5   3   2   5   3   4
Pudel1 165   2   1   1   4  26   1   1   1   1 BWL   8  65   1   6 1603   0   2   5   3   2   6   4   5
Pudel1 165   2   1   1   4  26   1   1   1   1 BWL   8  66   1   4 722   0   2   1   6   5   3   2   4
Pudel1 165   2   1   1   4  26   1   1   1   1 BWL   8  67   1   6 502   0   5   3   2   6   4   3   3
Pudel1 165   2   1   1   4  26   1   1   1   1 BWL   8  68   1   1 852   0   3   2   5   3   2   6   5
Pudel1 165   2   1   1   4  26   1   1   1   1 BWL   8  69   1   6 552   0   5   3   2   6   4   3   4
Pudel1 165   2   1   1   4  26   1   1   1   1 BWL   8  70   1   1 582   0   3   2   5   3   2   6   5
Pudel1 165   2   1   1   4  26   1   1   1   1 BWL   8  71   1   2 982   0   2   5   3   2   6   4   4
Pudel1 165   2   1   1   4  26   1   1   1   1 BWL   8  72   1   5 552   0   5   3   2   6   4   3   5
Pudel1 165   2   1   1   4  26   1   1   1   1 BWL   8  73   1   2 642   0   6   5   3   2   5   3   5
Pudel1 165   2   1   1   4  26   1   1   1   1 BWL   8  74   1   5 602   0   3   2   6   4   3   6   4
Pudel1 165   2   1   1   4  26   1   1   1   1 BWL   8  75   1   6 1022   0   2   1   6   5   3   2   3
Pudel1 165   2   1   1   4  26   1   1   1   1 BWL   8  76   1   5 492   0   1   6   5   3   2   5   4
Pudel1 165   2   1   1   4  26   1   1   1   1 BWL   8  77   1   4 752   0   1   6   5   3   2   5   5
Pudel1 165   2   1   1   4  26   1   1   1   1 BWL   8  78   1   3 782   0   6   5   3   2   5   3   4
Pudel1 165   2   1   1   4  26   1   1   1   1 BWL   8  79   1   2 642   0   6   5   3   2   5   3   5
Pudel1 165   2   1   1   4  26   1   1   1   1 BWL   8  80   1   3 932   0   2   1   6   5   3   2   5
Pudel1 165   2   1   1   4  26   1   1   1   1 BWL   8  81   1   4 522   0   3   2   5   3   2   6   5
Pudel1 165   2   1   1   4  26   1   1   1   1 BWL   8  82   1   5 863   0   5   3   2   5   3   2   5
Pudel1 165   2   1   1   4  26   1   1   1   1 BWL   8  83   1   6 552   0   2   1   6   5   3   2   3
Pudel1 165   2   1   1   4  26   1   1   1   1 BWL   8  84   1   5 652   0   5   3   2   5   3   2   3
Pudel1 165   2   1   1   4  26   1   1   1   1 BWL   8  85   1   4 623   0   6   5   3   2   5   3   4
Pudel1 165   2   1   1   4  26   1   1   1   1 BWL   8  86   1   3 1642   0   6   5   3   2   5   3   3
Pudel1 165   2   1   1   4  26   1   1   1   1 BWL   8  87   1   1 762   0   3   2   5   3   2   6   3
Pudel1 165   2   1   1   4  26   1   1   1   1 BWL   8  88   1   4 622   0   3   2   5   3   2   6   4
Pudel1 165   2   1   1   4  26   1   1   1   1 BWL   8  89   1   1 533   0   2   1   6   5   3   2   3
Pudel1 165   2   1   1   4  26   1   1   1   1 BWL   8  90   1   4 522   0   5   3   2   5   3   2   3
Pudel1 165   2   1   1   4  26   1   1   1   1 BWL   8  91   1   6 842   0   5   3   2   6   4   3   3
Pudel1 165   2   1   1   4  26   1   1   1   1 BWL   8  92   1   2 572   0   5   3   2   6   4   3   5
Pudel1 165   2   1   1   4  26   1   1   1   1 BWL   8  93   1   6 602   0   2   1   6   5   3   2   5
Pudel1 165   2   1   1   4  26   1   1   1   1 BWL   8  94   1   2 372   0   2   1   6   5   3   2   4
Pudel1 165   2   1   1   4  26   1   1   1   1 BWL   8  95   1   6 482   0   6   5   3   2   5   3   5
Pudel1 165   2   1   1   4  26   1   1   1   1 BWL   8  96   1   3 572   0   3   2   5   3   2   6   4
Pudel1 165   2   1   1   4  26   1   1   1   1 BWL   8  97   1   4 652   0   6   5   3   2   5   3   5
Pudel1 165   2   1   1   4  26   1   1   1   1 BWL   8  98   1   2 1632   0   3   2   6   4   3   6   4
Pudel1 165   2   1   1   4  26   1   1   1   1 BWL   8  99   1   5 522   0   1   6   5   3   2   5   4
Pudel1 165   2   1   1   4  26   1   1   1   1 BWL   8 100   1   3 722   0   1   6   5   3   2   5   4
Pudel1 165   2   1   1   4  26   1   1   1   1 BWL   8 101   1   6 612   0   3   2   6   4   3   6   5
Pudel1 165   2   1   1   4  26   1   1   1   1 BWL   8 102   1   1 532   0   3   2   6   4   3   6   3
Pudel1 165   2   1   1   4  26   1   1   1   1 BWL   8 103   1   2 492   0   1   6   5   3   2   5   4
Pudel1 165   2   1   1   4  26   1   1   1   1 BWL   8 104   1   5 432   0   2   1   6   5   3   2   5
Pudel1 165   2   1   1   4  26   1   1   1   1 BWL   8 105   1   4 412   0   2   5   3   2   6   4   5
Pudel1 165   2   1   1   4  26   1   1   1   1 BWL   8 106   1   3 432   0   3   2   6   4   3   6   5
Pudel1 165   2   1   1   4  26   1   1   1   1 BWL   8 107   1   2 482   0   5   3   2   6   4   3   4
Pudel1 165   2   1   1   4  26   1   1   1   1 BWL   8 108   1   1 482   0   5   3   2   5   3   2   4
Pudel1 165   2   1   1   4  26   1   1   1   1 BWL   8 109   1   6 533   0   3   2   5   3   2   6   5
Pudel1 165   2   1   1   4  26   1   1   1   1 BWL   8 110   1   5 432   0   1   6   5   3   2   5   3
Pudel1 165   2   1   1   4  26   1   1   1   1 BWL   8 111   1   2 502   0   2   1   6   5   3   2   3
Pudel1 165   2   1   1   4  26   1   1   1   1 BWL   8 112   1   3 582   0   5   3   2   6   4   3   4
Pudel1 165   2   1   1   4  26   1   1   1   1 BWL   8 113   1   4 432   0   1   6   5   3   2   5   3
Pudel1 165   2   1   1   4  26   1   1   1   1 BWL   8 114   1   5 382   0   3   2   6   4   3   6   3
Pudel1 165   2   1   1   4  26   1   1   1   1 BWL   8 115   1   2 372   0   5   3   2   5   3   2   5
Pudel1 165   2   1   1   4  26   1   1   1   1 BWL   8 116   1   6 322   0   3   2   6   4   3   6   3
Pudel1 165   2   1   1   4  26   1   1   1   1 BWL   8 117   1   2 1822   0   1   6   5   3   2   5   5
Pudel1 165   2   1   1   4  26   1   1   1   1 BWL   8 118   1   6 812   0   3   2   5   3   2   6   4
Pudel1 165   2   1   1   4  26   1   1   1   1 BWL   8 119   1   5 612   0   3   2   6   4   3   6   5
Pudel1 165   2   1   1   4  26   1   1   1   1 BWL   8 120   1   6 432   0   2   5   3   2   6   4   3
