Pudel1 182   2   2   1   4  22   1   1   1   2 LAG   1   1   1 764   1   1
Pudel1 182   2   2   1   4  22   1   1   1   2 LAG   1   2   5 769   4   0
Pudel1 182   2   2   1   4  22   1   1   1   2 LAG   1   3   4 1037   3   0
Pudel1 182   2   2   1   4  22   1   1   1   2 LAG   1   4   2 1155   2   1
Pudel1 182   2   2   1   4  22   1   1   1   2 LAG   1   5   5 1256   4   0
Pudel1 182   2   2   1   4  22   1   1   1   2 LAG   1   6   1 939   1   1
Pudel1 182   2   2   1   4  22   1   1   1   2 LAG   1   7   5 1401   5   1
Pudel1 182   2   2   1   4  22   1   1   1   2 LAG   1   8   4 908   4   1
Pudel1 182   2   2   1   4  22   1   1   1   2 LAG   1   9   1 838   1   1
Pudel1 182   2   2   1   4  22   1   1   1   2 LAG   1  10   2 979   2   1
Pudel1 182   2   2   1   4  22   1   1   1   2 LAG   1  11   4 1802   4   1
Pudel1 182   2   2   1   4  22   1   1   1   2 LAG   1  12   5 664   5   1
Pudel1 182   2   2   1   4  22   1   1   1   2 LAG   1  13   6 709   6   1
Pudel1 182   2   2   1   4  22   1   1   1   2 LAG   1  14   2 1007   2   1
Pudel1 182   2   2   1   4  22   1   1   1   2 LAG   1  15   3 867   3   1
Pudel1 182   2   2   1   4  22   1   1   1   2 LAG   1  16   1 751   1   1
Pudel1 182   2   2   1   4  22   1   1   1   2 LAG   1  17   4 680   4   1
Pudel1 182   2   2   1   4  22   1   1   1   2 LAG   1  18   2 749   2   1
Pudel1 182   2   2   1   4  22   1   1   1   2 LAG   1  19   6 711   6   1
Pudel1 182   2   2   1   4  22   1   1   1   2 LAG   1  20   3 838   3   1
Pudel1 182   2   2   1   4  22   1   1   1   2 LAG   1  21   5 778   5   1
Pudel1 182   2   2   1   4  22   1   1   1   2 LAG   1  22   2 909   2   1
Pudel1 182   2   2   1   4  22   1   1   1   2 LAG   1  23   6 794   6   1
Pudel1 182   2   2   1   4  22   1   1   1   2 LAG   1  24   5 852   5   1
Pudel1 182   2   2   1   4  22   1   1   1   2 LAG   1  25   1 720   1   1
Pudel1 182   2   2   1   4  22   1   1   1   2 LAG   1  26   5 940   4   0
Pudel1 182   2   2   1   4  22   1   1   1   2 LAG   1  27   6 924   6   1
Pudel1 182   2   2   1   4  22   1   1   1   2 LAG   1  28   1 792   1   1
Pudel1 182   2   2   1   4  22   1   1   1   2 LAG   1  29   2 894   2   1
Pudel1 182   2   2   1   4  22   1   1   1   2 LAG   1  30   6 766   6   1
Pudel1 182   2   2   1   4  22   1   1   1   2 LAG   1  31   4 795   4   1
Pudel1 182   2   2   1   4  22   1   1   1   2 LAG   1  32   3 838   3   1
Pudel1 182   2   2   1   4  22   1   1   1   2 LAG   1  33   1 748   1   1
Pudel1 182   2   2   1   4  22   1   1   1   2 LAG   1  34   6 652   6   1
Pudel1 182   2   2   1   4  22   1   1   1   2 LAG   1  35   3 707   3   1
Pudel1 182   2   2   1   4  22   1   1   1   2 LAG   1  36   1 1025   1   1
Pudel1 182   2   2   1   4  22   1   1   1   2 LAG   1  37   2 939   2   1
Pudel1 182   2   2   1   4  22   1   1   1   2 LAG   1  38   4 924   4   1
Pudel1 182   2   2   1   4  22   1   1   1   2 LAG   1  39   3 1111   3   1
Pudel1 182   2   2   1   4  22   1   1   1   2 LAG   1  40   2 736   2   1
Pudel1 182   2   2   1   4  22   1   1   1   2 LAG   1  41   5 940   5   1
Pudel1 182   2   2   1   4  22   1   1   1   2 LAG   1  42   3 1008   3   1
Pudel1 182   2   2   1   4  22   1   1   1   2 LAG   1  43   6 826   6   1
Pudel1 182   2   2   1   4  22   1   1   1   2 LAG   1  44   5 865   5   1
Pudel1 182   2   2   1   4  22   1   1   1   2 LAG   1  45   3 895   3   1
Pudel1 182   2   2   1   4  22   1   1   1   2 LAG   1  46   4 678   4   1
Pudel1 182   2   2   1   4  22   1   1   1   2 LAG   1  47   2 850   2   1
Pudel1 182   2   2   1   4  22   1   1   1   2 LAG   1  48   6 654   6   1
Pudel1 182   2   2   1   4  22   1   1   1   2 LAG   1  49   5 896   5   1
Pudel1 182   2   2   1   4  22   1   1   1   2 LAG   1  50   1 776   1   1
Pudel1 182   2   2   1   4  22   1   1   1   2 LAG   1  51   6 739   6   1
Pudel1 182   2   2   1   4  22   1   1   1   2 LAG   1  52   5 693   5   1
Pudel1 182   2   2   1   4  22   1   1   1   2 LAG   1  53   2 735   2   1
Pudel1 182   2   2   1   4  22   1   1   1   2 LAG   1  54   1 909   1   1
Pudel1 182   2   2   1   4  22   1   1   1   2 LAG   1  55   6 695   6   1
Pudel1 182   2   2   1   4  22   1   1   1   2 LAG   1  56   2 793   2   1
Pudel1 182   2   2   1   4  22   1   1   1   2 LAG   1  57   4 737   4   1
Pudel1 182   2   2   1   4  22   1   1   1   2 LAG   1  58   1 807   1   1
Pudel1 182   2   2   1   4  22   1   1   1   2 LAG   1  59   5 898   5   1
Pudel1 182   2   2   1   4  22   1   1   1   2 LAG   1  60   6 780   6   1
Pudel1 182   2   2   1   4  22   1   1   1   2 LAG   1  61   3 866   3   1
Pudel1 182   2   2   1   4  22   1   1   1   2 LAG   1  62   2 793   2   1
Pudel1 182   2   2   1   4  22   1   1   1   2 LAG   1  63   5 737   4   0
Pudel1 182   2   2   1   4  22   1   1   1   2 LAG   1  64   1 766   1   1
Pudel1 182   2   2   1   4  22   1   1   1   2 LAG   1  65   2 939   2   1
Pudel1 182   2   2   1   4  22   1   1   1   2 LAG   1  66   4 665   4   1
Pudel1 182   2   2   1   4  22   1   1   1   2 LAG   1  67   6 824   6   1
Pudel1 182   2   2   1   4  22   1   1   1   2 LAG   1  68   2 777   2   1
Pudel1 182   2   2   1   4  22   1   1   1   2 LAG   1  69   3 968   3   1
Pudel1 182   2   2   1   4  22   1   1   1   2 LAG   1  70   6 839   6   1
Pudel1 182   2   2   1   4  22   1   1   1   2 LAG   1  71   1 807   1   1
Pudel1 182   2   2   1   4  22   1   1   1   2 LAG   1  72   3 752   3   1
Pudel1 182   2   2   1   4  22   1   1   1   2 LAG   1  73   2 820   2   1
Pudel1 182   2   2   1   4  22   1   1   1   2 LAG   1  74   6 797   6   1
Pudel1 182   2   2   1   4  22   1   1   1   2 LAG   1  75   4 950   4   1
Pudel1 182   2   2   1   4  22   1   1   1   2 LAG   1  76   1 749   1   1
Pudel1 182   2   2   1   4  22   1   1   1   2 LAG   1  77   6 781   6   1
Pudel1 182   2   2   1   4  22   1   1   1   2 LAG   1  78   3 835   3   1
Pudel1 182   2   2   1   4  22   1   1   1   2 LAG   1  79   1 795   1   1
Pudel1 182   2   2   1   4  22   1   1   1   2 LAG   1  80   2 952   2   1
Pudel1 182   2   2   1   4  22   1   1   1   2 LAG   1  81   6 853   6   1
Pudel1 182   2   2   1   4  22   1   1   1   2 LAG   1  82   4 1024   4   1
Pudel1 182   2   2   1   4  22   1   1   1   2 LAG   1  83   1 706   1   1
Pudel1 182   2   2   1   4  22   1   1   1   2 LAG   1  84   3 995   3   1
Pudel1 182   2   2   1   4  22   1   1   1   2 LAG   1  85   2 794   2   1
Pudel1 182   2   2   1   4  22   1   1   1   2 LAG   1  86   1 750   1   1
Pudel1 182   2   2   1   4  22   1   1   1   2 LAG   1  87   3 936   3   1
Pudel1 182   2   2   1   4  22   1   1   1   2 LAG   1  88   4 694   4   1
Pudel1 182   2   2   1   4  22   1   1   1   2 LAG   1  89   2 780   2   1
Pudel1 182   2   2   1   4  22   1   1   1   2 LAG   1  90   4 808   5   0
Pudel1 182   2   2   1   4  22   1   1   1   2 LAG   1  91   1 737   1   1
Pudel1 182   2   2   1   4  22   1   1   1   2 LAG   1  92   6 781   6   1
Pudel1 182   2   2   1   4  22   1   1   1   2 LAG   1  93   5 778   5   1
Pudel1 182   2   2   1   4  22   1   1   1   2 LAG   1  94   3 779   3   1
Pudel1 182   2   2   1   4  22   1   1   1   2 LAG   1  95   1 779   1   1
Pudel1 182   2   2   1   4  22   1   1   1   2 LAG   1  96   2 809   2   1
Pudel1 182   2   2   1   4  22   1   1   1   2 LAG   1  97   3 882   3   1
Pudel1 182   2   2   1   4  22   1   1   1   2 LAG   1  98   4 679   4   1
Pudel1 182   2   2   1   4  22   1   1   1   2 LAG   1  99   5 723   5   1
Pudel1 182   2   2   1   4  22   1   1   1   2 LAG   1 100   1 764   1   1
Pudel1 182   2   2   1   4  22   1   1   1   2 LAG   1 101   6 708   6   1
Pudel1 182   2   2   1   4  22   1   1   1   2 LAG   1 102   2 765   2   1
Pudel1 182   2   2   1   4  22   1   1   1   2 LAG   1 103   3 794   3   1
Pudel1 182   2   2   1   4  22   1   1   1   2 LAG   1 104   6 781   6   1
Pudel1 182   2   2   1   4  22   1   1   1   2 LAG   1 105   2 865   2   1
Pudel1 182   2   2   1   4  22   1   1   1   2 LAG   1 106   4 681   4   1
Pudel1 182   2   2   1   4  22   1   1   1   2 LAG   1 107   1 691   1   1
Pudel1 182   2   2   1   4  22   1   1   1   2 LAG   1 108   3 967   3   1
Pudel1 182   2   2   1   4  22   1   1   1   2 LAG   1 109   5 765   5   1
Pudel1 182   2   2   1   4  22   1   1   1   2 LAG   1 110   4 1255   4   1
Pudel1 182   2   2   1   4  22   1   1   1   2 LAG   1 111   6 737   6   1
Pudel1 182   2   2   1   4  22   1   1   1   2 LAG   1 112   3 764   3   1
Pudel1 182   2   2   1   4  22   1   1   1   2 LAG   1 113   4 1099   4   1
Pudel1 182   2   2   1   4  22   1   1   1   2 LAG   1 114   1 820   1   1
Pudel1 182   2   2   1   4  22   1   1   1   2 LAG   1 115   5 726   5   1
Pudel1 182   2   2   1   4  22   1   1   1   2 LAG   1 116   6 792   6   1
Pudel1 182   2   2   1   4  22   1   1   1   2 LAG   1 117   4 923   4   1
Pudel1 182   2   2   1   4  22   1   1   1   2 LAG   1 118   2 809   2   1
Pudel1 182   2   2   1   4  22   1   1   1   2 LAG   1 119   6 738   6   1
Pudel1 182   2   2   1   4  22   1   1   1   2 LAG   1 120   4 1080   4   1
Pudel1 182   2   2   1   4  22   1   1   1   2 LAG   1 121   2 750   2   1
Pudel1 182   2   2   1   4  22   1   1   1   2 LAG   1 122   3 881   3   1
Pudel1 182   2   2   1   4  22   1   1   1   2 LAG   1 123   1 837   1   1
Pudel1 182   2   2   1   4  22   1   1   1   2 LAG   1 124   6 696   6   1
Pudel1 182   2   2   1   4  22   1   1   1   2 LAG   1 125   3 893   3   1
Pudel1 182   2   2   1   4  22   1   1   1   2 LAG   1 126   5 810   5   1
Pudel1 182   2   2   1   4  22   1   1   1   2 LAG   1 127   2 864   2   1
Pudel1 182   2   2   1   4  22   1   1   1   2 LAG   1 128   1 779   1   1
Pudel1 182   2   2   1   4  22   1   1   1   2 LAG   1 129   5 1301   5   1
Pudel1 182   2   2   1   4  22   1   1   1   2 LAG   1 130   2 807   2   1
Pudel1 182   2   2   1   4  22   1   1   1   2 LAG   1 131   3 708   3   1
Pudel1 182   2   2   1   4  22   1   1   1   2 LAG   1 132   4 795   4   1
Pudel1 182   2   2   1   4  22   1   1   1   2 LAG   1 133   2 738   2   1
Pudel1 182   2   2   1   4  22   1   1   1   2 LAG   1 134   6 635   6   1
Pudel1 182   2   2   1   4  22   1   1   1   2 LAG   1 135   3 781   3   1
Pudel1 182   2   2   1   4  22   1   1   1   2 LAG   1 136   1 692   1   1
Pudel1 182   2   2   1   4  22   1   1   1   2 LAG   1 137   4 682   4   1
Pudel1 182   2   2   1   4  22   1   1   1   2 LAG   1 138   2 619   2   1
Pudel1 182   2   2   1   4  22   1   1   1   2 LAG   1 139   5 854   5   1
Pudel1 182   2   2   1   4  22   1   1   1   2 LAG   1 140   1 792   1   1
Pudel1 182   2   2   1   4  22   1   1   1   2 LAG   1 141   3 1041   3   1
Pudel1 182   2   2   1   4  22   1   1   1   2 LAG   1 142   4 592   4   1
Pudel1 182   2   2   1   4  22   1   1   1   2 LAG   1 143   6 679   6   1
Pudel1 182   2   2   1   4  22   1   1   1   2 LAG   1 144   3 879   3   1
Pudel1 182   2   2   1   4  22   1   1   1   2 LAG   2   1   1 809   1   1
Pudel1 182   2   2   1   4  22   1   1   1   2 LAG   2   2   2 739   2   1
Pudel1 182   2   2   1   4  22   1   1   1   2 LAG   2   3   5 724   5   1
Pudel1 182   2   2   1   4  22   1   1   1   2 LAG   2   4   3 678   3   1
Pudel1 182   2   2   1   4  22   1   1   1   2 LAG   2   5   4 665   4   1
Pudel1 182   2   2   1   4  22   1   1   1   2 LAG   2   6   1 692   1   1
Pudel1 182   2   2   1   4  22   1   1   1   2 LAG   2   7   5 725   5   1
Pudel1 182   2   2   1   4  22   1   1   1   2 LAG   2   8   4 822   4   1
Pudel1 182   2   2   1   4  22   1   1   1   2 LAG   2   9   3 549   3   1
Pudel1 182   2   2   1   4  22   1   1   1   2 LAG   2  10   5 680   5   1
Pudel1 182   2   2   1   4  22   1   1   1   2 LAG   2  11   6 679   6   1
Pudel1 182   2   2   1   4  22   1   1   1   2 LAG   2  12   3 679   3   1
Pudel1 182   2   2   1   4  22   1   1   1   2 LAG   2  13   5 651   5   1
Pudel1 182   2   2   1   4  22   1   1   1   2 LAG   2  14   6 737   6   1
Pudel1 182   2   2   1   4  22   1   1   1   2 LAG   2  15   1 706   1   1
Pudel1 182   2   2   1   4  22   1   1   1   2 LAG   2  16   5 754   5   1
Pudel1 182   2   2   1   4  22   1   1   1   2 LAG   2  17   6 765   6   1
Pudel1 182   2   2   1   4  22   1   1   1   2 LAG   2  18   1 705   1   1
Pudel1 182   2   2   1   4  22   1   1   1   2 LAG   2  19   2 766   2   1
Pudel1 182   2   2   1   4  22   1   1   1   2 LAG   2  20   6 664   6   1
Pudel1 182   2   2   1   4  22   1   1   1   2 LAG   2  21   5 781   5   1
Pudel1 182   2   2   1   4  22   1   1   1   2 LAG   2  22   2 750   2   1
Pudel1 182   2   2   1   4  22   1   1   1   2 LAG   2  23   6 695   6   1
Pudel1 182   2   2   1   4  22   1   1   1   2 LAG   2  24   1 807   1   1
Pudel1 182   2   2   1   4  22   1   1   1   2 LAG   2  25   5 611   5   1
Pudel1 182   2   2   1   4  22   1   1   1   2 LAG   2  26   2 648   2   1
Pudel1 182   2   2   1   4  22   1   1   1   2 LAG   2  27   3 710   3   1
Pudel1 182   2   2   1   4  22   1   1   1   2 LAG   2  28   4 708   4   1
Pudel1 182   2   2   1   4  22   1   1   1   2 LAG   2  29   6 636   6   1
Pudel1 182   2   2   1   4  22   1   1   1   2 LAG   2  30   4 866   3   0
Pudel1 182   2   2   1   4  22   1   1   1   2 LAG   2  31   3  47   1   0
Pudel1 182   2   2   1   4  22   1   1   1   2 LAG   2  32   6 1418   6   1
Pudel1 182   2   2   1   4  22   1   1   1   2 LAG   2  33   4 937   4   1
Pudel1 182   2   2   1   4  22   1   1   1   2 LAG   2  34   1 721   1   1
Pudel1 182   2   2   1   4  22   1   1   1   2 LAG   2  35   6 710   6   1
Pudel1 182   2   2   1   4  22   1   1   1   2 LAG   2  36   5 680   5   1
Pudel1 182   2   2   1   4  22   1   1   1   2 LAG   2  37   1 750   1   1
Pudel1 182   2   2   1   4  22   1   1   1   2 LAG   2  38   4 865   4   1
Pudel1 182   2   2   1   4  22   1   1   1   2 LAG   2  39   5 782   5   1
Pudel1 182   2   2   1   4  22   1   1   1   2 LAG   2  40   3 1082   3   1
Pudel1 182   2   2   1   4  22   1   1   1   2 LAG   2  41   6 710   6   1
Pudel1 182   2   2   1   4  22   1   1   1   2 LAG   2  42   2 922   2   1
Pudel1 182   2   2   1   4  22   1   1   1   2 LAG   2  43   4 766   4   1
Pudel1 182   2   2   1   4  22   1   1   1   2 LAG   2  44   6 751   6   1
Pudel1 182   2   2   1   4  22   1   1   1   2 LAG   2  45   5 796   5   1
Pudel1 182   2   2   1   4  22   1   1   1   2 LAG   2  46   1 720   1   1
Pudel1 182   2   2   1   4  22   1   1   1   2 LAG   2  47   3 767   3   1
Pudel1 182   2   2   1   4  22   1   1   1   2 LAG   2  48   4 867   4   1
Pudel1 182   2   2   1   4  22   1   1   1   2 LAG   2  49   6 694   6   1
Pudel1 182   2   2   1   4  22   1   1   1   2 LAG   2  50   3 764   3   1
Pudel1 182   2   2   1   4  22   1   1   1   2 LAG   2  51   5 867   5   1
Pudel1 182   2   2   1   4  22   1   1   1   2 LAG   2  52   4 736   4   1
Pudel1 182   2   2   1   4  22   1   1   1   2 LAG   2  53   3 607   3   1
Pudel1 182   2   2   1   4  22   1   1   1   2 LAG   2  54   1 621   1   1
Pudel1 182   2   2   1   4  22   1   1   1   2 LAG   2  55   6 638   6   1
Pudel1 182   2   2   1   4  22   1   1   1   2 LAG   2  56   5 635   5   1
Pudel1 182   2   2   1   4  22   1   1   1   2 LAG   2  57   2 765   2   1
Pudel1 182   2   2   1   4  22   1   1   1   2 LAG   2  58   4 637   4   1
Pudel1 182   2   2   1   4  22   1   1   1   2 LAG   2  59   6 593   6   1
Pudel1 182   2   2   1   4  22   1   1   1   2 LAG   2  60   1 764   1   1
Pudel1 182   2   2   1   4  22   1   1   1   2 LAG   2  61   3 882   3   1
Pudel1 182   2   2   1   4  22   1   1   1   2 LAG   2  62   6 739   6   1
Pudel1 182   2   2   1   4  22   1   1   1   2 LAG   2  63   5 866   5   1
Pudel1 182   2   2   1   4  22   1   1   1   2 LAG   2  64   4 866   4   1
Pudel1 182   2   2   1   4  22   1   1   1   2 LAG   2  65   1 663   1   1
Pudel1 182   2   2   1   4  22   1   1   1   2 LAG   2  66   6 754   5   0
Pudel1 182   2   2   1   4  22   1   1   1   2 LAG   2  67   2 865   2   1
Pudel1 182   2   2   1   4  22   1   1   1   2 LAG   2  68   6 798   6   1
Pudel1 182   2   2   1   4  22   1   1   1   2 LAG   2  69   1 749   1   1
Pudel1 182   2   2   1   4  22   1   1   1   2 LAG   2  70   3 723   3   1
Pudel1 182   2   2   1   4  22   1   1   1   2 LAG   2  71   2 866   2   1
Pudel1 182   2   2   1   4  22   1   1   1   2 LAG   2  72   1 663   1   1
Pudel1 182   2   2   1   4  22   1   1   1   2 LAG   2  73   3 695   3   1
Pudel1 182   2   2   1   4  22   1   1   1   2 LAG   2  74   5 679   5   1
Pudel1 182   2   2   1   4  22   1   1   1   2 LAG   2  75   2 592   2   1
Pudel1 182   2   2   1   4  22   1   1   1   2 LAG   2  76   1 622   1   1
Pudel1 182   2   2   1   4  22   1   1   1   2 LAG   2  77   4 666   4   1
Pudel1 182   2   2   1   4  22   1   1   1   2 LAG   2  78   2 649   2   1
Pudel1 182   2   2   1   4  22   1   1   1   2 LAG   2  79   5 754   5   1
Pudel1 182   2   2   1   4  22   1   1   1   2 LAG   2  80   6 706   6   1
Pudel1 182   2   2   1   4  22   1   1   1   2 LAG   2  81   3 764   3   1
Pudel1 182   2   2   1   4  22   1   1   1   2 LAG   2  82   4 549   4   1
Pudel1 182   2   2   1   4  22   1   1   1   2 LAG   2  83   2 621   2   1
Pudel1 182   2   2   1   4  22   1   1   1   2 LAG   2  84   1 651   1   1
Pudel1 182   2   2   1   4  22   1   1   1   2 LAG   2  85   5 725   5   1
Pudel1 182   2   2   1   4  22   1   1   1   2 LAG   2  86   4 750   4   1
Pudel1 182   2   2   1   4  22   1   1   1   2 LAG   2  87   6 708   6   1
Pudel1 182   2   2   1   4  22   1   1   1   2 LAG   2  88   3 795   3   1
Pudel1 182   2   2   1   4  22   1   1   1   2 LAG   2  89   5 550   5   1
Pudel1 182   2   2   1   4  22   1   1   1   2 LAG   2  90   4 779   4   1
Pudel1 182   2   2   1   4  22   1   1   1   2 LAG   2  91   1 736   1   1
Pudel1 182   2   2   1   4  22   1   1   1   2 LAG   2  92   3 809   3   1
Pudel1 182   2   2   1   4  22   1   1   1   2 LAG   2  93   5 609   4   0
Pudel1 182   2   2   1   4  22   1   1   1   2 LAG   2  94   3 751   2   0
Pudel1 182   2   2   1   4  22   1   1   1   2 LAG   2  95   1 881   1   1
Pudel1 182   2   2   1   4  22   1   1   1   2 LAG   2  96   6 796   6   1
Pudel1 182   2   2   1   4  22   1   1   1   2 LAG   2  97   2 967   2   1
Pudel1 182   2   2   1   4  22   1   1   1   2 LAG   2  98   3 968   3   1
Pudel1 182   2   2   1   4  22   1   1   1   2 LAG   2  99   1 822   1   1
Pudel1 182   2   2   1   4  22   1   1   1   2 LAG   2 100   4 881   4   1
Pudel1 182   2   2   1   4  22   1   1   1   2 LAG   2 101   2 622   2   1
Pudel1 182   2   2   1   4  22   1   1   1   2 LAG   2 102   6 724   6   1
Pudel1 182   2   2   1   4  22   1   1   1   2 LAG   2 103   1 748   1   1
Pudel1 182   2   2   1   4  22   1   1   1   2 LAG   2 104   3 667   3   1
Pudel1 182   2   2   1   4  22   1   1   1   2 LAG   2 105   5 764   5   1
Pudel1 182   2   2   1   4  22   1   1   1   2 LAG   2 106   1 736   1   1
Pudel1 182   2   2   1   4  22   1   1   1   2 LAG   2 107   6 796   6   1
Pudel1 182   2   2   1   4  22   1   1   1   2 LAG   2 108   3 765   3   1
Pudel1 182   2   2   1   4  22   1   1   1   2 LAG   2 109   1 768   1   1
Pudel1 182   2   2   1   4  22   1   1   1   2 LAG   2 110   5 721   5   1
Pudel1 182   2   2   1   4  22   1   1   1   2 LAG   2 111   3 895   3   1
Pudel1 182   2   2   1   4  22   1   1   1   2 LAG   2 112   6 722   6   1
Pudel1 182   2   2   1   4  22   1   1   1   2 LAG   2 113   2 808   2   1
Pudel1 182   2   2   1   4  22   1   1   1   2 LAG   2 114   4 896   4   1
Pudel1 182   2   2   1   4  22   1   1   1   2 LAG   2 115   5 594   5   1
Pudel1 182   2   2   1   4  22   1   1   1   2 LAG   2 116   3 851   3   1
Pudel1 182   2   2   1   4  22   1   1   1   2 LAG   2 117   4 1010   4   1
Pudel1 182   2   2   1   4  22   1   1   1   2 LAG   2 118   2 780   2   1
Pudel1 182   2   2   1   4  22   1   1   1   2 LAG   2 119   1 636   1   1
Pudel1 182   2   2   1   4  22   1   1   1   2 LAG   2 120   3 738   3   1
Pudel1 182   2   2   1   4  22   1   1   1   2 LAG   2 121   4 709   4   1
Pudel1 182   2   2   1   4  22   1   1   1   2 LAG   2 122   2 634   2   1
Pudel1 182   2   2   1   4  22   1   1   1   2 LAG   2 123   6 795   6   1
Pudel1 182   2   2   1   4  22   1   1   1   2 LAG   2 124   4 824   4   1
Pudel1 182   2   2   1   4  22   1   1   1   2 LAG   2 125   5 692   5   1
Pudel1 182   2   2   1   4  22   1   1   1   2 LAG   2 126   3 809   3   1
Pudel1 182   2   2   1   4  22   1   1   1   2 LAG   2 127   6 752   6   1
Pudel1 182   2   2   1   4  22   1   1   1   2 LAG   2 128   5 1155   5   1
Pudel1 182   2   2   1   4  22   1   1   1   2 LAG   2 129   1 692   1   1
Pudel1 182   2   2   1   4  22   1   1   1   2 LAG   2 130   3 609   3   1
Pudel1 182   2   2   1   4  22   1   1   1   2 LAG   2 131   4 881   4   1
Pudel1 182   2   2   1   4  22   1   1   1   2 LAG   2 132   6 763   6   1
Pudel1 182   2   2   1   4  22   1   1   1   2 LAG   2 133   5 810   5   1
Pudel1 182   2   2   1   4  22   1   1   1   2 LAG   2 134   3 706   3   1
Pudel1 182   2   2   1   4  22   1   1   1   2 LAG   2 135   5 564   4   0
Pudel1 182   2   2   1   4  22   1   1   1   2 LAG   2 136   6 709   6   1
Pudel1 182   2   2   1   4  22   1   1   1   2 LAG   2 137   3 810   3   1
Pudel1 182   2   2   1   4  22   1   1   1   2 LAG   2 138   5 721   5   1
Pudel1 182   2   2   1   4  22   1   1   1   2 LAG   2 139   6 724   6   1
Pudel1 182   2   2   1   4  22   1   1   1   2 LAG   2 140   2 880   2   1
Pudel1 182   2   2   1   4  22   1   1   1   2 LAG   2 141   4 666   4   1
Pudel1 182   2   2   1   4  22   1   1   1   2 LAG   2 142   3 853   3   1
Pudel1 182   2   2   1   4  22   1   1   1   2 LAG   2 143   2 850   2   1
Pudel1 182   2   2   1   4  22   1   1   1   2 LAG   2 144   5 999   5   1
Pudel1 182   2   2   1   4  22   1   1   1   2 LAG   3   1   2 826   2   1
Pudel1 182   2   2   1   4  22   1   1   1   2 LAG   3   2   6 810   6   1
Pudel1 182   2   2   1   4  22   1   1   1   2 LAG   3   3   3 665   3   1
Pudel1 182   2   2   1   4  22   1   1   1   2 LAG   3   4   2 778   2   1
Pudel1 182   2   2   1   4  22   1   1   1   2 LAG   3   5   1 679   1   1
Pudel1 182   2   2   1   4  22   1   1   1   2 LAG   3   6   6 738   6   1
Pudel1 182   2   2   1   4  22   1   1   1   2 LAG   3   7   3 793   3   1
Pudel1 182   2   2   1   4  22   1   1   1   2 LAG   3   8   2 809   2   1
Pudel1 182   2   2   1   4  22   1   1   1   2 LAG   3   9   5 694   5   1
Pudel1 182   2   2   1   4  22   1   1   1   2 LAG   3  10   6 766   6   1
Pudel1 182   2   2   1   4  22   1   1   1   2 LAG   3  11   4 737   4   1
Pudel1 182   2   2   1   4  22   1   1   1   2 LAG   3  12   3 835   3   1
Pudel1 182   2   2   1   4  22   1   1   1   2 LAG   3  13   2 765   2   1
Pudel1 182   2   2   1   4  22   1   1   1   2 LAG   3  14   6 769   6   1
Pudel1 182   2   2   1   4  22   1   1   1   2 LAG   3  15   5 720   5   1
Pudel1 182   2   2   1   4  22   1   1   1   2 LAG   3  16   3 794   3   1
Pudel1 182   2   2   1   4  22   1   1   1   2 LAG   3  17   4 738   4   1
Pudel1 182   2   2   1   4  22   1   1   1   2 LAG   3  18   6 724   6   1
Pudel1 182   2   2   1   4  22   1   1   1   2 LAG   3  19   1 821   1   1
Pudel1 182   2   2   1   4  22   1   1   1   2 LAG   3  20   4 825   4   1
Pudel1 182   2   2   1   4  22   1   1   1   2 LAG   3  21   2 635   2   1
Pudel1 182   2   2   1   4  22   1   1   1   2 LAG   3  22   1 694   1   1
Pudel1 182   2   2   1   4  22   1   1   1   2 LAG   3  23   3 636   3   1
Pudel1 182   2   2   1   4  22   1   1   1   2 LAG   3  24   6 811   6   1
Pudel1 182   2   2   1   4  22   1   1   1   2 LAG   3  25   4 753   4   1
Pudel1 182   2   2   1   4  22   1   1   1   2 LAG   3  26   5 621   5   1
Pudel1 182   2   2   1   4  22   1   1   1   2 LAG   3  27   2 549   3   0
Pudel1 182   2   2   1   4  22   1   1   1   2 LAG   3  28   4 623   4   1
Pudel1 182   2   2   1   4  22   1   1   1   2 LAG   3  29   2 737   2   1
Pudel1 182   2   2   1   4  22   1   1   1   2 LAG   3  30   3 694   3   1
Pudel1 182   2   2   1   4  22   1   1   1   2 LAG   3  31   5 623   4   0
Pudel1 182   2   2   1   4  22   1   1   1   2 LAG   3  32   2 1041   2   1
Pudel1 182   2   2   1   4  22   1   1   1   2 LAG   3  33   1 808   1   1
Pudel1 182   2   2   1   4  22   1   1   1   2 LAG   3  34   3 926   3   1
Pudel1 182   2   2   1   4  22   1   1   1   2 LAG   3  35   4 767   4   1
Pudel1 182   2   2   1   4  22   1   1   1   2 LAG   3  36   2 793   2   1
Pudel1 182   2   2   1   4  22   1   1   1   2 LAG   3  37   1 810   1   1
Pudel1 182   2   2   1   4  22   1   1   1   2 LAG   3  38   4 708   4   1
Pudel1 182   2   2   1   4  22   1   1   1   2 LAG   3  39   2 678   2   1
Pudel1 182   2   2   1   4  22   1   1   1   2 LAG   3  40   3 894   3   1
Pudel1 182   2   2   1   4  22   1   1   1   2 LAG   3  41   5 1012   5   1
Pudel1 182   2   2   1   4  22   1   1   1   2 LAG   3  42   6 694   6   1
Pudel1 182   2   2   1   4  22   1   1   1   2 LAG   3  43   4 1646   4   1
Pudel1 182   2   2   1   4  22   1   1   1   2 LAG   3  44   5 895   5   1
Pudel1 182   2   2   1   4  22   1   1   1   2 LAG   3  45   3 1037   3   1
Pudel1 182   2   2   1   4  22   1   1   1   2 LAG   3  46   2 707   2   1
Pudel1 182   2   2   1   4  22   1   1   1   2 LAG   3  47   4 955   4   1
Pudel1 182   2   2   1   4  22   1   1   1   2 LAG   3  48   1 806   1   1
Pudel1 182   2   2   1   4  22   1   1   1   2 LAG   3  49   6 1415   6   1
Pudel1 182   2   2   1   4  22   1   1   1   2 LAG   3  50   3 938   3   1
Pudel1 182   2   2   1   4  22   1   1   1   2 LAG   3  51   1 853   1   1
Pudel1 182   2   2   1   4  22   1   1   1   2 LAG   3  52   5 970   5   1
Pudel1 182   2   2   1   4  22   1   1   1   2 LAG   3  53   3 939   3   1
Pudel1 182   2   2   1   4  22   1   1   1   2 LAG   3  54   2 664   2   1
Pudel1 182   2   2   1   4  22   1   1   1   2 LAG   3  55   6 766   6   1
Pudel1 182   2   2   1   4  22   1   1   1   2 LAG   3  56   4 1011   5   0
Pudel1 182   2   2   1   4  22   1   1   1   2 LAG   3  57   2 910   2   1
Pudel1 182   2   2   1   4  22   1   1   1   2 LAG   3  58   6 797   6   1
Pudel1 182   2   2   1   4  22   1   1   1   2 LAG   3  59   3 763   3   1
Pudel1 182   2   2   1   4  22   1   1   1   2 LAG   3  60   2 721   2   1
Pudel1 182   2   2   1   4  22   1   1   1   2 LAG   3  61   4 796   4   1
Pudel1 182   2   2   1   4  22   1   1   1   2 LAG   3  62   5 709   5   1
Pudel1 182   2   2   1   4  22   1   1   1   2 LAG   3  63   1 994   1   1
Pudel1 182   2   2   1   4  22   1   1   1   2 LAG   3  64   3 767   3   1
Pudel1 182   2   2   1   4  22   1   1   1   2 LAG   3  65   4 721   4   1
Pudel1 182   2   2   1   4  22   1   1   1   2 LAG   3  66   5 622   5   1
Pudel1 182   2   2   1   4  22   1   1   1   2 LAG   3  67   6 636   6   1
Pudel1 182   2   2   1   4  22   1   1   1   2 LAG   3  68   4 823   4   1
Pudel1 182   2   2   1   4  22   1   1   1   2 LAG   3  69   5 724   5   1
Pudel1 182   2   2   1   4  22   1   1   1   2 LAG   3  70   2 850   2   1
Pudel1 182   2   2   1   4  22   1   1   1   2 LAG   3  71   6 695   6   1
Pudel1 182   2   2   1   4  22   1   1   1   2 LAG   3  72   4 650   5   0
Pudel1 182   2   2   1   4  22   1   1   1   2 LAG   3  73   1 794   1   1
Pudel1 182   2   2   1   4  22   1   1   1   2 LAG   3  74   4 838   4   1
Pudel1 182   2   2   1   4  22   1   1   1   2 LAG   3  75   6 783   6   1
Pudel1 182   2   2   1   4  22   1   1   1   2 LAG   3  76   3 764   3   1
Pudel1 182   2   2   1   4  22   1   1   1   2 LAG   3  77   5 609   5   1
Pudel1 182   2   2   1   4  22   1   1   1   2 LAG   3  78   6 778   6   1
Pudel1 182   2   2   1   4  22   1   1   1   2 LAG   3  79   2 707   2   1
Pudel1 182   2   2   1   4  22   1   1   1   2 LAG   3  80   3 837   3   1
Pudel1 182   2   2   1   4  22   1   1   1   2 LAG   3  81   4 652   4   1
Pudel1 182   2   2   1   4  22   1   1   1   2 LAG   3  82   6 681   6   1
Pudel1 182   2   2   1   4  22   1   1   1   2 LAG   3  83   5 792   5   1
Pudel1 182   2   2   1   4  22   1   1   1   2 LAG   3  84   2 779   2   1
Pudel1 182   2   2   1   4  22   1   1   1   2 LAG   3  85   4 637   4   1
Pudel1 182   2   2   1   4  22   1   1   1   2 LAG   3  86   1 836   1   1
Pudel1 182   2   2   1   4  22   1   1   1   2 LAG   3  87   5 811   5   1
Pudel1 182   2   2   1   4  22   1   1   1   2 LAG   3  88   4 851   4   1
Pudel1 182   2   2   1   4  22   1   1   1   2 LAG   3  89   3 593   3   1
Pudel1 182   2   2   1   4  22   1   1   1   2 LAG   3  90   1 706   1   1
Pudel1 182   2   2   1   4  22   1   1   1   2 LAG   3  91   6 711   6   1
Pudel1 182   2   2   1   4  22   1   1   1   2 LAG   3  92   5 779   4   0
Pudel1 182   2   2   1   4  22   1   1   1   2 LAG   3  93   3 738   3   1
Pudel1 182   2   2   1   4  22   1   1   1   2 LAG   3  94   6 751   6   1
Pudel1 182   2   2   1   4  22   1   1   1   2 LAG   3  95   5 768   4   0
Pudel1 182   2   2   1   4  22   1   1   1   2 LAG   3  96   2 880   2   1
Pudel1 182   2   2   1   4  22   1   1   1   2 LAG   3  97   5 854   5   1
Pudel1 182   2   2   1   4  22   1   1   1   2 LAG   3  98   6 768   6   1
Pudel1 182   2   2   1   4  22   1   1   1   2 LAG   3  99   4 805   4   1
Pudel1 182   2   2   1   4  22   1   1   1   2 LAG   3 100   1 792   1   1
Pudel1 182   2   2   1   4  22   1   1   1   2 LAG   3 101   5 753   5   1
Pudel1 182   2   2   1   4  22   1   1   1   2 LAG   3 102   3 765   3   1
Pudel1 182   2   2   1   4  22   1   1   1   2 LAG   3 103   6 765   6   1
Pudel1 182   2   2   1   4  22   1   1   1   2 LAG   3 104   2 980   2   1
Pudel1 182   2   2   1   4  22   1   1   1   2 LAG   3 105   5 1013   5   1
Pudel1 182   2   2   1   4  22   1   1   1   2 LAG   3 106   6 835   6   1
Pudel1 182   2   2   1   4  22   1   1   1   2 LAG   3 107   4 909   4   1
Pudel1 182   2   2   1   4  22   1   1   1   2 LAG   3 108   1 720   1   1
Pudel1 182   2   2   1   4  22   1   1   1   2 LAG   3 109   2 897   2   1
Pudel1 182   2   2   1   4  22   1   1   1   2 LAG   3 110   6 722   6   1
Pudel1 182   2   2   1   4  22   1   1   1   2 LAG   3 111   3 852   3   1
Pudel1 182   2   2   1   4  22   1   1   1   2 LAG   3 112   4 739   4   1
Pudel1 182   2   2   1   4  22   1   1   1   2 LAG   3 113   1 736   1   1
Pudel1 182   2   2   1   4  22   1   1   1   2 LAG   3 114   6 723   6   1
Pudel1 182   2   2   1   4  22   1   1   1   2 LAG   3 115   5 723   5   1
Pudel1 182   2   2   1   4  22   1   1   1   2 LAG   3 116   3 866   3   1
Pudel1 182   2   2   1   4  22   1   1   1   2 LAG   3 117   5 580   4   0
Pudel1 182   2   2   1   4  22   1   1   1   2 LAG   3 118   6 1113   6   1
Pudel1 182   2   2   1   4  22   1   1   1   2 LAG   3 119   2 1068   2   1
Pudel1 182   2   2   1   4  22   1   1   1   2 LAG   3 120   3 854   3   1
Pudel1 182   2   2   1   4  22   1   1   1   2 LAG   3 121   4 766   4   1
Pudel1 182   2   2   1   4  22   1   1   1   2 LAG   3 122   6 985   6   1
Pudel1 182   2   2   1   4  22   1   1   1   2 LAG   3 123   1 691   1   1
Pudel1 182   2   2   1   4  22   1   1   1   2 LAG   3 124   3 1026   3   1
Pudel1 182   2   2   1   4  22   1   1   1   2 LAG   3 125   2 882   2   1
Pudel1 182   2   2   1   4  22   1   1   1   2 LAG   3 126   1 707   1   1
Pudel1 182   2   2   1   4  22   1   1   1   2 LAG   3 127   6 725   6   1
Pudel1 182   2   2   1   4  22   1   1   1   2 LAG   3 128   5 967   5   1
Pudel1 182   2   2   1   4  22   1   1   1   2 LAG   3 129   3 780   3   1
Pudel1 182   2   2   1   4  22   1   1   1   2 LAG   3 130   1 780   1   1
Pudel1 182   2   2   1   4  22   1   1   1   2 LAG   3 131   6 739   6   1
Pudel1 182   2   2   1   4  22   1   1   1   2 LAG   3 132   2 880   2   1
Pudel1 182   2   2   1   4  22   1   1   1   2 LAG   3 133   4 723   4   1
Pudel1 182   2   2   1   4  22   1   1   1   2 LAG   3 134   5 693   5   1
Pudel1 182   2   2   1   4  22   1   1   1   2 LAG   3 135   2 910   2   1
Pudel1 182   2   2   1   4  22   1   1   1   2 LAG   3 136   3 693   3   1
Pudel1 182   2   2   1   4  22   1   1   1   2 LAG   3 137   6 707   6   1
Pudel1 182   2   2   1   4  22   1   1   1   2 LAG   3 138   1 807   1   1
Pudel1 182   2   2   1   4  22   1   1   1   2 LAG   3 139   4 696   4   1
Pudel1 182   2   2   1   4  22   1   1   1   2 LAG   3 140   2 634   2   1
Pudel1 182   2   2   1   4  22   1   1   1   2 LAG   3 141   6 682   6   1
Pudel1 182   2   2   1   4  22   1   1   1   2 LAG   3 142   4 664   4   1
Pudel1 182   2   2   1   4  22   1   1   1   2 LAG   3 143   2 607   2   1
Pudel1 182   2   2   1   4  22   1   1   1   2 LAG   3 144   6 608   6   1
Pudel1 182   2   2   1   4  22   1   1   1   2 LAG   4   1   3 768   2   0
Pudel1 182   2   2   1   4  22   1   1   1   2 LAG   4   2   6 832   6   1
Pudel1 182   2   2   1   4  22   1   1   1   2 LAG   4   3   1 677   1   1
Pudel1 182   2   2   1   4  22   1   1   1   2 LAG   4   4   4 838   4   1
Pudel1 182   2   2   1   4  22   1   1   1   2 LAG   4   5   2 664   2   1
Pudel1 182   2   2   1   4  22   1   1   1   2 LAG   4   6   6 682   6   1
Pudel1 182   2   2   1   4  22   1   1   1   2 LAG   4   7   4 866   4   1
Pudel1 182   2   2   1   4  22   1   1   1   2 LAG   4   8   2 635   2   1
Pudel1 182   2   2   1   4  22   1   1   1   2 LAG   4   9   4 753   3   0
Pudel1 182   2   2   1   4  22   1   1   1   2 LAG   4  10   4 724   4   1
Pudel1 182   2   2   1   4  22   1   1   1   2 LAG   4  11   1 793   1   1
Pudel1 182   2   2   1   4  22   1   1   1   2 LAG   4  12   2 738   2   1
Pudel1 182   2   2   1   4  22   1   1   1   2 LAG   4  13   3 709   3   1
Pudel1 182   2   2   1   4  22   1   1   1   2 LAG   4  14   4 696   4   1
Pudel1 182   2   2   1   4  22   1   1   1   2 LAG   4  15   5 809   5   1
Pudel1 182   2   2   1   4  22   1   1   1   2 LAG   4  16   1 792   1   1
Pudel1 182   2   2   1   4  22   1   1   1   2 LAG   4  17   3 608   3   1
Pudel1 182   2   2   1   4  22   1   1   1   2 LAG   4  18   2 693   2   1
Pudel1 182   2   2   1   4  22   1   1   1   2 LAG   4  19   4 839   4   1
Pudel1 182   2   2   1   4  22   1   1   1   2 LAG   4  20   6 752   6   1
Pudel1 182   2   2   1   4  22   1   1   1   2 LAG   4  21   3 878   3   1
Pudel1 182   2   2   1   4  22   1   1   1   2 LAG   4  22   5 811   5   1
Pudel1 182   2   2   1   4  22   1   1   1   2 LAG   4  23   1 751   1   1
Pudel1 182   2   2   1   4  22   1   1   1   2 LAG   4  24   6 824   6   1
Pudel1 182   2   2   1   4  22   1   1   1   2 LAG   4  25   5 852   5   1
Pudel1 182   2   2   1   4  22   1   1   1   2 LAG   4  26   3 880   3   1
Pudel1 182   2   2   1   4  22   1   1   1   2 LAG   4  27   6 739   6   1
Pudel1 182   2   2   1   4  22   1   1   1   2 LAG   4  28   1 765   1   1
Pudel1 182   2   2   1   4  22   1   1   1   2 LAG   4  29   5 854   5   1
Pudel1 182   2   2   1   4  22   1   1   1   2 LAG   4  30   3 938   3   1
Pudel1 182   2   2   1   4  22   1   1   1   2 LAG   4  31   6 751   6   1
Pudel1 182   2   2   1   4  22   1   1   1   2 LAG   4  32   2 924   2   1
Pudel1 182   2   2   1   4  22   1   1   1   2 LAG   4  33   5 767   5   1
Pudel1 182   2   2   1   4  22   1   1   1   2 LAG   4  34   3 1052   3   1
Pudel1 182   2   2   1   4  22   1   1   1   2 LAG   4  35   4 723   4   1
Pudel1 182   2   2   1   4  22   1   1   1   2 LAG   4  36   6 566   6   1
Pudel1 182   2   2   1   4  22   1   1   1   2 LAG   4  37   5 795   5   1
Pudel1 182   2   2   1   4  22   1   1   1   2 LAG   4  38   3 837   3   1
Pudel1 182   2   2   1   4  22   1   1   1   2 LAG   4  39   4 795   4   1
Pudel1 182   2   2   1   4  22   1   1   1   2 LAG   4  40   6 650   6   1
Pudel1 182   2   2   1   4  22   1   1   1   2 LAG   4  41   1 707   1   1
Pudel1 182   2   2   1   4  22   1   1   1   2 LAG   4  42   3 767   3   1
Pudel1 182   2   2   1   4  22   1   1   1   2 LAG   4  43   4 623   4   1
Pudel1 182   2   2   1   4  22   1   1   1   2 LAG   4  44   1 851   1   1
Pudel1 182   2   2   1   4  22   1   1   1   2 LAG   4  45   3 768   3   1
Pudel1 182   2   2   1   4  22   1   1   1   2 LAG   4  46   4 737   4   1
Pudel1 182   2   2   1   4  22   1   1   1   2 LAG   4  47   6 751   6   1
Pudel1 182   2   2   1   4  22   1   1   1   2 LAG   4  48   3 780   3   1
Pudel1 182   2   2   1   4  22   1   1   1   2 LAG   4  49   1 706   1   1
Pudel1 182   2   2   1   4  22   1   1   1   2 LAG   4  50   4 697   5   0
Pudel1 182   2   2   1   4  22   1   1   1   2 LAG   4  51   6 783   6   1
Pudel1 182   2   2   1   4  22   1   1   1   2 LAG   4  52   3 806   3   1
Pudel1 182   2   2   1   4  22   1   1   1   2 LAG   4  53   1 809   1   1
Pudel1 182   2   2   1   4  22   1   1   1   2 LAG   4  54   6 811   6   1
Pudel1 182   2   2   1   4  22   1   1   1   2 LAG   4  55   2 924   2   1
Pudel1 182   2   2   1   4  22   1   1   1   2 LAG   4  56   4 752   4   1
Pudel1 182   2   2   1   4  22   1   1   1   2 LAG   4  57   5 623   5   1
Pudel1 182   2   2   1   4  22   1   1   1   2 LAG   4  58   1 720   1   1
Pudel1 182   2   2   1   4  22   1   1   1   2 LAG   4  59   6 754   6   1
Pudel1 182   2   2   1   4  22   1   1   1   2 LAG   4  60   4 808   4   1
Pudel1 182   2   2   1   4  22   1   1   1   2 LAG   4  61   5 894   5   1
Pudel1 182   2   2   1   4  22   1   1   1   2 LAG   4  62   2 980   2   1
Pudel1 182   2   2   1   4  22   1   1   1   2 LAG   4  63   4 738   4   1
Pudel1 182   2   2   1   4  22   1   1   1   2 LAG   4  64   3 1112   3   1
Pudel1 182   2   2   1   4  22   1   1   1   2 LAG   4  65   6 724   6   1
Pudel1 182   2   2   1   4  22   1   1   1   2 LAG   4  66   2 678   2   1
Pudel1 182   2   2   1   4  22   1   1   1   2 LAG   4  67   1 638   1   1
Pudel1 182   2   2   1   4  22   1   1   1   2 LAG   4  68   4 781   4   1
Pudel1 182   2   2   1   4  22   1   1   1   2 LAG   4  69   6 723   6   1
Pudel1 182   2   2   1   4  22   1   1   1   2 LAG   4  70   5 883   5   1
Pudel1 182   2   2   1   4  22   1   1   1   2 LAG   4  71   2 719   2   1
Pudel1 182   2   2   1   4  22   1   1   1   2 LAG   4  72   1 664   1   1
Pudel1 182   2   2   1   4  22   1   1   1   2 LAG   4  73   4 753   4   1
Pudel1 182   2   2   1   4  22   1   1   1   2 LAG   4  74   5 767   5   1
Pudel1 182   2   2   1   4  22   1   1   1   2 LAG   4  75   1 707   1   1
Pudel1 182   2   2   1   4  22   1   1   1   2 LAG   4  76   2 766   2   1
Pudel1 182   2   2   1   4  22   1   1   1   2 LAG   4  77   4 739   4   1
Pudel1 182   2   2   1   4  22   1   1   1   2 LAG   4  78   2 780   3   0
Pudel1 182   2   2   1   4  22   1   1   1   2 LAG   4  79   2 737   2   1
Pudel1 182   2   2   1   4  22   1   1   1   2 LAG   4  80   4 667   5   0
Pudel1 182   2   2   1   4  22   1   1   1   2 LAG   4  81   3 882   3   1
Pudel1 182   2   2   1   4  22   1   1   1   2 LAG   4  82   2 780   2   1
Pudel1 182   2   2   1   4  22   1   1   1   2 LAG   4  83   6 726   6   1
Pudel1 182   2   2   1   4  22   1   1   1   2 LAG   4  84   1 792   1   1
Pudel1 182   2   2   1   4  22   1   1   1   2 LAG   4  85   2 923   2   1
Pudel1 182   2   2   1   4  22   1   1   1   2 LAG   4  86   5 854   5   1
Pudel1 182   2   2   1   4  22   1   1   1   2 LAG   4  87   6 839   6   1
Pudel1 182   2   2   1   4  22   1   1   1   2 LAG   4  88   3 736   3   1
Pudel1 182   2   2   1   4  22   1   1   1   2 LAG   4  89   1 722   1   1
Pudel1 182   2   2   1   4  22   1   1   1   2 LAG   4  90   2 751   2   1
Pudel1 182   2   2   1   4  22   1   1   1   2 LAG   4  91   3 810   3   1
Pudel1 182   2   2   1   4  22   1   1   1   2 LAG   4  92   1 821   1   1
Pudel1 182   2   2   1   4  22   1   1   1   2 LAG   4  93   4 927   4   1
Pudel1 182   2   2   1   4  22   1   1   1   2 LAG   4  94   5 650   5   1
Pudel1 182   2   2   1   4  22   1   1   1   2 LAG   4  95   2 966   2   1
Pudel1 182   2   2   1   4  22   1   1   1   2 LAG   4  96   1 635   1   1
Pudel1 182   2   2   1   4  22   1   1   1   2 LAG   4  97   5 652   5   1
Pudel1 182   2   2   1   4  22   1   1   1   2 LAG   4  98   2 621   2   1
Pudel1 182   2   2   1   4  22   1   1   1   2 LAG   4  99   3 765   3   1
Pudel1 182   2   2   1   4  22   1   1   1   2 LAG   4 100   4 692   4   1
Pudel1 182   2   2   1   4  22   1   1   1   2 LAG   4 101   2 679   2   1
Pudel1 182   2   2   1   4  22   1   1   1   2 LAG   4 102   1 679   1   1
Pudel1 182   2   2   1   4  22   1   1   1   2 LAG   4 103   4 795   4   1
Pudel1 182   2   2   1   4  22   1   1   1   2 LAG   4 104   5 736   5   1
Pudel1 182   2   2   1   4  22   1   1   1   2 LAG   4 105   3 679   3   1
Pudel1 182   2   2   1   4  22   1   1   1   2 LAG   4 106   6 866   6   1
Pudel1 182   2   2   1   4  22   1   1   1   2 LAG   4 107   2 896   2   1
Pudel1 182   2   2   1   4  22   1   1   1   2 LAG   4 108   4 722   4   1
Pudel1 182   2   2   1   4  22   1   1   1   2 LAG   4 109   6 825   6   1
Pudel1 182   2   2   1   4  22   1   1   1   2 LAG   4 110   4 734   5   0
Pudel1 182   2   2   1   4  22   1   1   1   2 LAG   4 111   4 682   4   1
Pudel1 182   2   2   1   4  22   1   1   1   2 LAG   4 112   6 751   6   1
Pudel1 182   2   2   1   4  22   1   1   1   2 LAG   4 113   1 750   1   1
Pudel1 182   2   2   1   4  22   1   1   1   2 LAG   4 114   2 826   2   1
Pudel1 182   2   2   1   4  22   1   1   1   2 LAG   4 115   5 751   5   1
Pudel1 182   2   2   1   4  22   1   1   1   2 LAG   4 116   3 751   3   1
Pudel1 182   2   2   1   4  22   1   1   1   2 LAG   4 117   6 678   6   1
Pudel1 182   2   2   1   4  22   1   1   1   2 LAG   4 118   2 881   2   1
Pudel1 182   2   2   1   4  22   1   1   1   2 LAG   4 119   5 681   5   1
Pudel1 182   2   2   1   4  22   1   1   1   2 LAG   4 120   3 865   4   0
Pudel1 182   2   2   1   4  22   1   1   1   2 LAG   4 121   3 639   3   1
Pudel1 182   2   2   1   4  22   1   1   1   2 LAG   4 122   6 664   6   1
Pudel1 182   2   2   1   4  22   1   1   1   2 LAG   4 123   1 778   1   1
Pudel1 182   2   2   1   4  22   1   1   1   2 LAG   4 124   5 698   5   1
Pudel1 182   2   2   1   4  22   1   1   1   2 LAG   4 125   4 1110   4   1
Pudel1 182   2   2   1   4  22   1   1   1   2 LAG   4 126   3 577   3   1
Pudel1 182   2   2   1   4  22   1   1   1   2 LAG   4 127   6 682   6   1
Pudel1 182   2   2   1   4  22   1   1   1   2 LAG   4 128   2 850   2   1
Pudel1 182   2   2   1   4  22   1   1   1   2 LAG   4 129   3 1011   3   1
Pudel1 182   2   2   1   4  22   1   1   1   2 LAG   4 130   5 667   5   1
Pudel1 182   2   2   1   4  22   1   1   1   2 LAG   4 131   4 982   4   1
Pudel1 182   2   2   1   4  22   1   1   1   2 LAG   4 132   1 677   1   1
Pudel1 182   2   2   1   4  22   1   1   1   2 LAG   4 133   2 897   2   1
Pudel1 182   2   2   1   4  22   1   1   1   2 LAG   4 134   5 752   5   1
Pudel1 182   2   2   1   4  22   1   1   1   2 LAG   4 135   6 1083   6   1
Pudel1 182   2   2   1   4  22   1   1   1   2 LAG   4 136   2 707   2   1
Pudel1 182   2   2   1   4  22   1   1   1   2 LAG   4 137   1 709   1   1
Pudel1 182   2   2   1   4  22   1   1   1   2 LAG   4 138   3 1010   3   1
Pudel1 182   2   2   1   4  22   1   1   1   2 LAG   4 139   5 612   5   1
Pudel1 182   2   2   1   4  22   1   1   1   2 LAG   4 140   6 620   6   1
Pudel1 182   2   2   1   4  22   1   1   1   2 LAG   4 141   3 866   3   1
Pudel1 182   2   2   1   4  22   1   1   1   2 LAG   4 142   5 652   5   1
Pudel1 182   2   2   1   4  22   1   1   1   2 LAG   4 143   4 721   4   1
Pudel1 182   2   2   1   4  22   1   1   1   2 LAG   4 144   6 652   6   1
Pudel1 182   2   2   1   4  22   1   1   1   2 LAG   5   1   5 624   4   0
Pudel1 182   2   2   1   4  22   1   1   1   2 LAG   5   2   6 710   6   1
Pudel1 182   2   2   1   4  22   1   1   1   2 LAG   5   3   1 751   1   1
Pudel1 182   2   2   1   4  22   1   1   1   2 LAG   5   4   5 711   5   1
Pudel1 182   2   2   1   4  22   1   1   1   2 LAG   5   5   4 821   4   1
Pudel1 182   2   2   1   4  22   1   1   1   2 LAG   5   6   1 765   1   1
Pudel1 182   2   2   1   4  22   1   1   1   2 LAG   5   7   2 680   2   1
Pudel1 182   2   2   1   4  22   1   1   1   2 LAG   5   8   3 881   3   1
Pudel1 182   2   2   1   4  22   1   1   1   2 LAG   5   9   4 825   4   1
Pudel1 182   2   2   1   4  22   1   1   1   2 LAG   5  10   6 738   6   1
Pudel1 182   2   2   1   4  22   1   1   1   2 LAG   5  11   1 735   1   1
Pudel1 182   2   2   1   4  22   1   1   1   2 LAG   5  12   5 739   5   1
Pudel1 182   2   2   1   4  22   1   1   1   2 LAG   5  13   2 649   2   1
Pudel1 182   2   2   1   4  22   1   1   1   2 LAG   5  14   3 693   3   1
Pudel1 182   2   2   1   4  22   1   1   1   2 LAG   5  15   4 738   4   1
Pudel1 182   2   2   1   4  22   1   1   1   2 LAG   5  16   6 653   6   1
Pudel1 182   2   2   1   4  22   1   1   1   2 LAG   5  17   1 750   1   1
Pudel1 182   2   2   1   4  22   1   1   1   2 LAG   5  18   5 752   5   1
Pudel1 182   2   2   1   4  22   1   1   1   2 LAG   5  19   6 722   6   1
Pudel1 182   2   2   1   4  22   1   1   1   2 LAG   5  20   4 896   4   1
Pudel1 182   2   2   1   4  22   1   1   1   2 LAG   5  21   2 735   2   1
Pudel1 182   2   2   1   4  22   1   1   1   2 LAG   5  22   1 608   1   1
Pudel1 182   2   2   1   4  22   1   1   1   2 LAG   5  23   4 881   4   1
Pudel1 182   2   2   1   4  22   1   1   1   2 LAG   5  24   2 692   2   1
Pudel1 182   2   2   1   4  22   1   1   1   2 LAG   5  25   5 810   5   1
Pudel1 182   2   2   1   4  22   1   1   1   2 LAG   5  26   4 851   4   1
Pudel1 182   2   2   1   4  22   1   1   1   2 LAG   5  27   3 953   3   1
Pudel1 182   2   2   1   4  22   1   1   1   2 LAG   5  28   6 721   6   1
Pudel1 182   2   2   1   4  22   1   1   1   2 LAG   5  29   5 838   5   1
Pudel1 182   2   2   1   4  22   1   1   1   2 LAG   5  30   1 693   1   1
Pudel1 182   2   2   1   4  22   1   1   1   2 LAG   5  31   2 765   2   1
Pudel1 182   2   2   1   4  22   1   1   1   2 LAG   5  32   3 709   3   1
Pudel1 182   2   2   1   4  22   1   1   1   2 LAG   5  33   5 750   5   1
Pudel1 182   2   2   1   4  22   1   1   1   2 LAG   5  34   6 594   6   1
Pudel1 182   2   2   1   4  22   1   1   1   2 LAG   5  35   3 823   3   1
Pudel1 182   2   2   1   4  22   1   1   1   2 LAG   5  36   5 909   5   1
Pudel1 182   2   2   1   4  22   1   1   1   2 LAG   5  37   1 766   1   1
Pudel1 182   2   2   1   4  22   1   1   1   2 LAG   5  38   6 896   6   1
Pudel1 182   2   2   1   4  22   1   1   1   2 LAG   5  39   4 852   4   1
Pudel1 182   2   2   1   4  22   1   1   1   2 LAG   5  40   2 619   2   1
Pudel1 182   2   2   1   4  22   1   1   1   2 LAG   5  41   4 768   3   0
Pudel1 182   2   2   1   4  22   1   1   1   2 LAG   5  42   1 649   1   1
Pudel1 182   2   2   1   4  22   1   1   1   2 LAG   5  43   5 825   5   1
Pudel1 182   2   2   1   4  22   1   1   1   2 LAG   5  44   4 750   4   1
Pudel1 182   2   2   1   4  22   1   1   1   2 LAG   5  45   1 607   1   1
Pudel1 182   2   2   1   4  22   1   1   1   2 LAG   5  46   3 694   3   1
Pudel1 182   2   2   1   4  22   1   1   1   2 LAG   5  47   5 740   5   1
Pudel1 182   2   2   1   4  22   1   1   1   2 LAG   5  48   6 635   6   1
Pudel1 182   2   2   1   4  22   1   1   1   2 LAG   5  49   3 923   3   1
Pudel1 182   2   2   1   4  22   1   1   1   2 LAG   5  50   2 608   2   1
Pudel1 182   2   2   1   4  22   1   1   1   2 LAG   5  51   5 810   5   1
Pudel1 182   2   2   1   4  22   1   1   1   2 LAG   5  52   1 764   1   1
Pudel1 182   2   2   1   4  22   1   1   1   2 LAG   5  53   4 898   4   1
Pudel1 182   2   2   1   4  22   1   1   1   2 LAG   5  54   5 649   5   1
Pudel1 182   2   2   1   4  22   1   1   1   2 LAG   5  55   2 721   2   1
Pudel1 182   2   2   1   4  22   1   1   1   2 LAG   5  56   3 724   3   1
Pudel1 182   2   2   1   4  22   1   1   1   2 LAG   5  57   4 737   4   1
Pudel1 182   2   2   1   4  22   1   1   1   2 LAG   5  58   1 779   1   1
Pudel1 182   2   2   1   4  22   1   1   1   2 LAG   5  59   6 725   6   1
Pudel1 182   2   2   1   4  22   1   1   1   2 LAG   5  60   2 678   2   1
Pudel1 182   2   2   1   4  22   1   1   1   2 LAG   5  61   5 639   5   1
Pudel1 182   2   2   1   4  22   1   1   1   2 LAG   5  62   1 737   1   1
Pudel1 182   2   2   1   4  22   1   1   1   2 LAG   5  63   3 606   3   1
Pudel1 182   2   2   1   4  22   1   1   1   2 LAG   5  64   5 637   5   1
Pudel1 182   2   2   1   4  22   1   1   1   2 LAG   5  65   1 722   1   1
Pudel1 182   2   2   1   4  22   1   1   1   2 LAG   5  66   4 709   4   1
Pudel1 182   2   2   1   4  22   1   1   1   2 LAG   5  67   3 953   3   1
Pudel1 182   2   2   1   4  22   1   1   1   2 LAG   5  68   1 693   1   1
Pudel1 182   2   2   1   4  22   1   1   1   2 LAG   5  69   5 755   5   1
Pudel1 182   2   2   1   4  22   1   1   1   2 LAG   5  70   3 749   3   1
Pudel1 182   2   2   1   4  22   1   1   1   2 LAG   5  71   2 781   2   1
Pudel1 182   2   2   1   4  22   1   1   1   2 LAG   5  72   5 738   5   1
Pudel1 182   2   2   1   4  22   1   1   1   2 LAG   5  73   3 881   3   1
Pudel1 182   2   2   1   4  22   1   1   1   2 LAG   5  74   4 665   4   1
Pudel1 182   2   2   1   4  22   1   1   1   2 LAG   5  75   2 751   2   1
Pudel1 182   2   2   1   4  22   1   1   1   2 LAG   5  76   1 650   1   1
Pudel1 182   2   2   1   4  22   1   1   1   2 LAG   5  77   3 753   3   1
Pudel1 182   2   2   1   4  22   1   1   1   2 LAG   5  78   4 694   4   1
Pudel1 182   2   2   1   4  22   1   1   1   2 LAG   5  79   2 608   2   1
Pudel1 182   2   2   1   4  22   1   1   1   2 LAG   5  80   5 606   5   1
Pudel1 182   2   2   1   4  22   1   1   1   2 LAG   5  81   1 576   1   1
Pudel1 182   2   2   1   4  22   1   1   1   2 LAG   5  82   3 609   2   0
Pudel1 182   2   2   1   4  22   1   1   1   2 LAG   5  83   5 580   5   1
Pudel1 182   2   2   1   4  22   1   1   1   2 LAG   5  84   3 779   4   0
Pudel1 182   2   2   1   4  22   1   1   1   2 LAG   5  85   3 740   3   1
Pudel1 182   2   2   1   4  22   1   1   1   2 LAG   5  86   2 636   2   1
Pudel1 182   2   2   1   4  22   1   1   1   2 LAG   5  87   4 811   4   1
Pudel1 182   2   2   1   4  22   1   1   1   2 LAG   5  88   5 823   5   1
Pudel1 182   2   2   1   4  22   1   1   1   2 LAG   5  89   1 604   1   1
Pudel1 182   2   2   1   4  22   1   1   1   2 LAG   5  90   6 768   6   1
Pudel1 182   2   2   1   4  22   1   1   1   2 LAG   5  91   2 994   2   1
Pudel1 182   2   2   1   4  22   1   1   1   2 LAG   5  92   5 799   4   0
Pudel1 182   2   2   1   4  22   1   1   1   2 LAG   5  93   1 778   1   1
Pudel1 182   2   2   1   4  22   1   1   1   2 LAG   5  94   6 711   6   1
Pudel1 182   2   2   1   4  22   1   1   1   2 LAG   5  95   2 721   2   1
Pudel1 182   2   2   1   4  22   1   1   1   2 LAG   5  96   1 809   1   1
Pudel1 182   2   2   1   4  22   1   1   1   2 LAG   5  97   3 709   3   1
Pudel1 182   2   2   1   4  22   1   1   1   2 LAG   5  98   4 621   4   1
Pudel1 182   2   2   1   4  22   1   1   1   2 LAG   5  99   5 621   5   1
Pudel1 182   2   2   1   4  22   1   1   1   2 LAG   5 100   2 824   2   1
Pudel1 182   2   2   1   4  22   1   1   1   2 LAG   5 101   1 621   1   1
Pudel1 182   2   2   1   4  22   1   1   1   2 LAG   5 102   5 811   5   1
Pudel1 182   2   2   1   4  22   1   1   1   2 LAG   5 103   3 1025   3   1
Pudel1 182   2   2   1   4  22   1   1   1   2 LAG   5 104   5 695   6   0
Pudel1 182   2   2   1   4  22   1   1   1   2 LAG   5 105   1 692   1   1
Pudel1 182   2   2   1   4  22   1   1   1   2 LAG   5 106   4 795   4   1
Pudel1 182   2   2   1   4  22   1   1   1   2 LAG   5 107   5 752   5   1
Pudel1 182   2   2   1   4  22   1   1   1   2 LAG   5 108   2 895   2   1
Pudel1 182   2   2   1   4  22   1   1   1   2 LAG   5 109   6 651   6   1
Pudel1 182   2   2   1   4  22   1   1   1   2 LAG   5 110   4 664   4   1
Pudel1 182   2   2   1   4  22   1   1   1   2 LAG   5 111   5 808   5   1
Pudel1 182   2   2   1   4  22   1   1   1   2 LAG   5 112   3 736   3   1
Pudel1 182   2   2   1   4  22   1   1   1   2 LAG   5 113   6 811   6   1
Pudel1 182   2   2   1   4  22   1   1   1   2 LAG   5 114   5 781   5   1
Pudel1 182   2   2   1   4  22   1   1   1   2 LAG   5 115   4 779   4   1
Pudel1 182   2   2   1   4  22   1   1   1   2 LAG   5 116   6 624   6   1
Pudel1 182   2   2   1   4  22   1   1   1   2 LAG   5 117   2 794   2   1
Pudel1 182   2   2   1   4  22   1   1   1   2 LAG   5 118   3 738   3   1
Pudel1 182   2   2   1   4  22   1   1   1   2 LAG   5 119   5 652   5   1
Pudel1 182   2   2   1   4  22   1   1   1   2 LAG   5 120   2 721   2   1
Pudel1 182   2   2   1   4  22   1   1   1   2 LAG   5 121   1 693   1   1
Pudel1 182   2   2   1   4  22   1   1   1   2 LAG   5 122   3 711   3   1
Pudel1 182   2   2   1   4  22   1   1   1   2 LAG   5 123   4 794   4   1
Pudel1 182   2   2   1   4  22   1   1   1   2 LAG   5 124   6 723   6   1
Pudel1 182   2   2   1   4  22   1   1   1   2 LAG   5 125   2 607   2   1
Pudel1 182   2   2   1   4  22   1   1   1   2 LAG   5 126   4 781   4   1
Pudel1 182   2   2   1   4  22   1   1   1   2 LAG   5 127   5 706   5   1
Pudel1 182   2   2   1   4  22   1   1   1   2 LAG   5 128   2 649   2   1
Pudel1 182   2   2   1   4  22   1   1   1   2 LAG   5 129   3 652   3   1
Pudel1 182   2   2   1   4  22   1   1   1   2 LAG   5 130   5 609   5   1
Pudel1 182   2   2   1   4  22   1   1   1   2 LAG   5 131   4 795   4   1
Pudel1 182   2   2   1   4  22   1   1   1   2 LAG   5 132   3 607   3   1
Pudel1 182   2   2   1   4  22   1   1   1   2 LAG   5 133   6 696   6   1
Pudel1 182   2   2   1   4  22   1   1   1   2 LAG   5 134   1 806   1   1
Pudel1 182   2   2   1   4  22   1   1   1   2 LAG   5 135   2 650   2   1
Pudel1 182   2   2   1   4  22   1   1   1   2 LAG   5 136   5 710   4   0
Pudel1 182   2   2   1   4  22   1   1   1   2 LAG   5 137   6 695   6   1
Pudel1 182   2   2   1   4  22   1   1   1   2 LAG   5 138   3 621   3   1
Pudel1 182   2   2   1   4  22   1   1   1   2 LAG   5 139   2 622   2   1
Pudel1 182   2   2   1   4  22   1   1   1   2 LAG   5 140   5 737   5   1
Pudel1 182   2   2   1   4  22   1   1   1   2 LAG   5 141   4 577   4   1
Pudel1 182   2   2   1   4  22   1   1   1   2 LAG   5 142   1 693   1   1
Pudel1 182   2   2   1   4  22   1   1   1   2 LAG   5 143   2 737   2   1
Pudel1 182   2   2   1   4  22   1   1   1   2 LAG   5 144   5 812   5   1
Pudel1 182   2   2   1   4  22   1   1   1   2 LAG   6   1   4 697   4   1
Pudel1 182   2   2   1   4  22   1   1   1   2 LAG   6   2   2 620   2   1
Pudel1 182   2   2   1   4  22   1   1   1   2 LAG   6   3   6 624   6   1
Pudel1 182   2   2   1   4  22   1   1   1   2 LAG   6   4   5 664   5   1
Pudel1 182   2   2   1   4  22   1   1   1   2 LAG   6   5   1 663   1   1
Pudel1 182   2   2   1   4  22   1   1   1   2 LAG   6   6   3 738   3   1
Pudel1 182   2   2   1   4  22   1   1   1   2 LAG   6   7   2 606   2   1
Pudel1 182   2   2   1   4  22   1   1   1   2 LAG   6   8   5 681   5   1
Pudel1 182   2   2   1   4  22   1   1   1   2 LAG   6   9   1 619   1   1
Pudel1 182   2   2   1   4  22   1   1   1   2 LAG   6  10   3 795   3   1
Pudel1 182   2   2   1   4  22   1   1   1   2 LAG   6  11   5 623   5   1
Pudel1 182   2   2   1   4  22   1   1   1   2 LAG   6  12   6 665   6   1
Pudel1 182   2   2   1   4  22   1   1   1   2 LAG   6  13   1 719   1   1
Pudel1 182   2   2   1   4  22   1   1   1   2 LAG   6  14   4 867   4   1
Pudel1 182   2   2   1   4  22   1   1   1   2 LAG   6  15   6 754   6   1
Pudel1 182   2   2   1   4  22   1   1   1   2 LAG   6  16   1 677   1   1
Pudel1 182   2   2   1   4  22   1   1   1   2 LAG   6  17   4 724   5   0
Pudel1 182   2   2   1   4  22   1   1   1   2 LAG   6  18   4 723   4   1
Pudel1 182   2   2   1   4  22   1   1   1   2 LAG   6  19   1 752   1   1
Pudel1 182   2   2   1   4  22   1   1   1   2 LAG   6  20   5 710   5   1
Pudel1 182   2   2   1   4  22   1   1   1   2 LAG   6  21   4 619   4   1
Pudel1 182   2   2   1   4  22   1   1   1   2 LAG   6  22   3 592   3   1
Pudel1 182   2   2   1   4  22   1   1   1   2 LAG   6  23   6 666   6   1
Pudel1 182   2   2   1   4  22   1   1   1   2 LAG   6  24   4 807   4   1
Pudel1 182   2   2   1   4  22   1   1   1   2 LAG   6  25   1 780   1   1
Pudel1 182   2   2   1   4  22   1   1   1   2 LAG   6  26   6 724   6   1
Pudel1 182   2   2   1   4  22   1   1   1   2 LAG   6  27   5 621   5   1
Pudel1 182   2   2   1   4  22   1   1   1   2 LAG   6  28   1 563   1   1
Pudel1 182   2   2   1   4  22   1   1   1   2 LAG   6  29   2 738   2   1
Pudel1 182   2   2   1   4  22   1   1   1   2 LAG   6  30   6 624   6   1
Pudel1 182   2   2   1   4  22   1   1   1   2 LAG   6  31   1 937   1   1
Pudel1 182   2   2   1   4  22   1   1   1   2 LAG   6  32   2 723   2   1
Pudel1 182   2   2   1   4  22   1   1   1   2 LAG   6  33   5 695   5   1
Pudel1 182   2   2   1   4  22   1   1   1   2 LAG   6  34   6 664   6   1
Pudel1 182   2   2   1   4  22   1   1   1   2 LAG   6  35   1 621   1   1
Pudel1 182   2   2   1   4  22   1   1   1   2 LAG   6  36   5 810   5   1
Pudel1 182   2   2   1   4  22   1   1   1   2 LAG   6  37   6 608   6   1
Pudel1 182   2   2   1   4  22   1   1   1   2 LAG   6  38   4 763   4   1
Pudel1 182   2   2   1   4  22   1   1   1   2 LAG   6  39   3 650   2   0
Pudel1 182   2   2   1   4  22   1   1   1   2 LAG   6  40   6 682   6   1
Pudel1 182   2   2   1   4  22   1   1   1   2 LAG   6  41   1 691   1   1
Pudel1 182   2   2   1   4  22   1   1   1   2 LAG   6  42   3 811   3   1
Pudel1 182   2   2   1   4  22   1   1   1   2 LAG   6  43   4 782   4   1
Pudel1 182   2   2   1   4  22   1   1   1   2 LAG   6  44   1 763   1   1
Pudel1 182   2   2   1   4  22   1   1   1   2 LAG   6  45   6 623   6   1
Pudel1 182   2   2   1   4  22   1   1   1   2 LAG   6  46   3 822   3   1
Pudel1 182   2   2   1   4  22   1   1   1   2 LAG   6  47   2 651   2   1
Pudel1 182   2   2   1   4  22   1   1   1   2 LAG   6  48   6 781   6   1
Pudel1 182   2   2   1   4  22   1   1   1   2 LAG   6  49   3 809   3   1
Pudel1 182   2   2   1   4  22   1   1   1   2 LAG   6  50   4 706   4   1
Pudel1 182   2   2   1   4  22   1   1   1   2 LAG   6  51   2 607   2   1
Pudel1 182   2   2   1   4  22   1   1   1   2 LAG   6  52   6 999   6   1
Pudel1 182   2   2   1   4  22   1   1   1   2 LAG   6  53   3 749   3   1
Pudel1 182   2   2   1   4  22   1   1   1   2 LAG   6  54   5 751   5   1
Pudel1 182   2   2   1   4  22   1   1   1   2 LAG   6  55   4 750   4   1
Pudel1 182   2   2   1   4  22   1   1   1   2 LAG   6  56   1 634   1   1
Pudel1 182   2   2   1   4  22   1   1   1   2 LAG   6  57   6 825   6   1
Pudel1 182   2   2   1   4  22   1   1   1   2 LAG   6  58   5 579   4   0
Pudel1 182   2   2   1   4  22   1   1   1   2 LAG   6  59   3 869   3   1
Pudel1 182   2   2   1   4  22   1   1   1   2 LAG   6  60   5 766   5   1
Pudel1 182   2   2   1   4  22   1   1   1   2 LAG   6  61   2 607   2   1
Pudel1 182   2   2   1   4  22   1   1   1   2 LAG   6  62   4 809   4   1
Pudel1 182   2   2   1   4  22   1   1   1   2 LAG   6  63   5 680   5   1
Pudel1 182   2   2   1   4  22   1   1   1   2 LAG   6  64   3 967   3   1
Pudel1 182   2   2   1   4  22   1   1   1   2 LAG   6  65   1 633   1   1
Pudel1 182   2   2   1   4  22   1   1   1   2 LAG   6  66   4 824   4   1
Pudel1 182   2   2   1   4  22   1   1   1   2 LAG   6  67   5 709   5   1
Pudel1 182   2   2   1   4  22   1   1   1   2 LAG   6  68   1 634   1   1
Pudel1 182   2   2   1   4  22   1   1   1   2 LAG   6  69   6 768   6   1
Pudel1 182   2   2   1   4  22   1   1   1   2 LAG   6  70   2 634   2   1
Pudel1 182   2   2   1   4  22   1   1   1   2 LAG   6  71   5 755   5   1
Pudel1 182   2   2   1   4  22   1   1   1   2 LAG   6  72   3 863   3   1
Pudel1 182   2   2   1   4  22   1   1   1   2 LAG   6  73   2 608   2   1
Pudel1 182   2   2   1   4  22   1   1   1   2 LAG   6  74   5 725   5   1
Pudel1 182   2   2   1   4  22   1   1   1   2 LAG   6  75   3 749   4   0
Pudel1 182   2   2   1   4  22   1   1   1   2 LAG   6  76   3 580   3   1
Pudel1 182   2   2   1   4  22   1   1   1   2 LAG   6  77   6 739   6   1
Pudel1 182   2   2   1   4  22   1   1   1   2 LAG   6  78   5 867   5   1
Pudel1 182   2   2   1   4  22   1   1   1   2 LAG   6  79   3 607   3   1
Pudel1 182   2   2   1   4  22   1   1   1   2 LAG   6  80   1 606   1   1
Pudel1 182   2   2   1   4  22   1   1   1   2 LAG   6  81   6 682   6   1
Pudel1 182   2   2   1   4  22   1   1   1   2 LAG   6  82   4 705   4   1
Pudel1 182   2   2   1   4  22   1   1   1   2 LAG   6  83   5 624   5   1
Pudel1 182   2   2   1   4  22   1   1   1   2 LAG   6  84   2 705   2   1
Pudel1 182   2   2   1   4  22   1   1   1   2 LAG   6  85   4 666   4   1
Pudel1 182   2   2   1   4  22   1   1   1   2 LAG   6  86   5 667   5   1
Pudel1 182   2   2   1   4  22   1   1   1   2 LAG   6  87   1 734   1   1
Pudel1 182   2   2   1   4  22   1   1   1   2 LAG   6  88   3 682   3   1
Pudel1 182   2   2   1   4  22   1   1   1   2 LAG   6  89   4 664   4   1
Pudel1 182   2   2   1   4  22   1   1   1   2 LAG   6  90   1 605   1   1
Pudel1 182   2   2   1   4  22   1   1   1   2 LAG   6  91   6 885   6   1
Pudel1 182   2   2   1   4  22   1   1   1   2 LAG   6  92   3 810   3   1
Pudel1 182   2   2   1   4  22   1   1   1   2 LAG   6  93   2 705   2   1
Pudel1 182   2   2   1   4  22   1   1   1   2 LAG   6  94   1 722   1   1
Pudel1 182   2   2   1   4  22   1   1   1   2 LAG   6  95   3 666   3   1
Pudel1 182   2   2   1   4  22   1   1   1   2 LAG   6  96   2 637   2   1
Pudel1 182   2   2   1   4  22   1   1   1   2 LAG   6  97   4 709   4   1
Pudel1 182   2   2   1   4  22   1   1   1   2 LAG   6  98   5 578   5   1
Pudel1 182   2   2   1   4  22   1   1   1   2 LAG   6  99   3 664   3   1
Pudel1 182   2   2   1   4  22   1   1   1   2 LAG   6 100   2 577   2   1
Pudel1 182   2   2   1   4  22   1   1   1   2 LAG   6 101   6 696   6   1
Pudel1 182   2   2   1   4  22   1   1   1   2 LAG   6 102   4 779   4   1
Pudel1 182   2   2   1   4  22   1   1   1   2 LAG   6 103   5 723   5   1
Pudel1 182   2   2   1   4  22   1   1   1   2 LAG   6 104   2 766   2   1
Pudel1 182   2   2   1   4  22   1   1   1   2 LAG   6 105   6 724   6   1
Pudel1 182   2   2   1   4  22   1   1   1   2 LAG   6 106   1 663   1   1
Pudel1 182   2   2   1   4  22   1   1   1   2 LAG   6 107   3 709   4   0
Pudel1 182   2   2   1   4  22   1   1   1   2 LAG   6 108   2 781   2   1
Pudel1 182   2   2   1   4  22   1   1   1   2 LAG   6 109   5 567   5   1
Pudel1 182   2   2   1   4  22   1   1   1   2 LAG   6 110   3 880   3   1
Pudel1 182   2   2   1   4  22   1   1   1   2 LAG   6 111   2 694   2   1
Pudel1 182   2   2   1   4  22   1   1   1   2 LAG   6 112   1 636   1   1
Pudel1 182   2   2   1   4  22   1   1   1   2 LAG   6 113   5 796   5   1
Pudel1 182   2   2   1   4  22   1   1   1   2 LAG   6 114   4 578   3   0
Pudel1 182   2   2   1   4  22   1   1   1   2 LAG   6 115   1 637   1   1
Pudel1 182   2   2   1   4  22   1   1   1   2 LAG   6 116   5 796   5   1
Pudel1 182   2   2   1   4  22   1   1   1   2 LAG   6 117   4 853   4   1
Pudel1 182   2   2   1   4  22   1   1   1   2 LAG   6 118   3 778   3   1
Pudel1 182   2   2   1   4  22   1   1   1   2 LAG   6 119   5 682   5   1
Pudel1 182   2   2   1   4  22   1   1   1   2 LAG   6 120   1 575   1   1
Pudel1 182   2   2   1   4  22   1   1   1   2 LAG   6 121   2 809   2   1
Pudel1 182   2   2   1   4  22   1   1   1   2 LAG   6 122   4 694   4   1
Pudel1 182   2   2   1   4  22   1   1   1   2 LAG   6 123   6 695   6   1
Pudel1 182   2   2   1   4  22   1   1   1   2 LAG   6 124   3 766   3   1
Pudel1 182   2   2   1   4  22   1   1   1   2 LAG   6 125   1 707   1   1
Pudel1 182   2   2   1   4  22   1   1   1   2 LAG   6 126   5 726   5   1
Pudel1 182   2   2   1   4  22   1   1   1   2 LAG   6 127   4 735   4   1
Pudel1 182   2   2   1   4  22   1   1   1   2 LAG   6 128   3 634   3   1
Pudel1 182   2   2   1   4  22   1   1   1   2 LAG   6 129   5 611   5   1
Pudel1 182   2   2   1   4  22   1   1   1   2 LAG   6 130   6 606   6   1
Pudel1 182   2   2   1   4  22   1   1   1   2 LAG   6 131   2 632   2   1
Pudel1 182   2   2   1   4  22   1   1   1   2 LAG   6 132   4 652   4   1
Pudel1 182   2   2   1   4  22   1   1   1   2 LAG   6 133   1 721   1   1
Pudel1 182   2   2   1   4  22   1   1   1   2 LAG   6 134   6 868   6   1
Pudel1 182   2   2   1   4  22   1   1   1   2 LAG   6 135   2 766   2   1
Pudel1 182   2   2   1   4  22   1   1   1   2 LAG   6 136   1 649   1   1
Pudel1 182   2   2   1   4  22   1   1   1   2 LAG   6 137   3 637   3   1
Pudel1 182   2   2   1   4  22   1   1   1   2 LAG   6 138   5 853   5   1
Pudel1 182   2   2   1   4  22   1   1   1   2 LAG   6 139   2 634   2   1
Pudel1 182   2   2   1   4  22   1   1   1   2 LAG   6 140   1 608   1   1
Pudel1 182   2   2   1   4  22   1   1   1   2 LAG   6 141   4 824   4   1
Pudel1 182   2   2   1   4  22   1   1   1   2 LAG   6 142   2 621   2   1
Pudel1 182   2   2   1   4  22   1   1   1   2 LAG   6 143   5 695   5   1
Pudel1 182   2   2   1   4  22   1   1   1   2 LAG   6 144   6 666   6   1
Pudel1 182   2   2   1   4  22   1   1   1   2 LAG   7   1   1   3 2050   0   3   4   6   5   2   4   3
Pudel1 182   2   2   1   4  22   1   1   1   2 LAG   7   2   1   1 800   0   4   6   3   5   6   2   5
Pudel1 182   2   2   1   4  22   1   1   1   2 LAG   7   3   1   1 680   0   3   5   6   2   3   4   4
Pudel1 182   2   2   1   4  22   1   1   1   2 LAG   7   4   1   5 650   0   1   4   6   3   5   6   3
Pudel1 182   2   2   1   4  22   1   1   1   2 LAG   7   5   1   2 641   0   1   4   6   3   5   6   5
Pudel1 182   2   2   1   4  22   1   1   1   2 LAG   7   6   1   1 680   0   3   4   6   5   2   4   3
Pudel1 182   2   2   1   4  22   1   1   1   2 LAG   7   7   1   5 750   0   6   3   5   6   2   3   4
Pudel1 182   2   2   1   4  22   1   1   1   2 LAG   7   8   1   2 730   0   1   4   6   3   5   6   3
Pudel1 182   2   2   1   4  22   1   1   1   2 LAG   7   9   1   6 870   1   5   6   2   3   4   6   3
Pudel1 182   2   2   1   4  22   1   1   1   2 LAG   7  10   1   1 660   0   2   3   4   6   5   2   5
Pudel1 182   2   2   1   4  22   1   1   1   2 LAG   7  11   1   1 860   0   3   5   6   2   3   4   4
Pudel1 182   2   2   1   4  22   1   1   1   2 LAG   7  12   1   2 1030   1   2   3   4   6   5   2   3
Pudel1 182   2   2   1   4  22   1   1   1   2 LAG   7  13   1   4 690   1   3   4   6   5   2   4   3
Pudel1 182   2   2   1   4  22   1   1   1   2 LAG   7  14   1   4 720   1   3   5   6   2   3   4   5
Pudel1 182   2   2   1   4  22   1   1   1   2 LAG   7  15   1   5 530   1   6   2   3   4   6   5   4
Pudel1 182   2   2   1   4  22   1   1   1   2 LAG   7  16   1   1 1110   0   3   4   6   5   2   4   4
Pudel1 182   2   2   1   4  22   1   1   1   2 LAG   7  17   1   6 630   1   5   6   2   3   4   6   4
Pudel1 182   2   2   1   4  22   1   1   1   2 LAG   7  18   1   1 450   0   5   6   2   3   4   6   5
Pudel1 182   2   2   1   4  22   1   1   1   2 LAG   7  19   1   2 480   0   1   4   6   3   5   6   5
Pudel1 182   2   2   1   4  22   1   1   1   2 LAG   7  20   1   1 410   0   5   6   2   3   4   6   5
Pudel1 182   2   2   1   4  22   1   1   1   2 LAG   7  21   1   2 510   0   1   4   6   3   5   6   5
Pudel1 182   2   2   1   4  22   1   1   1   2 LAG   7  22   1   2 450   1   4   6   3   5   6   2   3
Pudel1 182   2   2   1   4  22   1   1   1   2 LAG   7  23   1   1 670   0   2   3   4   6   5   2   3
Pudel1 182   2   2   1   4  22   1   1   1   2 LAG   7  24   1   2 760   1   4   6   3   5   6   2   5
Pudel1 182   2   2   1   4  22   1   1   1   2 LAG   7  25   1   2 480   1   2   3   4   6   5   2   4
Pudel1 182   2   2   1   4  22   1   1   1   2 LAG   7  26   1   2 730   1   2   3   4   6   5   2   5
Pudel1 182   2   2   1   4  22   1   1   1   2 LAG   7  27   1   6 620   1   5   6   2   3   4   6   3
Pudel1 182   2   2   1   4  22   1   1   1   2 LAG   7  28   1   5 560   0   6   3   5   6   2   3   4
Pudel1 182   2   2   1   4  22   1   1   1   2 LAG   7  29   1   4 730   0   2   3   4   6   5   2   5
Pudel1 182   2   2   1   4  22   1   1   1   2 LAG   7  30   1   4 920   0   2   3   4   6   5   2   4
Pudel1 182   2   2   1   4  22   1   1   1   2 LAG   7  31   1   2 430   0   1   4   6   3   5   6   3
Pudel1 182   2   2   1   4  22   1   1   1   2 LAG   7  32   1   1 521   0   3   4   6   5   2   4   3
Pudel1 182   2   2   1   4  22   1   1   1   2 LAG   7  33   1   2 620   1   4   6   3   5   6   2   4
Pudel1 182   2   2   1   4  22   1   1   1   2 LAG   7  34   1   2 500   0   1   4   6   3   5   6   5
Pudel1 182   2   2   1   4  22   1   1   1   2 LAG   7  35   1   5 480   0   3   5   6   2   3   4   5
Pudel1 182   2   2   1   4  22   1   1   1   2 LAG   7  36   1   4 500   0   6   3   5   6   2   3   3
Pudel1 182   2   2   1   4  22   1   1   1   2 LAG   7  37   1   2 740   1   4   6   3   5   6   2   5
Pudel1 182   2   2   1   4  22   1   1   1   2 LAG   7  38   1   1 550   0   3   5   6   2   3   4   5
Pudel1 182   2   2   1   4  22   1   1   1   2 LAG   7  39   1   2 500   0   1   4   6   3   5   6   4
Pudel1 182   2   2   1   4  22   1   1   1   2 LAG   7  40   1   1 550   0   3   4   6   5   2   4   4
Pudel1 182   2   2   1   4  22   1   1   1   2 LAG   7  41   1   2 430   1   2   3   4   6   5   2   4
Pudel1 182   2   2   1   4  22   1   1   1   2 LAG   7  42   1   3 650   0   4   6   3   5   6   2   5
Pudel1 182   2   2   1   4  22   1   1   1   2 LAG   7  43   1   2 460   0   1   4   6   3   5   6   3
Pudel1 182   2   2   1   4  22   1   1   1   2 LAG   7  44   1   1 440   0   3   4   6   5   2   4   5
Pudel1 182   2   2   1   4  22   1   1   1   2 LAG   7  45   1   2 430   1   4   6   3   5   6   2   5
Pudel1 182   2   2   1   4  22   1   1   1   2 LAG   7  46   1   2 871   0   6   3   5   6   2   3   5
Pudel1 182   2   2   1   4  22   1   1   1   2 LAG   7  47   1   3 580   1   6   3   5   6   2   3   3
Pudel1 182   2   2   1   4  22   1   1   1   2 LAG   7  48   1   3 520   0   2   3   4   6   5   2   3
Pudel1 182   2   2   1   4  22   1   1   1   2 LAG   7  49   1   2 520   1   2   3   4   6   5   2   3
Pudel1 182   2   2   1   4  22   1   1   1   2 LAG   7  50   1   5 621   0   3   4   6   5   2   4   5
Pudel1 182   2   2   1   4  22   1   1   1   2 LAG   7  51   1   3 510   1   6   3   5   6   2   3   5
Pudel1 182   2   2   1   4  22   1   1   1   2 LAG   7  52   1   5 720   0   3   5   6   2   3   4   4
Pudel1 182   2   2   1   4  22   1   1   1   2 LAG   7  53   1   5 1120   1   6   2   3   4   6   5   5
Pudel1 182   2   2   1   4  22   1   1   1   2 LAG   7  54   1   3 650   0   2   3   4   6   5   2   5
Pudel1 182   2   2   1   4  22   1   1   1   2 LAG   7  55   1   1 720   0   6   2   3   4   6   5   4
Pudel1 182   2   2   1   4  22   1   1   1   2 LAG   7  56   1   2 320   1   4   6   3   5   6   2   3
Pudel1 182   2   2   1   4  22   1   1   1   2 LAG   7  57   1   5 490   0   3   5   6   2   3   4   3
Pudel1 182   2   2   1   4  22   1   1   1   2 LAG   7  58   1   2 530   1   2   3   4   6   5   2   4
Pudel1 182   2   2   1   4  22   1   1   1   2 LAG   7  59   1   2 470   1   4   6   3   5   6   2   4
Pudel1 182   2   2   1   4  22   1   1   1   2 LAG   7  60   1   4 520   0   6   3   5   6   2   3   5
Pudel1 182   2   2   1   4  22   1   1   1   2 LAG   7  61   1   4 280   1   3   5   6   2   3   4   5
Pudel1 182   2   2   1   4  22   1   1   1   2 LAG   7  62   1   2 550   1   4   6   3   5   6   2   3
Pudel1 182   2   2   1   4  22   1   1   1   2 LAG   7  63   1   2 460   0   5   6   2   3   4   6   3
Pudel1 182   2   2   1   4  22   1   1   1   2 LAG   7  64   1   4 640   0   1   4   6   3   5   6   5
Pudel1 182   2   2   1   4  22   1   1   1   2 LAG   7  65   1   2 350   1   4   6   3   5   6   2   3
Pudel1 182   2   2   1   4  22   1   1   1   2 LAG   7  66   1   4 600   1   3   5   6   2   3   4   4
Pudel1 182   2   2   1   4  22   1   1   1   2 LAG   7  67   1   1 260   0   6   2   3   4   6   5   4
Pudel1 182   2   2   1   4  22   1   1   1   2 LAG   7  68   1   2 580   0   1   4   6   3   5   6   3
Pudel1 182   2   2   1   4  22   1   1   1   2 LAG   7  69   1   4 930   1   3   4   6   5   2   4   5
Pudel1 182   2   2   1   4  22   1   1   1   2 LAG   7  70   1   3 490   1   6   3   5   6   2   3   4
Pudel1 182   2   2   1   4  22   1   1   1   2 LAG   7  71   1   2 680   0   5   6   2   3   4   6   5
Pudel1 182   2   2   1   4  22   1   1   1   2 LAG   7  72   1   2 520   0   6   2   3   4   6   5   3
Pudel1 182   2   2   1   4  22   1   1   1   2 LAG   7  73   1   2 430   0   6   2   3   4   6   5   3
Pudel1 182   2   2   1   4  22   1   1   1   2 LAG   7  74   1   2 490   1   2   3   4   6   5   2   3
Pudel1 182   2   2   1   4  22   1   1   1   2 LAG   7  75   1   3 650   0   3   5   6   2   3   4   3
Pudel1 182   2   2   1   4  22   1   1   1   2 LAG   7  76   1   5 400   0   5   6   2   3   4   6   4
Pudel1 182   2   2   1   4  22   1   1   1   2 LAG   7  77   1   3 440   0   3   4   6   5   2   4   3
Pudel1 182   2   2   1   4  22   1   1   1   2 LAG   7  78   1   3 590   0   3   4   6   5   2   4   5
Pudel1 182   2   2   1   4  22   1   1   1   2 LAG   7  79   1   1 720   0   6   3   5   6   2   3   4
Pudel1 182   2   2   1   4  22   1   1   1   2 LAG   7  80   1   2 590   0   6   2   3   4   6   5   3
Pudel1 182   2   2   1   4  22   1   1   1   2 LAG   7  81   1   5 540   1   6   2   3   4   6   5   3
Pudel1 182   2   2   1   4  22   1   1   1   2 LAG   7  82   1   2 380   0   1   4   6   3   5   6   4
Pudel1 182   2   2   1   4  22   1   1   1   2 LAG   7  83   1   3 450   0   3   4   6   5   2   4   5
Pudel1 182   2   2   1   4  22   1   1   1   2 LAG   7  84   1   2 461   1   4   6   3   5   6   2   4
Pudel1 182   2   2   1   4  22   1   1   1   2 LAG   7  85   1   1 750   0   6   3   5   6   2   3   5
Pudel1 182   2   2   1   4  22   1   1   1   2 LAG   7  86   1   2 590   1   2   3   4   6   5   2   4
Pudel1 182   2   2   1   4  22   1   1   1   2 LAG   7  87   1   5 550   0   5   6   2   3   4   6   5
Pudel1 182   2   2   1   4  22   1   1   1   2 LAG   7  88   1   3 500   0   2   3   4   6   5   2   5
Pudel1 182   2   2   1   4  22   1   1   1   2 LAG   7  89   1   5 420   0   5   6   2   3   4   6   4
Pudel1 182   2   2   1   4  22   1   1   1   2 LAG   7  90   1   3 440   0   4   6   3   5   6   2   4
Pudel1 182   2   2   1   4  22   1   1   1   2 LAG   7  91   1   3 521   0   3   4   6   5   2   4   4
Pudel1 182   2   2   1   4  22   1   1   1   2 LAG   7  92   1   2 550   0   1   4   6   3   5   6   4
Pudel1 182   2   2   1   4  22   1   1   1   2 LAG   7  93   1   5 530   0   3   5   6   2   3   4   4
Pudel1 182   2   2   1   4  22   1   1   1   2 LAG   7  94   1   5 500   0   5   6   2   3   4   6   4
Pudel1 182   2   2   1   4  22   1   1   1   2 LAG   7  95   1   2 550   0   1   4   6   3   5   6   4
Pudel1 182   2   2   1   4  22   1   1   1   2 LAG   7  96   1   3 570   0   6   2   3   4   6   5   5
Pudel1 182   2   2   1   4  22   1   1   1   2 LAG   7  97   1   6 400   1   5   6   2   3   4   6   4
Pudel1 182   2   2   1   4  22   1   1   1   2 LAG   7  98   1   3 520   1   6   3   5   6   2   3   4
Pudel1 182   2   2   1   4  22   1   1   1   2 LAG   7  99   1   3 540   1   6   3   5   6   2   3   3
Pudel1 182   2   2   1   4  22   1   1   1   2 LAG   7 100   1   2 680   0   5   6   2   3   4   6   3
Pudel1 182   2   2   1   4  22   1   1   1   2 LAG   7 101   1   2 520   1   4   6   3   5   6   2   4
Pudel1 182   2   2   1   4  22   1   1   1   2 LAG   7 102   1   5 510   0   3   5   6   2   3   4   3
Pudel1 182   2   2   1   4  22   1   1   1   2 LAG   7 103   1   2 480   0   1   4   6   3   5   6   4
Pudel1 182   2   2   1   4  22   1   1   1   2 LAG   7 104   1   3 480   1   6   3   5   6   2   3   3
Pudel1 182   2   2   1   4  22   1   1   1   2 LAG   7 105   1   3 420   0   3   4   6   5   2   4   4
Pudel1 182   2   2   1   4  22   1   1   1   2 LAG   7 106   1   1 1270   0   3   5   6   2   3   4   3
Pudel1 182   2   2   1   4  22   1   1   1   2 LAG   7 107   1   1 1210   0   4   6   3   5   6   2   3
Pudel1 182   2   2   1   4  22   1   1   1   2 LAG   7 108   1   1 620   0   6   2   3   4   6   5   5
Pudel1 182   2   2   1   4  22   1   1   1   2 LAG   7 109   1   5 870   0   3   4   6   5   2   4   4
Pudel1 182   2   2   1   4  22   1   1   1   2 LAG   7 110   1   3 520   1   6   3   5   6   2   3   3
Pudel1 182   2   2   1   4  22   1   1   1   2 LAG   7 111   1   2 440   0   6   2   3   4   6   5   3
Pudel1 182   2   2   1   4  22   1   1   1   2 LAG   7 112   1   5 580   0   3   5   6   2   3   4   3
Pudel1 182   2   2   1   4  22   1   1   1   2 LAG   7 113   1   1 310   0   6   2   3   4   6   5   4
Pudel1 182   2   2   1   4  22   1   1   1   2 LAG   7 114   1   6 880   0   3   5   6   2   3   4   5
Pudel1 182   2   2   1   4  22   1   1   1   2 LAG   7 115   1   5 540   1   6   2   3   4   6   5   5
Pudel1 182   2   2   1   4  22   1   1   1   2 LAG   7 116   1   5 420   0   5   6   2   3   4   6   3
Pudel1 182   2   2   1   4  22   1   1   1   2 LAG   7 117   1   5 510   0   5   6   2   3   4   6   5
Pudel1 182   2   2   1   4  22   1   1   1   2 LAG   7 118   1   5 560   1   6   2   3   4   6   5   5
Pudel1 182   2   2   1   4  22   1   1   1   2 LAG   7 119   1   5 490   1   6   2   3   4   6   5   4
Pudel1 182   2   2   1   4  22   1   1   1   2 LAG   7 120   1   4 490   0   6   3   5   6   2   3   5
Pudel1 182   2   2   1   4  22   1   1   1   2 LAG   8   1   1   1 810   0   3   4   6   5   2   4   3
Pudel1 182   2   2   1   4  22   1   1   1   2 LAG   8   2   1   6 1120   0   4   6   3   5   6   2   5
Pudel1 182   2   2   1   4  22   1   1   1   2 LAG   8   3   1   1 1060   0   3   5   6   2   3   4   4
Pudel1 182   2   2   1   4  22   1   1   1   2 LAG   8   4   1   1 860   0   1   4   6   3   5   6   3
Pudel1 182   2   2   1   4  22   1   1   1   2 LAG   8   5   1   2 490   0   1   4   6   3   5   6   5
Pudel1 182   2   2   1   4  22   1   1   1   2 LAG   8   6   1   3 630   0   3   4   6   5   2   4   3
Pudel1 182   2   2   1   4  22   1   1   1   2 LAG   8   7   1   1 881   0   6   3   5   6   2   3   4
Pudel1 182   2   2   1   4  22   1   1   1   2 LAG   8   8   1   6 1070   1   1   4   6   3   5   6   3
Pudel1 182   2   2   1   4  22   1   1   1   2 LAG   8   9   1   1 1230   0   5   6   2   3   4   6   3
Pudel1 182   2   2   1   4  22   1   1   1   2 LAG   8  10   1   6 490   0   2   3   4   6   5   2   5
Pudel1 182   2   2   1   4  22   1   1   1   2 LAG   8  11   1   1 680   0   3   5   6   2   3   4   4
Pudel1 182   2   2   1   4  22   1   1   1   2 LAG   8  12   1   6 490   0   2   3   4   6   5   2   3
Pudel1 182   2   2   1   4  22   1   1   1   2 LAG   8  13   1   4 1320   1   3   4   6   5   2   4   3
Pudel1 182   2   2   1   4  22   1   1   1   2 LAG   8  14   1   6 1821   0   3   5   6   2   3   4   5
Pudel1 182   2   2   1   4  22   1   1   1   2 LAG   8  15   1   2 830   0   6   2   3   4   6   5   4
Pudel1 182   2   2   1   4  22   1   1   1   2 LAG   8  16   1   3 610   0   3   4   6   5   2   4   4
Pudel1 182   2   2   1   4  22   1   1   1   2 LAG   8  17   1   5 510   0   5   6   2   3   4   6   4
Pudel1 182   2   2   1   4  22   1   1   1   2 LAG   8  18   1   2 640   0   5   6   2   3   4   6   5
Pudel1 182   2   2   1   4  22   1   1   1   2 LAG   8  19   1   2 520   0   1   4   6   3   5   6   5
Pudel1 182   2   2   1   4  22   1   1   1   2 LAG   8  20   1   1 1030   0   5   6   2   3   4   6   5
Pudel1 182   2   2   1   4  22   1   1   1   2 LAG   8  21   1   2 550   0   1   4   6   3   5   6   5
Pudel1 182   2   2   1   4  22   1   1   1   2 LAG   8  22   1   2 370   1   4   6   3   5   6   2   3
Pudel1 182   2   2   1   4  22   1   1   1   2 LAG   8  23   1   2 600   1   2   3   4   6   5   2   3
Pudel1 182   2   2   1   4  22   1   1   1   2 LAG   8  24   1   6 551   0   4   6   3   5   6   2   5
Pudel1 182   2   2   1   4  22   1   1   1   2 LAG   8  25   1   6 1030   0   2   3   4   6   5   2   4
Pudel1 182   2   2   1   4  22   1   1   1   2 LAG   8  26   1   6 900   0   2   3   4   6   5   2   5
Pudel1 182   2   2   1   4  22   1   1   1   2 LAG   8  27   1   1 1110   0   5   6   2   3   4   6   3
Pudel1 182   2   2   1   4  22   1   1   1   2 LAG   8  28   1   3 930   1   6   3   5   6   2   3   4
Pudel1 182   2   2   1   4  22   1   1   1   2 LAG   8  29   1   6 530   0   2   3   4   6   5   2   5
Pudel1 182   2   2   1   4  22   1   1   1   2 LAG   8  30   1   6 800   0   2   3   4   6   5   2   4
Pudel1 182   2   2   1   4  22   1   1   1   2 LAG   8  31   1   6 1040   1   1   4   6   3   5   6   3
Pudel1 182   2   2   1   4  22   1   1   1   2 LAG   8  32   1   1 460   0   3   4   6   5   2   4   3
Pudel1 182   2   2   1   4  22   1   1   1   2 LAG   8  33   1   5 980   0   4   6   3   5   6   2   4
Pudel1 182   2   2   1   4  22   1   1   1   2 LAG   8  34   1   4 1330   0   1   4   6   3   5   6   5
Pudel1 182   2   2   1   4  22   1   1   1   2 LAG   8  35   1   1 630   0   3   5   6   2   3   4   5
Pudel1 182   2   2   1   4  22   1   1   1   2 LAG   8  36   1   4 660   0   6   3   5   6   2   3   3
Pudel1 182   2   2   1   4  22   1   1   1   2 LAG   8  37   1   2 690   1   4   6   3   5   6   2   5
Pudel1 182   2   2   1   4  22   1   1   1   2 LAG   8  38   1   5 590   0   3   5   6   2   3   4   5
Pudel1 182   2   2   1   4  22   1   1   1   2 LAG   8  39   1   2 380   0   1   4   6   3   5   6   4
Pudel1 182   2   2   1   4  22   1   1   1   2 LAG   8  40   1   1 640   0   3   4   6   5   2   4   4
Pudel1 182   2   2   1   4  22   1   1   1   2 LAG   8  41   1   6 1000   0   2   3   4   6   5   2   4
Pudel1 182   2   2   1   4  22   1   1   1   2 LAG   8  42   1   2 720   1   4   6   3   5   6   2   5
Pudel1 182   2   2   1   4  22   1   1   1   2 LAG   8  43   1   1 970   0   1   4   6   3   5   6   3
Pudel1 182   2   2   1   4  22   1   1   1   2 LAG   8  44   1   6 420   0   3   4   6   5   2   4   5
Pudel1 182   2   2   1   4  22   1   1   1   2 LAG   8  45   1   4 960   0   4   6   3   5   6   2   5
Pudel1 182   2   2   1   4  22   1   1   1   2 LAG   8  46   1   1 1090   0   6   3   5   6   2   3   5
Pudel1 182   2   2   1   4  22   1   1   1   2 LAG   8  47   1   5 700   0   6   3   5   6   2   3   3
Pudel1 182   2   2   1   4  22   1   1   1   2 LAG   8  48   1   6 500   0   2   3   4   6   5   2   3
Pudel1 182   2   2   1   4  22   1   1   1   2 LAG   8  49   1   4 530   0   2   3   4   6   5   2   3
Pudel1 182   2   2   1   4  22   1   1   1   2 LAG   8  50   1   5 950   0   3   4   6   5   2   4   5
Pudel1 182   2   2   1   4  22   1   1   1   2 LAG   8  51   1   6 870   0   6   3   5   6   2   3   5
Pudel1 182   2   2   1   4  22   1   1   1   2 LAG   8  52   1   1 440   0   3   5   6   2   3   4   4
Pudel1 182   2   2   1   4  22   1   1   1   2 LAG   8  53   1   5 1050   1   6   2   3   4   6   5   5
Pudel1 182   2   2   1   4  22   1   1   1   2 LAG   8  54   1   2 470   1   2   3   4   6   5   2   5
Pudel1 182   2   2   1   4  22   1   1   1   2 LAG   8  55   1   5 490   1   6   2   3   4   6   5   4
Pudel1 182   2   2   1   4  22   1   1   1   2 LAG   8  56   1   2 380   1   4   6   3   5   6   2   3
Pudel1 182   2   2   1   4  22   1   1   1   2 LAG   8  57   1   5 520   0   3   5   6   2   3   4   3
Pudel1 182   2   2   1   4  22   1   1   1   2 LAG   8  58   1   2 430   1   2   3   4   6   5   2   4
Pudel1 182   2   2   1   4  22   1   1   1   2 LAG   8  59   1   4 470   0   4   6   3   5   6   2   4
Pudel1 182   2   2   1   4  22   1   1   1   2 LAG   8  60   1   5 620   0   6   3   5   6   2   3   5
Pudel1 182   2   2   1   4  22   1   1   1   2 LAG   8  61   1   5 430   0   3   5   6   2   3   4   5
Pudel1 182   2   2   1   4  22   1   1   1   2 LAG   8  62   1   4 590   0   4   6   3   5   6   2   3
Pudel1 182   2   2   1   4  22   1   1   1   2 LAG   8  63   1   1 730   0   5   6   2   3   4   6   3
Pudel1 182   2   2   1   4  22   1   1   1   2 LAG   8  64   1   4 570   0   1   4   6   3   5   6   5
Pudel1 182   2   2   1   4  22   1   1   1   2 LAG   8  65   1   2 430   1   4   6   3   5   6   2   3
Pudel1 182   2   2   1   4  22   1   1   1   2 LAG   8  66   1   5 430   0   3   5   6   2   3   4   4
Pudel1 182   2   2   1   4  22   1   1   1   2 LAG   8  67   1   5 490   1   6   2   3   4   6   5   4
Pudel1 182   2   2   1   4  22   1   1   1   2 LAG   8  68   1   2 470   0   1   4   6   3   5   6   3
Pudel1 182   2   2   1   4  22   1   1   1   2 LAG   8  69   1   1 580   0   3   4   6   5   2   4   5
Pudel1 182   2   2   1   4  22   1   1   1   2 LAG   8  70   1   1 610   0   6   3   5   6   2   3   4
Pudel1 182   2   2   1   4  22   1   1   1   2 LAG   8  71   1   5 470   0   5   6   2   3   4   6   5
Pudel1 182   2   2   1   4  22   1   1   1   2 LAG   8  72   1   5 490   1   6   2   3   4   6   5   3
Pudel1 182   2   2   1   4  22   1   1   1   2 LAG   8  73   1   2 310   0   6   2   3   4   6   5   3
Pudel1 182   2   2   1   4  22   1   1   1   2 LAG   8  74   1   1 490   0   2   3   4   6   5   2   3
Pudel1 182   2   2   1   4  22   1   1   1   2 LAG   8  75   1   5 490   0   3   5   6   2   3   4   3
Pudel1 182   2   2   1   4  22   1   1   1   2 LAG   8  76   1   6 480   1   5   6   2   3   4   6   4
Pudel1 182   2   2   1   4  22   1   1   1   2 LAG   8  77   1   6 510   0   3   4   6   5   2   4   3
Pudel1 182   2   2   1   4  22   1   1   1   2 LAG   8  78   1   1 550   0   3   4   6   5   2   4   5
Pudel1 182   2   2   1   4  22   1   1   1   2 LAG   8  79   1   4 760   0   6   3   5   6   2   3   4
Pudel1 182   2   2   1   4  22   1   1   1   2 LAG   8  80   1   5 470   1   6   2   3   4   6   5   3
Pudel1 182   2   2   1   4  22   1   1   1   2 LAG   8  81   1   5 590   1   6   2   3   4   6   5   3
Pudel1 182   2   2   1   4  22   1   1   1   2 LAG   8  82   1   4 470   0   1   4   6   3   5   6   4
Pudel1 182   2   2   1   4  22   1   1   1   2 LAG   8  83   1   6 740   0   3   4   6   5   2   4   5
Pudel1 182   2   2   1   4  22   1   1   1   2 LAG   8  84   1   2 621   1   4   6   3   5   6   2   4
Pudel1 182   2   2   1   4  22   1   1   1   2 LAG   8  85   1   6 550   0   6   3   5   6   2   3   5
Pudel1 182   2   2   1   4  22   1   1   1   2 LAG   8  86   1   6 550   0   2   3   4   6   5   2   4
Pudel1 182   2   2   1   4  22   1   1   1   2 LAG   8  87   1   1 610   0   5   6   2   3   4   6   5
Pudel1 182   2   2   1   4  22   1   1   1   2 LAG   8  88   1   1 590   0   2   3   4   6   5   2   5
Pudel1 182   2   2   1   4  22   1   1   1   2 LAG   8  89   1   2 490   0   5   6   2   3   4   6   4
Pudel1 182   2   2   1   4  22   1   1   1   2 LAG   8  90   1   2 480   1   4   6   3   5   6   2   4
Pudel1 182   2   2   1   4  22   1   1   1   2 LAG   8  91   1   1 520   0   3   4   6   5   2   4   4
Pudel1 182   2   2   1   4  22   1   1   1   2 LAG   8  92   1   2 530   0   1   4   6   3   5   6   4
Pudel1 182   2   2   1   4  22   1   1   1   2 LAG   8  93   1   6 630   0   3   5   6   2   3   4   4
Pudel1 182   2   2   1   4  22   1   1   1   2 LAG   8  94   1   5 880   0   5   6   2   3   4   6   4
Pudel1 182   2   2   1   4  22   1   1   1   2 LAG   8  95   1   2 470   0   1   4   6   3   5   6   4
Pudel1 182   2   2   1   4  22   1   1   1   2 LAG   8  96   1   6 790   0   6   2   3   4   6   5   5
Pudel1 182   2   2   1   4  22   1   1   1   2 LAG   8  97   1   5 430   0   5   6   2   3   4   6   4
Pudel1 182   2   2   1   4  22   1   1   1   2 LAG   8  98   1   3 520   1   6   3   5   6   2   3   4
Pudel1 182   2   2   1   4  22   1   1   1   2 LAG   8  99   1   1 580   0   6   3   5   6   2   3   3
Pudel1 182   2   2   1   4  22   1   1   1   2 LAG   8 100   1   5 460   0   5   6   2   3   4   6   3
Pudel1 182   2   2   1   4  22   1   1   1   2 LAG   8 101   1   2 410   1   4   6   3   5   6   2   4
Pudel1 182   2   2   1   4  22   1   1   1   2 LAG   8 102   1   5 490   0   3   5   6   2   3   4   3
Pudel1 182   2   2   1   4  22   1   1   1   2 LAG   8 103   1   2 410   0   1   4   6   3   5   6   4
Pudel1 182   2   2   1   4  22   1   1   1   2 LAG   8 104   1   1 780   0   6   3   5   6   2   3   3
Pudel1 182   2   2   1   4  22   1   1   1   2 LAG   8 105   1   1 550   0   3   4   6   5   2   4   4
Pudel1 182   2   2   1   4  22   1   1   1   2 LAG   8 106   1   5 410   0   3   5   6   2   3   4   3
Pudel1 182   2   2   1   4  22   1   1   1   2 LAG   8 107   1   2 240   1   4   6   3   5   6   2   3
Pudel1 182   2   2   1   4  22   1   1   1   2 LAG   8 108   1   5 500   1   6   2   3   4   6   5   5
Pudel1 182   2   2   1   4  22   1   1   1   2 LAG   8 109   1   6 460   0   3   4   6   5   2   4   4
Pudel1 182   2   2   1   4  22   1   1   1   2 LAG   8 110   1   5 350   0   6   3   5   6   2   3   3
Pudel1 182   2   2   1   4  22   1   1   1   2 LAG   8 111   1   4 510   0   6   2   3   4   6   5   3
Pudel1 182   2   2   1   4  22   1   1   1   2 LAG   8 112   1   1 560   0   3   5   6   2   3   4   3
Pudel1 182   2   2   1   4  22   1   1   1   2 LAG   8 113   1   5 420   1   6   2   3   4   6   5   4
Pudel1 182   2   2   1   4  22   1   1   1   2 LAG   8 114   1   5 530   0   3   5   6   2   3   4   5
Pudel1 182   2   2   1   4  22   1   1   1   2 LAG   8 115   1   2 780   0   6   2   3   4   6   5   5
Pudel1 182   2   2   1   4  22   1   1   1   2 LAG   8 116   1   5 470   0   5   6   2   3   4   6   3
Pudel1 182   2   2   1   4  22   1   1   1   2 LAG   8 117   1   5 450   0   5   6   2   3   4   6   5
Pudel1 182   2   2   1   4  22   1   1   1   2 LAG   8 118   1   5 460   1   6   2   3   4   6   5   5
Pudel1 182   2   2   1   4  22   1   1   1   2 LAG   8 119   1   5 670   1   6   2   3   4   6   5   4
Pudel1 182   2   2   1   4  22   1   1   1   2 LAG   8 120   1   1 560   0   6   3   5   6   2   3   5
