Pudel1  44   2   1   2   4  27   2   1   2   1 BWL   1   1   3 751   3   1
Pudel1  44   2   1   2   4  27   2   1   2   1 BWL   1   2   1 746   1   1
Pudel1  44   2   1   2   4  27   2   1   2   1 BWL   1   3   6 671   6   1
Pudel1  44   2   1   2   4  27   2   1   2   1 BWL   1   4   3 788   3   1
Pudel1  44   2   1   2   4  27   2   1   2   1 BWL   1   5   2 772   2   1
Pudel1  44   2   1   2   4  27   2   1   2   1 BWL   1   6   1 700   1   1
Pudel1  44   2   1   2   4  27   2   1   2   1 BWL   1   7   5 876   5   1
Pudel1  44   2   1   2   4  27   2   1   2   1 BWL   1   8   4 793   4   1
Pudel1  44   2   1   2   4  27   2   1   2   1 BWL   1   9   1 721   1   1
Pudel1  44   2   1   2   4  27   2   1   2   1 BWL   1  10   3 732   3   1
Pudel1  44   2   1   2   4  27   2   1   2   1 BWL   1  11   2 831   2   1
Pudel1  44   2   1   2   4  27   2   1   2   1 BWL   1  12   4 936   4   1
Pudel1  44   2   1   2   4  27   2   1   2   1 BWL   1  13   3 803   3   1
Pudel1  44   2   1   2   4  27   2   1   2   1 BWL   1  14   1 763   1   1
Pudel1  44   2   1   2   4  27   2   1   2   1 BWL   1  15   4 858   4   1
Pudel1  44   2   1   2   4  27   2   1   2   1 BWL   1  16   3 702   3   1
Pudel1  44   2   1   2   4  27   2   1   2   1 BWL   1  17   1 804   1   1
Pudel1  44   2   1   2   4  27   2   1   2   1 BWL   1  18   4 754   4   1
Pudel1  44   2   1   2   4  27   2   1   2   1 BWL   1  19   3 644   3   1
Pudel1  44   2   1   2   4  27   2   1   2   1 BWL   1  20   6 886   6   1
Pudel1  44   2   1   2   4  27   2   1   2   1 BWL   1  21   2 899   2   1
Pudel1  44   2   1   2   4  27   2   1   2   1 BWL   1  22   5 855   5   1
Pudel1  44   2   1   2   4  27   2   1   2   1 BWL   1  23   4 781   4   1
Pudel1  44   2   1   2   4  27   2   1   2   1 BWL   1  24   3 639   3   1
Pudel1  44   2   1   2   4  27   2   1   2   1 BWL   1  25   1 714   1   1
Pudel1  44   2   1   2   4  27   2   1   2   1 BWL   1  26   5 833   5   1
Pudel1  44   2   1   2   4  27   2   1   2   1 BWL   1  27   4 884   4   1
Pudel1  44   2   1   2   4  27   2   1   2   1 BWL   1  28   3 815   3   1
Pudel1  44   2   1   2   4  27   2   1   2   1 BWL   1  29   5 786   5   1
Pudel1  44   2   1   2   4  27   2   1   2   1 BWL   1  30   4 758   4   1
Pudel1  44   2   1   2   4  27   2   1   2   1 BWL   1  31   2 816   2   1
Pudel1  44   2   1   2   4  27   2   1   2   1 BWL   1  32   6 806   6   1
Pudel1  44   2   1   2   4  27   2   1   2   1 BWL   1  33   3 787   3   1
Pudel1  44   2   1   2   4  27   2   1   2   1 BWL   1  34   2 842   2   1
Pudel1  44   2   1   2   4  27   2   1   2   1 BWL   1  35   5 759   5   1
Pudel1  44   2   1   2   4  27   2   1   2   1 BWL   1  36   3 753   3   1
Pudel1  44   2   1   2   4  27   2   1   2   1 BWL   1  37   6 763   6   1
Pudel1  44   2   1   2   4  27   2   1   2   1 BWL   1  38   5 777   5   1
Pudel1  44   2   1   2   4  27   2   1   2   1 BWL   1  39   1 828   1   1
Pudel1  44   2   1   2   4  27   2   1   2   1 BWL   1  40   5 825   4   0
Pudel1  44   2   1   2   4  27   2   1   2   1 BWL   1  41   6 1316   6   1
Pudel1  44   2   1   2   4  27   2   1   2   1 BWL   1  42   3 930   3   1
Pudel1  44   2   1   2   4  27   2   1   2   1 BWL   1  43   4 835   4   1
Pudel1  44   2   1   2   4  27   2   1   2   1 BWL   1  44   5 823   5   1
Pudel1  44   2   1   2   4  27   2   1   2   1 BWL   1  45   6 842   6   1
Pudel1  44   2   1   2   4  27   2   1   2   1 BWL   1  46   3 837   3   1
Pudel1  44   2   1   2   4  27   2   1   2   1 BWL   1  47   1 764   1   1
Pudel1  44   2   1   2   4  27   2   1   2   1 BWL   1  48   2 783   2   1
Pudel1  44   2   1   2   4  27   2   1   2   1 BWL   1  49   6 770   6   1
Pudel1  44   2   1   2   4  27   2   1   2   1 BWL   1  50   4 659   4   1
Pudel1  44   2   1   2   4  27   2   1   2   1 BWL   1  51   2 730   2   1
Pudel1  44   2   1   2   4  27   2   1   2   1 BWL   1  52   5 966   5   1
Pudel1  44   2   1   2   4  27   2   1   2   1 BWL   1  53   1 740   1   1
Pudel1  44   2   1   2   4  27   2   1   2   1 BWL   1  54   6 776   6   1
Pudel1  44   2   1   2   4  27   2   1   2   1 BWL   1  55   2 838   2   1
Pudel1  44   2   1   2   4  27   2   1   2   1 BWL   1  56   3 887   3   1
Pudel1  44   2   1   2   4  27   2   1   2   1 BWL   1  57   6 758   6   1
Pudel1  44   2   1   2   4  27   2   1   2   1 BWL   1  58   5 840   5   1
Pudel1  44   2   1   2   4  27   2   1   2   1 BWL   1  59   2 886   2   1
Pudel1  44   2   1   2   4  27   2   1   2   1 BWL   1  60   1 815   1   1
Pudel1  44   2   1   2   4  27   2   1   2   1 BWL   1  61   3 791   3   1
Pudel1  44   2   1   2   4  27   2   1   2   1 BWL   1  62   5 757   5   1
Pudel1  44   2   1   2   4  27   2   1   2   1 BWL   1  63   4 764   4   1
Pudel1  44   2   1   2   4  27   2   1   2   1 BWL   1  64   1 724   1   1
Pudel1  44   2   1   2   4  27   2   1   2   1 BWL   1  65   2 760   2   1
Pudel1  44   2   1   2   4  27   2   1   2   1 BWL   1  66   6 658   6   1
Pudel1  44   2   1   2   4  27   2   1   2   1 BWL   1  67   5 792   5   1
Pudel1  44   2   1   2   4  27   2   1   2   1 BWL   1  68   1 692   1   1
Pudel1  44   2   1   2   4  27   2   1   2   1 BWL   1  69   2 779   2   1
Pudel1  44   2   1   2   4  27   2   1   2   1 BWL   1  70   4 713   4   1
Pudel1  44   2   1   2   4  27   2   1   2   1 BWL   1  71   5 740   5   1
Pudel1  44   2   1   2   4  27   2   1   2   1 BWL   1  72   1 665   1   1
Pudel1  44   2   1   2   4  27   2   1   2   1 BWL   1  73   2 747   2   1
Pudel1  44   2   1   2   4  27   2   1   2   1 BWL   1  74   4 834   4   1
Pudel1  44   2   1   2   4  27   2   1   2   1 BWL   1  75   1 759   1   1
Pudel1  44   2   1   2   4  27   2   1   2   1 BWL   1  76   5 779   5   1
Pudel1  44   2   1   2   4  27   2   1   2   1 BWL   1  77   6 722   6   1
Pudel1  44   2   1   2   4  27   2   1   2   1 BWL   1  78   1 843   1   1
Pudel1  44   2   1   2   4  27   2   1   2   1 BWL   1  79   2 776   2   1
Pudel1  44   2   1   2   4  27   2   1   2   1 BWL   1  80   6 685   6   1
Pudel1  44   2   1   2   4  27   2   1   2   1 BWL   1  81   4 654   4   1
Pudel1  44   2   1   2   4  27   2   1   2   1 BWL   1  82   2 746   2   1
Pudel1  44   2   1   2   4  27   2   1   2   1 BWL   1  83   1 639   1   1
Pudel1  44   2   1   2   4  27   2   1   2   1 BWL   1  84   5 743   5   1
Pudel1  44   2   1   2   4  27   2   1   2   1 BWL   1  85   3 695   3   1
Pudel1  44   2   1   2   4  27   2   1   2   1 BWL   1  86   6 682   6   1
Pudel1  44   2   1   2   4  27   2   1   2   1 BWL   1  87   1 738   1   1
Pudel1  44   2   1   2   4  27   2   1   2   1 BWL   1  88   5 775   5   1
Pudel1  44   2   1   2   4  27   2   1   2   1 BWL   1  89   6 740   6   1
Pudel1  44   2   1   2   4  27   2   1   2   1 BWL   1  90   3 816   3   1
Pudel1  44   2   1   2   4  27   2   1   2   1 BWL   1  91   4 771   4   1
Pudel1  44   2   1   2   4  27   2   1   2   1 BWL   1  92   2 811   2   1
Pudel1  44   2   1   2   4  27   2   1   2   1 BWL   1  93   5 732   5   1
Pudel1  44   2   1   2   4  27   2   1   2   1 BWL   1  94   4 831   4   1
Pudel1  44   2   1   2   4  27   2   1   2   1 BWL   1  95   6 751   6   1
Pudel1  44   2   1   2   4  27   2   1   2   1 BWL   1  96   3 786   3   1
Pudel1  44   2   1   2   4  27   2   1   2   1 BWL   1  97   1 728   1   1
Pudel1  44   2   1   2   4  27   2   1   2   1 BWL   1  98   5 733   5   1
Pudel1  44   2   1   2   4  27   2   1   2   1 BWL   1  99   4 721   4   1
Pudel1  44   2   1   2   4  27   2   1   2   1 BWL   1 100   6 689   6   1
Pudel1  44   2   1   2   4  27   2   1   2   1 BWL   1 101   1 800   1   1
Pudel1  44   2   1   2   4  27   2   1   2   1 BWL   1 102   4 800   4   1
Pudel1  44   2   1   2   4  27   2   1   2   1 BWL   1 103   3 712   3   1
Pudel1  44   2   1   2   4  27   2   1   2   1 BWL   1 104   1 780   1   1
Pudel1  44   2   1   2   4  27   2   1   2   1 BWL   1 105   5 768   5   1
Pudel1  44   2   1   2   4  27   2   1   2   1 BWL   1 106   4 670   3   0
Pudel1  44   2   1   2   4  27   2   1   2   1 BWL   1 107   6 806   6   1
Pudel1  44   2   1   2   4  27   2   1   2   1 BWL   1 108   5 798   5   1
Pudel1  44   2   1   2   4  27   2   1   2   1 BWL   1 109   3 734   3   1
Pudel1  44   2   1   2   4  27   2   1   2   1 BWL   1 110   2 823   2   1
Pudel1  44   2   1   2   4  27   2   1   2   1 BWL   1 111   4 757   4   1
Pudel1  44   2   1   2   4  27   2   1   2   1 BWL   1 112   1 756   1   1
Pudel1  44   2   1   2   4  27   2   1   2   1 BWL   1 113   3 767   3   1
Pudel1  44   2   1   2   4  27   2   1   2   1 BWL   1 114   4 817   4   1
Pudel1  44   2   1   2   4  27   2   1   2   1 BWL   1 115   6 746   6   1
Pudel1  44   2   1   2   4  27   2   1   2   1 BWL   1 116   2 811   2   1
Pudel1  44   2   1   2   4  27   2   1   2   1 BWL   1 117   4 683   4   1
Pudel1  44   2   1   2   4  27   2   1   2   1 BWL   1 118   6 830   6   1
Pudel1  44   2   1   2   4  27   2   1   2   1 BWL   1 119   5 701   5   1
Pudel1  44   2   1   2   4  27   2   1   2   1 BWL   1 120   2 796   2   1
Pudel1  44   2   1   2   4  27   2   1   2   1 BWL   1 121   3 703   3   1
Pudel1  44   2   1   2   4  27   2   1   2   1 BWL   1 122   4 811   5   0
Pudel1  44   2   1   2   4  27   2   1   2   1 BWL   1 123   6 786   6   1
Pudel1  44   2   1   2   4  27   2   1   2   1 BWL   1 124   4 806   4   1
Pudel1  44   2   1   2   4  27   2   1   2   1 BWL   1 125   3 699   3   1
Pudel1  44   2   1   2   4  27   2   1   2   1 BWL   1 126   5 669   5   1
Pudel1  44   2   1   2   4  27   2   1   2   1 BWL   1 127   1 721   1   1
Pudel1  44   2   1   2   4  27   2   1   2   1 BWL   1 128   3 743   3   1
Pudel1  44   2   1   2   4  27   2   1   2   1 BWL   1 129   5 761   5   1
Pudel1  44   2   1   2   4  27   2   1   2   1 BWL   1 130   4 701   4   1
Pudel1  44   2   1   2   4  27   2   1   2   1 BWL   1 131   1 665   1   1
Pudel1  44   2   1   2   4  27   2   1   2   1 BWL   1 132   3 713   3   1
Pudel1  44   2   1   2   4  27   2   1   2   1 BWL   1 133   6 699   6   1
Pudel1  44   2   1   2   4  27   2   1   2   1 BWL   1 134   5 708   5   1
Pudel1  44   2   1   2   4  27   2   1   2   1 BWL   1 135   3 836   3   1
Pudel1  44   2   1   2   4  27   2   1   2   1 BWL   1 136   2 693   2   1
Pudel1  44   2   1   2   4  27   2   1   2   1 BWL   1 137   6 729   6   1
Pudel1  44   2   1   2   4  27   2   1   2   1 BWL   1 138   4 735   4   1
Pudel1  44   2   1   2   4  27   2   1   2   1 BWL   1 139   5 794   5   1
Pudel1  44   2   1   2   4  27   2   1   2   1 BWL   1 140   1 841   1   1
Pudel1  44   2   1   2   4  27   2   1   2   1 BWL   1 141   3 689   3   1
Pudel1  44   2   1   2   4  27   2   1   2   1 BWL   1 142   2 883   2   1
Pudel1  44   2   1   2   4  27   2   1   2   1 BWL   1 143   4 745   4   1
Pudel1  44   2   1   2   4  27   2   1   2   1 BWL   1 144   1 737   1   1
Pudel1  44   2   1   2   4  27   2   1   2   1 BWL   2   1   4 671   4   1
Pudel1  44   2   1   2   4  27   2   1   2   1 BWL   2   2   6 645   6   1
Pudel1  44   2   1   2   4  27   2   1   2   1 BWL   2   3   1 672   1   1
Pudel1  44   2   1   2   4  27   2   1   2   1 BWL   2   4   3 651   3   1
Pudel1  44   2   1   2   4  27   2   1   2   1 BWL   2   5   2 646   2   1
Pudel1  44   2   1   2   4  27   2   1   2   1 BWL   2   6   4 707   4   1
Pudel1  44   2   1   2   4  27   2   1   2   1 BWL   2   7   5 699   5   1
Pudel1  44   2   1   2   4  27   2   1   2   1 BWL   2   8   4 694   3   0
Pudel1  44   2   1   2   4  27   2   1   2   1 BWL   2   9   2 778   2   1
Pudel1  44   2   1   2   4  27   2   1   2   1 BWL   2  10   4 705   4   1
Pudel1  44   2   1   2   4  27   2   1   2   1 BWL   2  11   6 818   6   1
Pudel1  44   2   1   2   4  27   2   1   2   1 BWL   2  12   1 689   1   1
Pudel1  44   2   1   2   4  27   2   1   2   1 BWL   2  13   3 652   3   1
Pudel1  44   2   1   2   4  27   2   1   2   1 BWL   2  14   5 704   5   1
Pudel1  44   2   1   2   4  27   2   1   2   1 BWL   2  15   4 719   4   1
Pudel1  44   2   1   2   4  27   2   1   2   1 BWL   2  16   1 685   1   1
Pudel1  44   2   1   2   4  27   2   1   2   1 BWL   2  17   2 857   2   1
Pudel1  44   2   1   2   4  27   2   1   2   1 BWL   2  18   3 720   3   1
Pudel1  44   2   1   2   4  27   2   1   2   1 BWL   2  19   6 672   6   1
Pudel1  44   2   1   2   4  27   2   1   2   1 BWL   2  20   5 861   5   1
Pudel1  44   2   1   2   4  27   2   1   2   1 BWL   2  21   3 737   3   1
Pudel1  44   2   1   2   4  27   2   1   2   1 BWL   2  22   1 689   1   1
Pudel1  44   2   1   2   4  27   2   1   2   1 BWL   2  23   5 767   5   1
Pudel1  44   2   1   2   4  27   2   1   2   1 BWL   2  24   3 757   3   1
Pudel1  44   2   1   2   4  27   2   1   2   1 BWL   2  25   2 784   2   1
Pudel1  44   2   1   2   4  27   2   1   2   1 BWL   2  26   1 648   1   1
Pudel1  44   2   1   2   4  27   2   1   2   1 BWL   2  27   6 687   6   1
Pudel1  44   2   1   2   4  27   2   1   2   1 BWL   2  28   2 814   2   1
Pudel1  44   2   1   2   4  27   2   1   2   1 BWL   2  29   3 878   3   1
Pudel1  44   2   1   2   4  27   2   1   2   1 BWL   2  30   5 747   5   1
Pudel1  44   2   1   2   4  27   2   1   2   1 BWL   2  31   4 799   4   1
Pudel1  44   2   1   2   4  27   2   1   2   1 BWL   2  32   2 736   2   1
Pudel1  44   2   1   2   4  27   2   1   2   1 BWL   2  33   1 711   1   1
Pudel1  44   2   1   2   4  27   2   1   2   1 BWL   2  34   4 772   4   1
Pudel1  44   2   1   2   4  27   2   1   2   1 BWL   2  35   3 879   3   1
Pudel1  44   2   1   2   4  27   2   1   2   1 BWL   2  36   1 721   1   1
Pudel1  44   2   1   2   4  27   2   1   2   1 BWL   2  37   2 603   2   1
Pudel1  44   2   1   2   4  27   2   1   2   1 BWL   2  38   4 730   4   1
Pudel1  44   2   1   2   4  27   2   1   2   1 BWL   2  39   6 703   6   1
Pudel1  44   2   1   2   4  27   2   1   2   1 BWL   2  40   2 680   2   1
Pudel1  44   2   1   2   4  27   2   1   2   1 BWL   2  41   4 673   4   1
Pudel1  44   2   1   2   4  27   2   1   2   1 BWL   2  42   5 759   5   1
Pudel1  44   2   1   2   4  27   2   1   2   1 BWL   2  43   1 687   1   1
Pudel1  44   2   1   2   4  27   2   1   2   1 BWL   2  44   2 761   2   1
Pudel1  44   2   1   2   4  27   2   1   2   1 BWL   2  45   3 636   3   1
Pudel1  44   2   1   2   4  27   2   1   2   1 BWL   2  46   1 708   1   1
Pudel1  44   2   1   2   4  27   2   1   2   1 BWL   2  47   5 1510   5   1
Pudel1  44   2   1   2   4  27   2   1   2   1 BWL   2  48   4 790   4   1
Pudel1  44   2   1   2   4  27   2   1   2   1 BWL   2  49   3 845   3   1
Pudel1  44   2   1   2   4  27   2   1   2   1 BWL   2  50   1 659   1   1
Pudel1  44   2   1   2   4  27   2   1   2   1 BWL   2  51   6 754   6   1
Pudel1  44   2   1   2   4  27   2   1   2   1 BWL   2  52   3 812   3   1
Pudel1  44   2   1   2   4  27   2   1   2   1 BWL   2  53   4 635   4   1
Pudel1  44   2   1   2   4  27   2   1   2   1 BWL   2  54   5 771   5   1
Pudel1  44   2   1   2   4  27   2   1   2   1 BWL   2  55   1 706   1   1
Pudel1  44   2   1   2   4  27   2   1   2   1 BWL   2  56   6 799   6   1
Pudel1  44   2   1   2   4  27   2   1   2   1 BWL   2  57   2 758   2   1
Pudel1  44   2   1   2   4  27   2   1   2   1 BWL   2  58   3 799   3   1
Pudel1  44   2   1   2   4  27   2   1   2   1 BWL   2  59   1 720   1   1
Pudel1  44   2   1   2   4  27   2   1   2   1 BWL   2  60   4 746   4   1
Pudel1  44   2   1   2   4  27   2   1   2   1 BWL   2  61   3 802   3   1
Pudel1  44   2   1   2   4  27   2   1   2   1 BWL   2  62   1 708   1   1
Pudel1  44   2   1   2   4  27   2   1   2   1 BWL   2  63   5 861   5   1
Pudel1  44   2   1   2   4  27   2   1   2   1 BWL   2  64   4 877   4   1
Pudel1  44   2   1   2   4  27   2   1   2   1 BWL   2  65   6 731   6   1
Pudel1  44   2   1   2   4  27   2   1   2   1 BWL   2  66   5 758   5   1
Pudel1  44   2   1   2   4  27   2   1   2   1 BWL   2  67   1 702   1   1
Pudel1  44   2   1   2   4  27   2   1   2   1 BWL   2  68   6 798   6   1
Pudel1  44   2   1   2   4  27   2   1   2   1 BWL   2  69   4 752   4   1
Pudel1  44   2   1   2   4  27   2   1   2   1 BWL   2  70   5 850   5   1
Pudel1  44   2   1   2   4  27   2   1   2   1 BWL   2  71   2 903   2   1
Pudel1  44   2   1   2   4  27   2   1   2   1 BWL   2  72   4 689   4   1
Pudel1  44   2   1   2   4  27   2   1   2   1 BWL   2  73   3 769   3   1
Pudel1  44   2   1   2   4  27   2   1   2   1 BWL   2  74   1 733   1   1
Pudel1  44   2   1   2   4  27   2   1   2   1 BWL   2  75   4 763   4   1
Pudel1  44   2   1   2   4  27   2   1   2   1 BWL   2  76   5 684   5   1
Pudel1  44   2   1   2   4  27   2   1   2   1 BWL   2  77   1 712   1   1
Pudel1  44   2   1   2   4  27   2   1   2   1 BWL   2  78   3 711   3   1
Pudel1  44   2   1   2   4  27   2   1   2   1 BWL   2  79   4 681   4   1
Pudel1  44   2   1   2   4  27   2   1   2   1 BWL   2  80   5 587   5   1
Pudel1  44   2   1   2   4  27   2   1   2   1 BWL   2  81   6 694   6   1
Pudel1  44   2   1   2   4  27   2   1   2   1 BWL   2  82   3 739   3   1
Pudel1  44   2   1   2   4  27   2   1   2   1 BWL   2  83   5 745   5   1
Pudel1  44   2   1   2   4  27   2   1   2   1 BWL   2  84   2 753   2   1
Pudel1  44   2   1   2   4  27   2   1   2   1 BWL   2  85   6 681   6   1
Pudel1  44   2   1   2   4  27   2   1   2   1 BWL   2  86   1 813   1   1
Pudel1  44   2   1   2   4  27   2   1   2   1 BWL   2  87   2 828   2   1
Pudel1  44   2   1   2   4  27   2   1   2   1 BWL   2  88   5 681   5   1
Pudel1  44   2   1   2   4  27   2   1   2   1 BWL   2  89   1 750   1   1
Pudel1  44   2   1   2   4  27   2   1   2   1 BWL   2  90   3 824   3   1
Pudel1  44   2   1   2   4  27   2   1   2   1 BWL   2  91   2 788   2   1
Pudel1  44   2   1   2   4  27   2   1   2   1 BWL   2  92   4 731   4   1
Pudel1  44   2   1   2   4  27   2   1   2   1 BWL   2  93   1 730   1   1
Pudel1  44   2   1   2   4  27   2   1   2   1 BWL   2  94   6 754   6   1
Pudel1  44   2   1   2   4  27   2   1   2   1 BWL   2  95   2 784   2   1
Pudel1  44   2   1   2   4  27   2   1   2   1 BWL   2  96   5 706   5   1
Pudel1  44   2   1   2   4  27   2   1   2   1 BWL   2  97   4 765   4   1
Pudel1  44   2   1   2   4  27   2   1   2   1 BWL   2  98   6 719   6   1
Pudel1  44   2   1   2   4  27   2   1   2   1 BWL   2  99   5 762   5   1
Pudel1  44   2   1   2   4  27   2   1   2   1 BWL   2 100   1 630   1   1
Pudel1  44   2   1   2   4  27   2   1   2   1 BWL   2 101   4 747   4   1
Pudel1  44   2   1   2   4  27   2   1   2   1 BWL   2 102   3 858   3   1
Pudel1  44   2   1   2   4  27   2   1   2   1 BWL   2 103   6 706   6   1
Pudel1  44   2   1   2   4  27   2   1   2   1 BWL   2 104   5 748   5   1
Pudel1  44   2   1   2   4  27   2   1   2   1 BWL   2 105   1 673   1   1
Pudel1  44   2   1   2   4  27   2   1   2   1 BWL   2 106   4 746   4   1
Pudel1  44   2   1   2   4  27   2   1   2   1 BWL   2 107   6 776   6   1
Pudel1  44   2   1   2   4  27   2   1   2   1 BWL   2 108   2 743   2   1
Pudel1  44   2   1   2   4  27   2   1   2   1 BWL   2 109   5 724   5   1
Pudel1  44   2   1   2   4  27   2   1   2   1 BWL   2 110   3 717   3   1
Pudel1  44   2   1   2   4  27   2   1   2   1 BWL   2 111   4 861   4   1
Pudel1  44   2   1   2   4  27   2   1   2   1 BWL   2 112   6 662   6   1
Pudel1  44   2   1   2   4  27   2   1   2   1 BWL   2 113   1 1076   1   1
Pudel1  44   2   1   2   4  27   2   1   2   1 BWL   2 114   3 817   3   1
Pudel1  44   2   1   2   4  27   2   1   2   1 BWL   2 115   6 691   6   1
Pudel1  44   2   1   2   4  27   2   1   2   1 BWL   2 116   4 671   4   1
Pudel1  44   2   1   2   4  27   2   1   2   1 BWL   2 117   5 755   5   1
Pudel1  44   2   1   2   4  27   2   1   2   1 BWL   2 118   6 749   6   1
Pudel1  44   2   1   2   4  27   2   1   2   1 BWL   2 119   2 818   2   1
Pudel1  44   2   1   2   4  27   2   1   2   1 BWL   2 120   5 909   5   1
Pudel1  44   2   1   2   4  27   2   1   2   1 BWL   2 121   4 697   4   1
Pudel1  44   2   1   2   4  27   2   1   2   1 BWL   2 122   1 843   1   1
Pudel1  44   2   1   2   4  27   2   1   2   1 BWL   2 123   2 753   2   1
Pudel1  44   2   1   2   4  27   2   1   2   1 BWL   2 124   4 921   4   1
Pudel1  44   2   1   2   4  27   2   1   2   1 BWL   2 125   2 731   3   0
Pudel1  44   2   1   2   4  27   2   1   2   1 BWL   2 126   5 803   5   1
Pudel1  44   2   1   2   4  27   2   1   2   1 BWL   2 127   2 1001   2   1
Pudel1  44   2   1   2   4  27   2   1   2   1 BWL   2 128   1 805   1   1
Pudel1  44   2   1   2   4  27   2   1   2   1 BWL   2 129   6 757   6   1
Pudel1  44   2   1   2   4  27   2   1   2   1 BWL   2 130   4 676   4   1
Pudel1  44   2   1   2   4  27   2   1   2   1 BWL   2 131   2 778   2   1
Pudel1  44   2   1   2   4  27   2   1   2   1 BWL   2 132   3 779   3   1
Pudel1  44   2   1   2   4  27   2   1   2   1 BWL   2 133   1 708   1   1
Pudel1  44   2   1   2   4  27   2   1   2   1 BWL   2 134   2 841   2   1
Pudel1  44   2   1   2   4  27   2   1   2   1 BWL   2 135   4 690   4   1
Pudel1  44   2   1   2   4  27   2   1   2   1 BWL   2 136   6 686   6   1
Pudel1  44   2   1   2   4  27   2   1   2   1 BWL   2 137   1 726   1   1
Pudel1  44   2   1   2   4  27   2   1   2   1 BWL   2 138   3 834   3   1
Pudel1  44   2   1   2   4  27   2   1   2   1 BWL   2 139   4 722   4   1
Pudel1  44   2   1   2   4  27   2   1   2   1 BWL   2 140   2 706   2   1
Pudel1  44   2   1   2   4  27   2   1   2   1 BWL   2 141   1 742   1   1
Pudel1  44   2   1   2   4  27   2   1   2   1 BWL   2 142   4 773   4   1
Pudel1  44   2   1   2   4  27   2   1   2   1 BWL   2 143   5 758   5   1
Pudel1  44   2   1   2   4  27   2   1   2   1 BWL   2 144   2 787   2   1
Pudel1  44   2   1   2   4  27   2   1   2   1 BWL   3   1   1 773   1   1
Pudel1  44   2   1   2   4  27   2   1   2   1 BWL   3   2   3 615   3   1
Pudel1  44   2   1   2   4  27   2   1   2   1 BWL   3   3   4 602   4   1
Pudel1  44   2   1   2   4  27   2   1   2   1 BWL   3   4   2 679   2   1
Pudel1  44   2   1   2   4  27   2   1   2   1 BWL   3   5   3 748   3   1
Pudel1  44   2   1   2   4  27   2   1   2   1 BWL   3   6   6 699   6   1
Pudel1  44   2   1   2   4  27   2   1   2   1 BWL   3   7   2 793   2   1
Pudel1  44   2   1   2   4  27   2   1   2   1 BWL   3   8   4 731   5   0
Pudel1  44   2   1   2   4  27   2   1   2   1 BWL   3   9   1 747   1   1
Pudel1  44   2   1   2   4  27   2   1   2   1 BWL   3  10   6 704   6   1
Pudel1  44   2   1   2   4  27   2   1   2   1 BWL   3  11   3 747   3   1
Pudel1  44   2   1   2   4  27   2   1   2   1 BWL   3  12   5 631   5   1
Pudel1  44   2   1   2   4  27   2   1   2   1 BWL   3  13   4 695   4   1
Pudel1  44   2   1   2   4  27   2   1   2   1 BWL   3  14   3 687   3   1
Pudel1  44   2   1   2   4  27   2   1   2   1 BWL   3  15   5 669   5   1
Pudel1  44   2   1   2   4  27   2   1   2   1 BWL   3  16   4 710   4   1
Pudel1  44   2   1   2   4  27   2   1   2   1 BWL   3  17   6 685   6   1
Pudel1  44   2   1   2   4  27   2   1   2   1 BWL   3  18   5 707   5   1
Pudel1  44   2   1   2   4  27   2   1   2   1 BWL   3  19   4 631   4   1
Pudel1  44   2   1   2   4  27   2   1   2   1 BWL   3  20   3 812   3   1
Pudel1  44   2   1   2   4  27   2   1   2   1 BWL   3  21   2 615   2   1
Pudel1  44   2   1   2   4  27   2   1   2   1 BWL   3  22   4 710   4   1
Pudel1  44   2   1   2   4  27   2   1   2   1 BWL   3  23   3 718   3   1
Pudel1  44   2   1   2   4  27   2   1   2   1 BWL   3  24   1 754   1   1
Pudel1  44   2   1   2   4  27   2   1   2   1 BWL   3  25   5 822   5   1
Pudel1  44   2   1   2   4  27   2   1   2   1 BWL   3  26   4 868   4   1
Pudel1  44   2   1   2   4  27   2   1   2   1 BWL   3  27   1 673   1   1
Pudel1  44   2   1   2   4  27   2   1   2   1 BWL   3  28   5 720   5   1
Pudel1  44   2   1   2   4  27   2   1   2   1 BWL   3  29   6 722   6   1
Pudel1  44   2   1   2   4  27   2   1   2   1 BWL   3  30   4 742   4   1
Pudel1  44   2   1   2   4  27   2   1   2   1 BWL   3  31   1 702   1   1
Pudel1  44   2   1   2   4  27   2   1   2   1 BWL   3  32   6 706   6   1
Pudel1  44   2   1   2   4  27   2   1   2   1 BWL   3  33   3 857   3   1
Pudel1  44   2   1   2   4  27   2   1   2   1 BWL   3  34   2 819   2   1
Pudel1  44   2   1   2   4  27   2   1   2   1 BWL   3  35   6 656   6   1
Pudel1  44   2   1   2   4  27   2   1   2   1 BWL   3  36   3 878   3   1
Pudel1  44   2   1   2   4  27   2   1   2   1 BWL   3  37   1 827   1   1
Pudel1  44   2   1   2   4  27   2   1   2   1 BWL   3  38   2 826   2   1
Pudel1  44   2   1   2   4  27   2   1   2   1 BWL   3  39   6 626   6   1
Pudel1  44   2   1   2   4  27   2   1   2   1 BWL   3  40   4 593   4   1
Pudel1  44   2   1   2   4  27   2   1   2   1 BWL   3  41   3 811   3   1
Pudel1  44   2   1   2   4  27   2   1   2   1 BWL   3  42   5 665   5   1
Pudel1  44   2   1   2   4  27   2   1   2   1 BWL   3  43   1 707   1   1
Pudel1  44   2   1   2   4  27   2   1   2   1 BWL   3  44   4 587   3   0
Pudel1  44   2   1   2   4  27   2   1   2   1 BWL   3  45   2 947   2   1
Pudel1  44   2   1   2   4  27   2   1   2   1 BWL   3  46   5 746   5   1
Pudel1  44   2   1   2   4  27   2   1   2   1 BWL   3  47   6 561   6   1
Pudel1  44   2   1   2   4  27   2   1   2   1 BWL   3  48   1 741   1   1
Pudel1  44   2   1   2   4  27   2   1   2   1 BWL   3  49   4 715   4   1
Pudel1  44   2   1   2   4  27   2   1   2   1 BWL   3  50   3 601   3   1
Pudel1  44   2   1   2   4  27   2   1   2   1 BWL   3  51   1 790   1   1
Pudel1  44   2   1   2   4  27   2   1   2   1 BWL   3  52   5 773   5   1
Pudel1  44   2   1   2   4  27   2   1   2   1 BWL   3  53   4 856   4   1
Pudel1  44   2   1   2   4  27   2   1   2   1 BWL   3  54   2 776   2   1
Pudel1  44   2   1   2   4  27   2   1   2   1 BWL   3  55   5 873   5   1
Pudel1  44   2   1   2   4  27   2   1   2   1 BWL   3  56   4 850   4   1
Pudel1  44   2   1   2   4  27   2   1   2   1 BWL   3  57   2 808   2   1
Pudel1  44   2   1   2   4  27   2   1   2   1 BWL   3  58   6 683   6   1
Pudel1  44   2   1   2   4  27   2   1   2   1 BWL   3  59   5 779   5   1
Pudel1  44   2   1   2   4  27   2   1   2   1 BWL   3  60   2 774   2   1
Pudel1  44   2   1   2   4  27   2   1   2   1 BWL   3  61   1 843   1   1
Pudel1  44   2   1   2   4  27   2   1   2   1 BWL   3  62   5 649   5   1
Pudel1  44   2   1   2   4  27   2   1   2   1 BWL   3  63   2 822   2   1
Pudel1  44   2   1   2   4  27   2   1   2   1 BWL   3  64   6 668   6   1
Pudel1  44   2   1   2   4  27   2   1   2   1 BWL   3  65   1 618   1   1
Pudel1  44   2   1   2   4  27   2   1   2   1 BWL   3  66   2 781   2   1
Pudel1  44   2   1   2   4  27   2   1   2   1 BWL   3  67   6 801   6   1
Pudel1  44   2   1   2   4  27   2   1   2   1 BWL   3  68   4 858   4   1
Pudel1  44   2   1   2   4  27   2   1   2   1 BWL   3  69   1 742   1   1
Pudel1  44   2   1   2   4  27   2   1   2   1 BWL   3  70   3 636   3   1
Pudel1  44   2   1   2   4  27   2   1   2   1 BWL   3  71   5 806   5   1
Pudel1  44   2   1   2   4  27   2   1   2   1 BWL   3  72   1 644   1   1
Pudel1  44   2   1   2   4  27   2   1   2   1 BWL   3  73   4 766   4   1
Pudel1  44   2   1   2   4  27   2   1   2   1 BWL   3  74   5 729   5   1
Pudel1  44   2   1   2   4  27   2   1   2   1 BWL   3  75   1 708   1   1
Pudel1  44   2   1   2   4  27   2   1   2   1 BWL   3  76   4 671   4   1
Pudel1  44   2   1   2   4  27   2   1   2   1 BWL   3  77   6 704   6   1
Pudel1  44   2   1   2   4  27   2   1   2   1 BWL   3  78   2 787   2   1
Pudel1  44   2   1   2   4  27   2   1   2   1 BWL   3  79   4 663   4   1
Pudel1  44   2   1   2   4  27   2   1   2   1 BWL   3  80   1 806   1   1
Pudel1  44   2   1   2   4  27   2   1   2   1 BWL   3  81   2 740   2   1
Pudel1  44   2   1   2   4  27   2   1   2   1 BWL   3  82   4 699   4   1
Pudel1  44   2   1   2   4  27   2   1   2   1 BWL   3  83   6 647   6   1
Pudel1  44   2   1   2   4  27   2   1   2   1 BWL   3  84   2 810   3   0
Pudel1  44   2   1   2   4  27   2   1   2   1 BWL   3  85   1 744   1   1
Pudel1  44   2   1   2   4  27   2   1   2   1 BWL   3  86   2 780   2   1
Pudel1  44   2   1   2   4  27   2   1   2   1 BWL   3  87   6 690   6   1
Pudel1  44   2   1   2   4  27   2   1   2   1 BWL   3  88   3 785   3   1
Pudel1  44   2   1   2   4  27   2   1   2   1 BWL   3  89   4 935   4   1
Pudel1  44   2   1   2   4  27   2   1   2   1 BWL   3  90   5 626   5   1
Pudel1  44   2   1   2   4  27   2   1   2   1 BWL   3  91   3 678   3   1
Pudel1  44   2   1   2   4  27   2   1   2   1 BWL   3  92   6 746   6   1
Pudel1  44   2   1   2   4  27   2   1   2   1 BWL   3  93   1 659   1   1
Pudel1  44   2   1   2   4  27   2   1   2   1 BWL   3  94   4 788   4   1
Pudel1  44   2   1   2   4  27   2   1   2   1 BWL   3  95   2 841   2   1
Pudel1  44   2   1   2   4  27   2   1   2   1 BWL   3  96   1 695   1   1
Pudel1  44   2   1   2   4  27   2   1   2   1 BWL   3  97   5 968   5   1
Pudel1  44   2   1   2   4  27   2   1   2   1 BWL   3  98   3 683   3   1
Pudel1  44   2   1   2   4  27   2   1   2   1 BWL   3  99   2 845   2   1
Pudel1  44   2   1   2   4  27   2   1   2   1 BWL   3 100   1 573   1   1
Pudel1  44   2   1   2   4  27   2   1   2   1 BWL   3 101   5 657   5   1
Pudel1  44   2   1   2   4  27   2   1   2   1 BWL   3 102   4 638   3   0
Pudel1  44   2   1   2   4  27   2   1   2   1 BWL   3 103   1 789   1   1
Pudel1  44   2   1   2   4  27   2   1   2   1 BWL   3 104   2 1000   2   1
Pudel1  44   2   1   2   4  27   2   1   2   1 BWL   3 105   6 697   6   1
Pudel1  44   2   1   2   4  27   2   1   2   1 BWL   3 106   3 745   3   1
Pudel1  44   2   1   2   4  27   2   1   2   1 BWL   3 107   2 733   2   1
Pudel1  44   2   1   2   4  27   2   1   2   1 BWL   3 108   1 680   1   1
Pudel1  44   2   1   2   4  27   2   1   2   1 BWL   3 109   4 679   4   1
Pudel1  44   2   1   2   4  27   2   1   2   1 BWL   3 110   6 799   6   1
Pudel1  44   2   1   2   4  27   2   1   2   1 BWL   3 111   5 867   5   1
Pudel1  44   2   1   2   4  27   2   1   2   1 BWL   3 112   1 699   1   1
Pudel1  44   2   1   2   4  27   2   1   2   1 BWL   3 113   6 746   6   1
Pudel1  44   2   1   2   4  27   2   1   2   1 BWL   3 114   4 675   4   1
Pudel1  44   2   1   2   4  27   2   1   2   1 BWL   3 115   1 687   1   1
Pudel1  44   2   1   2   4  27   2   1   2   1 BWL   3 116   3 722   3   1
Pudel1  44   2   1   2   4  27   2   1   2   1 BWL   3 117   6 596   6   1
Pudel1  44   2   1   2   4  27   2   1   2   1 BWL   3 118   5 754   5   1
Pudel1  44   2   1   2   4  27   2   1   2   1 BWL   3 119   4 629   3   0
Pudel1  44   2   1   2   4  27   2   1   2   1 BWL   3 120   4 790   4   1
Pudel1  44   2   1   2   4  27   2   1   2   1 BWL   3 121   2 909   2   1
Pudel1  44   2   1   2   4  27   2   1   2   1 BWL   3 122   1 601   1   1
Pudel1  44   2   1   2   4  27   2   1   2   1 BWL   3 123   3 838   3   1
Pudel1  44   2   1   2   4  27   2   1   2   1 BWL   3 124   4 671   4   1
Pudel1  44   2   1   2   4  27   2   1   2   1 BWL   3 125   5 704   5   1
Pudel1  44   2   1   2   4  27   2   1   2   1 BWL   3 126   3 752   3   1
Pudel1  44   2   1   2   4  27   2   1   2   1 BWL   3 127   4 721   4   1
Pudel1  44   2   1   2   4  27   2   1   2   1 BWL   3 128   2 826   2   1
Pudel1  44   2   1   2   4  27   2   1   2   1 BWL   3 129   3 809   3   1
Pudel1  44   2   1   2   4  27   2   1   2   1 BWL   3 130   1 654   1   1
Pudel1  44   2   1   2   4  27   2   1   2   1 BWL   3 131   6 732   6   1
Pudel1  44   2   1   2   4  27   2   1   2   1 BWL   3 132   4 645   4   1
Pudel1  44   2   1   2   4  27   2   1   2   1 BWL   3 133   2 763   2   1
Pudel1  44   2   1   2   4  27   2   1   2   1 BWL   3 134   1 649   1   1
Pudel1  44   2   1   2   4  27   2   1   2   1 BWL   3 135   6 714   6   1
Pudel1  44   2   1   2   4  27   2   1   2   1 BWL   3 136   2 863   2   1
Pudel1  44   2   1   2   4  27   2   1   2   1 BWL   3 137   1 838   1   1
Pudel1  44   2   1   2   4  27   2   1   2   1 BWL   3 138   4 680   4   1
Pudel1  44   2   1   2   4  27   2   1   2   1 BWL   3 139   3 720   3   1
Pudel1  44   2   1   2   4  27   2   1   2   1 BWL   3 140   2 712   2   1
Pudel1  44   2   1   2   4  27   2   1   2   1 BWL   3 141   6 679   6   1
Pudel1  44   2   1   2   4  27   2   1   2   1 BWL   3 142   3 843   3   1
Pudel1  44   2   1   2   4  27   2   1   2   1 BWL   3 143   4 877   4   1
Pudel1  44   2   1   2   4  27   2   1   2   1 BWL   3 144   6 788   6   1
Pudel1  44   2   1   2   4  27   2   1   2   1 BWL   4   1   2 817   2   1
Pudel1  44   2   1   2   4  27   2   1   2   1 BWL   4   2   6 608   6   1
Pudel1  44   2   1   2   4  27   2   1   2   1 BWL   4   3   3 665   3   1
Pudel1  44   2   1   2   4  27   2   1   2   1 BWL   4   4   4 714   4   1
Pudel1  44   2   1   2   4  27   2   1   2   1 BWL   4   5   2 613   2   1
Pudel1  44   2   1   2   4  27   2   1   2   1 BWL   4   6   3 796   3   1
Pudel1  44   2   1   2   4  27   2   1   2   1 BWL   4   7   5 815   5   1
Pudel1  44   2   1   2   4  27   2   1   2   1 BWL   4   8   6 594   6   1
Pudel1  44   2   1   2   4  27   2   1   2   1 BWL   4   9   1 690   1   1
Pudel1  44   2   1   2   4  27   2   1   2   1 BWL   4  10   4 650   4   1
Pudel1  44   2   1   2   4  27   2   1   2   1 BWL   4  11   2 589   2   1
Pudel1  44   2   1   2   4  27   2   1   2   1 BWL   4  12   5 763   5   1
Pudel1  44   2   1   2   4  27   2   1   2   1 BWL   4  13   1 672   1   1
Pudel1  44   2   1   2   4  27   2   1   2   1 BWL   4  14   4 645   4   1
Pudel1  44   2   1   2   4  27   2   1   2   1 BWL   4  15   3 657   3   1
Pudel1  44   2   1   2   4  27   2   1   2   1 BWL   4  16   5 891   5   1
Pudel1  44   2   1   2   4  27   2   1   2   1 BWL   4  17   4 766   4   1
Pudel1  44   2   1   2   4  27   2   1   2   1 BWL   4  18   1 784   1   1
Pudel1  44   2   1   2   4  27   2   1   2   1 BWL   4  19   6 657   6   1
Pudel1  44   2   1   2   4  27   2   1   2   1 BWL   4  20   2 817   2   1
Pudel1  44   2   1   2   4  27   2   1   2   1 BWL   4  21   5 691   5   1
Pudel1  44   2   1   2   4  27   2   1   2   1 BWL   4  22   4 663   4   1
Pudel1  44   2   1   2   4  27   2   1   2   1 BWL   4  23   2 738   2   1
Pudel1  44   2   1   2   4  27   2   1   2   1 BWL   4  24   5 868   5   1
Pudel1  44   2   1   2   4  27   2   1   2   1 BWL   4  25   6 612   6   1
Pudel1  44   2   1   2   4  27   2   1   2   1 BWL   4  26   1 674   1   1
Pudel1  44   2   1   2   4  27   2   1   2   1 BWL   4  27   3 677   3   1
Pudel1  44   2   1   2   4  27   2   1   2   1 BWL   4  28   6 673   6   1
Pudel1  44   2   1   2   4  27   2   1   2   1 BWL   4  29   5 857   5   1
Pudel1  44   2   1   2   4  27   2   1   2   1 BWL   4  30   3 849   3   1
Pudel1  44   2   1   2   4  27   2   1   2   1 BWL   4  31   2 817   2   1
Pudel1  44   2   1   2   4  27   2   1   2   1 BWL   4  32   4 740   4   1
Pudel1  44   2   1   2   4  27   2   1   2   1 BWL   4  33   3 748   3   1
Pudel1  44   2   1   2   4  27   2   1   2   1 BWL   4  34   2 854   2   1
Pudel1  44   2   1   2   4  27   2   1   2   1 BWL   4  35   1 647   1   1
Pudel1  44   2   1   2   4  27   2   1   2   1 BWL   4  36   5 811   5   1
Pudel1  44   2   1   2   4  27   2   1   2   1 BWL   4  37   3 670   3   1
Pudel1  44   2   1   2   4  27   2   1   2   1 BWL   4  38   2 688   2   1
Pudel1  44   2   1   2   4  27   2   1   2   1 BWL   4  39   6 715   6   1
Pudel1  44   2   1   2   4  27   2   1   2   1 BWL   4  40   3 773   3   1
Pudel1  44   2   1   2   4  27   2   1   2   1 BWL   4  41   1 671   1   1
Pudel1  44   2   1   2   4  27   2   1   2   1 BWL   4  42   2 869   2   1
Pudel1  44   2   1   2   4  27   2   1   2   1 BWL   4  43   5 800   5   1
Pudel1  44   2   1   2   4  27   2   1   2   1 BWL   4  44   6 669   6   1
Pudel1  44   2   1   2   4  27   2   1   2   1 BWL   4  45   3 705   3   1
Pudel1  44   2   1   2   4  27   2   1   2   1 BWL   4  46   2 857   2   1
Pudel1  44   2   1   2   4  27   2   1   2   1 BWL   4  47   5 1083   5   1
Pudel1  44   2   1   2   4  27   2   1   2   1 BWL   4  48   3 831   3   1
Pudel1  44   2   1   2   4  27   2   1   2   1 BWL   4  49   4 649   4   1
Pudel1  44   2   1   2   4  27   2   1   2   1 BWL   4  50   1 749   1   1
Pudel1  44   2   1   2   4  27   2   1   2   1 BWL   4  51   6 688   6   1
Pudel1  44   2   1   2   4  27   2   1   2   1 BWL   4  52   2 768   2   1
Pudel1  44   2   1   2   4  27   2   1   2   1 BWL   4  53   3 799   3   1
Pudel1  44   2   1   2   4  27   2   1   2   1 BWL   4  54   6 803   6   1
Pudel1  44   2   1   2   4  27   2   1   2   1 BWL   4  55   4 833   4   1
Pudel1  44   2   1   2   4  27   2   1   2   1 BWL   4  56   2 790   2   1
Pudel1  44   2   1   2   4  27   2   1   2   1 BWL   4  57   3 800   3   1
Pudel1  44   2   1   2   4  27   2   1   2   1 BWL   4  58   4 661   4   1
Pudel1  44   2   1   2   4  27   2   1   2   1 BWL   4  59   6 639   6   1
Pudel1  44   2   1   2   4  27   2   1   2   1 BWL   4  60   3 967   3   1
Pudel1  44   2   1   2   4  27   2   1   2   1 BWL   4  61   2 609   2   1
Pudel1  44   2   1   2   4  27   2   1   2   1 BWL   4  62   1 633   1   1
Pudel1  44   2   1   2   4  27   2   1   2   1 BWL   4  63   5 810   5   1
Pudel1  44   2   1   2   4  27   2   1   2   1 BWL   4  64   2 800   2   1
Pudel1  44   2   1   2   4  27   2   1   2   1 BWL   4  65   4 890   4   1
Pudel1  44   2   1   2   4  27   2   1   2   1 BWL   4  66   1 710   1   1
Pudel1  44   2   1   2   4  27   2   1   2   1 BWL   4  67   6 668   6   1
Pudel1  44   2   1   2   4  27   2   1   2   1 BWL   4  68   3 892   3   1
Pudel1  44   2   1   2   4  27   2   1   2   1 BWL   4  69   5 791   5   1
Pudel1  44   2   1   2   4  27   2   1   2   1 BWL   4  70   1 692   1   1
Pudel1  44   2   1   2   4  27   2   1   2   1 BWL   4  71   3 791   3   1
Pudel1  44   2   1   2   4  27   2   1   2   1 BWL   4  72   5 799   5   1
Pudel1  44   2   1   2   4  27   2   1   2   1 BWL   4  73   2 753   2   1
Pudel1  44   2   1   2   4  27   2   1   2   1 BWL   4  74   4 675   4   1
Pudel1  44   2   1   2   4  27   2   1   2   1 BWL   4  75   1 807   1   1
Pudel1  44   2   1   2   4  27   2   1   2   1 BWL   4  76   6 640   6   1
Pudel1  44   2   1   2   4  27   2   1   2   1 BWL   4  77   5 818   5   1
Pudel1  44   2   1   2   4  27   2   1   2   1 BWL   4  78   3 681   3   1
Pudel1  44   2   1   2   4  27   2   1   2   1 BWL   4  79   2 922   2   1
Pudel1  44   2   1   2   4  27   2   1   2   1 BWL   4  80   4 752   4   1
Pudel1  44   2   1   2   4  27   2   1   2   1 BWL   4  81   3 766   3   1
Pudel1  44   2   1   2   4  27   2   1   2   1 BWL   4  82   5 768   5   1
Pudel1  44   2   1   2   4  27   2   1   2   1 BWL   4  83   2 775   2   1
Pudel1  44   2   1   2   4  27   2   1   2   1 BWL   4  84   3 782   3   1
Pudel1  44   2   1   2   4  27   2   1   2   1 BWL   4  85   6 823   6   1
Pudel1  44   2   1   2   4  27   2   1   2   1 BWL   4  86   2 813   2   1
Pudel1  44   2   1   2   4  27   2   1   2   1 BWL   4  87   4 665   4   1
Pudel1  44   2   1   2   4  27   2   1   2   1 BWL   4  88   5 901   5   1
Pudel1  44   2   1   2   4  27   2   1   2   1 BWL   4  89   2 905   2   1
Pudel1  44   2   1   2   4  27   2   1   2   1 BWL   4  90   6 696   6   1
Pudel1  44   2   1   2   4  27   2   1   2   1 BWL   4  91   5 822   5   1
Pudel1  44   2   1   2   4  27   2   1   2   1 BWL   4  92   4 672   4   1
Pudel1  44   2   1   2   4  27   2   1   2   1 BWL   4  93   1 780   1   1
Pudel1  44   2   1   2   4  27   2   1   2   1 BWL   4  94   5 840   5   1
Pudel1  44   2   1   2   4  27   2   1   2   1 BWL   4  95   3 935   3   1
Pudel1  44   2   1   2   4  27   2   1   2   1 BWL   4  96   5 648   4   0
Pudel1  44   2   1   2   4  27   2   1   2   1 BWL   4  97   6 816   6   1
Pudel1  44   2   1   2   4  27   2   1   2   1 BWL   4  98   1 768   1   1
Pudel1  44   2   1   2   4  27   2   1   2   1 BWL   4  99   5 746   5   1
Pudel1  44   2   1   2   4  27   2   1   2   1 BWL   4 100   4 671   4   1
Pudel1  44   2   1   2   4  27   2   1   2   1 BWL   4 101   6 861   6   1
Pudel1  44   2   1   2   4  27   2   1   2   1 BWL   4 102   3 702   3   1
Pudel1  44   2   1   2   4  27   2   1   2   1 BWL   4 103   4 863   4   1
Pudel1  44   2   1   2   4  27   2   1   2   1 BWL   4 104   6 681   6   1
Pudel1  44   2   1   2   4  27   2   1   2   1 BWL   4 105   3 754   3   1
Pudel1  44   2   1   2   4  27   2   1   2   1 BWL   4 106   5 722   5   1
Pudel1  44   2   1   2   4  27   2   1   2   1 BWL   4 107   1 734   1   1
Pudel1  44   2   1   2   4  27   2   1   2   1 BWL   4 108   3 723   3   1
Pudel1  44   2   1   2   4  27   2   1   2   1 BWL   4 109   4 684   4   1
Pudel1  44   2   1   2   4  27   2   1   2   1 BWL   4 110   6 656   6   1
Pudel1  44   2   1   2   4  27   2   1   2   1 BWL   4 111   5 843   5   1
Pudel1  44   2   1   2   4  27   2   1   2   1 BWL   4 112   3 868   3   1
Pudel1  44   2   1   2   4  27   2   1   2   1 BWL   4 113   6 785   6   1
Pudel1  44   2   1   2   4  27   2   1   2   1 BWL   4 114   4 688   5   0
Pudel1  44   2   1   2   4  27   2   1   2   1 BWL   4 115   3 787   3   1
Pudel1  44   2   1   2   4  27   2   1   2   1 BWL   4 116   1 780   1   1
Pudel1  44   2   1   2   4  27   2   1   2   1 BWL   4 117   6 782   6   1
Pudel1  44   2   1   2   4  27   2   1   2   1 BWL   4 118   2 968   2   1
Pudel1  44   2   1   2   4  27   2   1   2   1 BWL   4 119   3 821   3   1
Pudel1  44   2   1   2   4  27   2   1   2   1 BWL   4 120   6 678   6   1
Pudel1  44   2   1   2   4  27   2   1   2   1 BWL   4 121   2 1268   2   1
Pudel1  44   2   1   2   4  27   2   1   2   1 BWL   4 122   3 802   3   1
Pudel1  44   2   1   2   4  27   2   1   2   1 BWL   4 123   4 1034   4   1
Pudel1  44   2   1   2   4  27   2   1   2   1 BWL   4 124   6 770   6   1
Pudel1  44   2   1   2   4  27   2   1   2   1 BWL   4 125   3 934   3   1
Pudel1  44   2   1   2   4  27   2   1   2   1 BWL   4 126   4 793   4   1
Pudel1  44   2   1   2   4  27   2   1   2   1 BWL   4 127   2 949   2   1
Pudel1  44   2   1   2   4  27   2   1   2   1 BWL   4 128   1 699   1   1
Pudel1  44   2   1   2   4  27   2   1   2   1 BWL   4 129   5 802   5   1
Pudel1  44   2   1   2   4  27   2   1   2   1 BWL   4 130   6 754   6   1
Pudel1  44   2   1   2   4  27   2   1   2   1 BWL   4 131   1 762   1   1
Pudel1  44   2   1   2   4  27   2   1   2   1 BWL   4 132   2 774   2   1
Pudel1  44   2   1   2   4  27   2   1   2   1 BWL   4 133   3 708   3   1
Pudel1  44   2   1   2   4  27   2   1   2   1 BWL   4 134   5 723   5   1
Pudel1  44   2   1   2   4  27   2   1   2   1 BWL   4 135   1 786   1   1
Pudel1  44   2   1   2   4  27   2   1   2   1 BWL   4 136   2 851   2   1
Pudel1  44   2   1   2   4  27   2   1   2   1 BWL   4 137   3 667   3   1
Pudel1  44   2   1   2   4  27   2   1   2   1 BWL   4 138   4 848   4   1
Pudel1  44   2   1   2   4  27   2   1   2   1 BWL   4 139   1 746   1   1
Pudel1  44   2   1   2   4  27   2   1   2   1 BWL   4 140   5 781   5   1
Pudel1  44   2   1   2   4  27   2   1   2   1 BWL   4 141   2 763   2   1
Pudel1  44   2   1   2   4  27   2   1   2   1 BWL   4 142   1 792   1   1
Pudel1  44   2   1   2   4  27   2   1   2   1 BWL   4 143   3 852   3   1
Pudel1  44   2   1   2   4  27   2   1   2   1 BWL   4 144   4 720   4   1
Pudel1  44   2   1   2   4  27   2   1   2   1 BWL   5   1   4 812   5   0
Pudel1  44   2   1   2   4  27   2   1   2   1 BWL   5   2   4 802   4   1
Pudel1  44   2   1   2   4  27   2   1   2   1 BWL   5   3   6 618   6   1
Pudel1  44   2   1   2   4  27   2   1   2   1 BWL   5   4   5 698   5   1
Pudel1  44   2   1   2   4  27   2   1   2   1 BWL   5   5   1 780   1   1
Pudel1  44   2   1   2   4  27   2   1   2   1 BWL   5   6   3 658   3   1
Pudel1  44   2   1   2   4  27   2   1   2   1 BWL   5   7   5 732   5   1
Pudel1  44   2   1   2   4  27   2   1   2   1 BWL   5   8   4 706   4   1
Pudel1  44   2   1   2   4  27   2   1   2   1 BWL   5   9   1 691   1   1
Pudel1  44   2   1   2   4  27   2   1   2   1 BWL   5  10   6 620   6   1
Pudel1  44   2   1   2   4  27   2   1   2   1 BWL   5  11   3 765   3   1
Pudel1  44   2   1   2   4  27   2   1   2   1 BWL   5  12   1 759   1   1
Pudel1  44   2   1   2   4  27   2   1   2   1 BWL   5  13   4 665   4   1
Pudel1  44   2   1   2   4  27   2   1   2   1 BWL   5  14   2 712   2   1
Pudel1  44   2   1   2   4  27   2   1   2   1 BWL   5  15   6 638   6   1
Pudel1  44   2   1   2   4  27   2   1   2   1 BWL   5  16   5 758   5   1
Pudel1  44   2   1   2   4  27   2   1   2   1 BWL   5  17   2 834   2   1
Pudel1  44   2   1   2   4  27   2   1   2   1 BWL   5  18   1 713   1   1
Pudel1  44   2   1   2   4  27   2   1   2   1 BWL   5  19   5 704   5   1
Pudel1  44   2   1   2   4  27   2   1   2   1 BWL   5  20   3 699   3   1
Pudel1  44   2   1   2   4  27   2   1   2   1 BWL   5  21   2 689   2   1
Pudel1  44   2   1   2   4  27   2   1   2   1 BWL   5  22   6 673   6   1
Pudel1  44   2   1   2   4  27   2   1   2   1 BWL   5  23   3 969   3   1
Pudel1  44   2   1   2   4  27   2   1   2   1 BWL   5  24   2 775   2   1
Pudel1  44   2   1   2   4  27   2   1   2   1 BWL   5  25   6 596   6   1
Pudel1  44   2   1   2   4  27   2   1   2   1 BWL   5  26   5 784   5   1
Pudel1  44   2   1   2   4  27   2   1   2   1 BWL   5  27   3 765   3   1
Pudel1  44   2   1   2   4  27   2   1   2   1 BWL   5  28   4 798   4   1
Pudel1  44   2   1   2   4  27   2   1   2   1 BWL   5  29   5 657   5   1
Pudel1  44   2   1   2   4  27   2   1   2   1 BWL   5  30   3 764   3   1
Pudel1  44   2   1   2   4  27   2   1   2   1 BWL   5  31   4 826   4   1
Pudel1  44   2   1   2   4  27   2   1   2   1 BWL   5  32   6 670   6   1
Pudel1  44   2   1   2   4  27   2   1   2   1 BWL   5  33   1 719   1   1
Pudel1  44   2   1   2   4  27   2   1   2   1 BWL   5  34   5 731   5   1
Pudel1  44   2   1   2   4  27   2   1   2   1 BWL   5  35   3 714   3   1
Pudel1  44   2   1   2   4  27   2   1   2   1 BWL   5  36   4 1011   4   1
Pudel1  44   2   1   2   4  27   2   1   2   1 BWL   5  37   1 874   1   1
Pudel1  44   2   1   2   4  27   2   1   2   1 BWL   5  38   5 771   5   1
Pudel1  44   2   1   2   4  27   2   1   2   1 BWL   5  39   2 705   2   1
Pudel1  44   2   1   2   4  27   2   1   2   1 BWL   5  40   4 715   4   1
Pudel1  44   2   1   2   4  27   2   1   2   1 BWL   5  41   3 620   3   1
Pudel1  44   2   1   2   4  27   2   1   2   1 BWL   5  42   1 809   1   1
Pudel1  44   2   1   2   4  27   2   1   2   1 BWL   5  43   2 897   2   1
Pudel1  44   2   1   2   4  27   2   1   2   1 BWL   5  44   6 799   6   1
Pudel1  44   2   1   2   4  27   2   1   2   1 BWL   5  45   3 888   3   1
Pudel1  44   2   1   2   4  27   2   1   2   1 BWL   5  46   1 967   1   1
Pudel1  44   2   1   2   4  27   2   1   2   1 BWL   5  47   4 720   4   1
Pudel1  44   2   1   2   4  27   2   1   2   1 BWL   5  48   5 801   5   1
Pudel1  44   2   1   2   4  27   2   1   2   1 BWL   5  49   2 855   2   1
Pudel1  44   2   1   2   4  27   2   1   2   1 BWL   5  50   3 730   3   1
Pudel1  44   2   1   2   4  27   2   1   2   1 BWL   5  51   5 749   5   1
Pudel1  44   2   1   2   4  27   2   1   2   1 BWL   5  52   6 738   6   1
Pudel1  44   2   1   2   4  27   2   1   2   1 BWL   5  53   3 751   3   1
Pudel1  44   2   1   2   4  27   2   1   2   1 BWL   5  54   2 825   2   1
Pudel1  44   2   1   2   4  27   2   1   2   1 BWL   5  55   5 761   5   1
Pudel1  44   2   1   2   4  27   2   1   2   1 BWL   5  56   3 723   3   1
Pudel1  44   2   1   2   4  27   2   1   2   1 BWL   5  57   2 912   2   1
Pudel1  44   2   1   2   4  27   2   1   2   1 BWL   5  58   6 788   6   1
Pudel1  44   2   1   2   4  27   2   1   2   1 BWL   5  59   5 673   5   1
Pudel1  44   2   1   2   4  27   2   1   2   1 BWL   5  60   1 686   1   1
Pudel1  44   2   1   2   4  27   2   1   2   1 BWL   5  61   2 844   2   1
Pudel1  44   2   1   2   4  27   2   1   2   1 BWL   5  62   3 916   3   1
Pudel1  44   2   1   2   4  27   2   1   2   1 BWL   5  63   5 818   5   1
Pudel1  44   2   1   2   4  27   2   1   2   1 BWL   5  64   2 839   2   1
Pudel1  44   2   1   2   4  27   2   1   2   1 BWL   5  65   3 838   3   1
Pudel1  44   2   1   2   4  27   2   1   2   1 BWL   5  66   6 652   6   1
Pudel1  44   2   1   2   4  27   2   1   2   1 BWL   5  67   1 686   1   1
Pudel1  44   2   1   2   4  27   2   1   2   1 BWL   5  68   4 1222   4   1
Pudel1  44   2   1   2   4  27   2   1   2   1 BWL   5  69   3 702   3   1
Pudel1  44   2   1   2   4  27   2   1   2   1 BWL   5  70   5 735   6   0
Pudel1  44   2   1   2   4  27   2   1   2   1 BWL   5  71   5 863   5   1
Pudel1  44   2   1   2   4  27   2   1   2   1 BWL   5  72   4 861   4   1
Pudel1  44   2   1   2   4  27   2   1   2   1 BWL   5  73   1 681   1   1
Pudel1  44   2   1   2   4  27   2   1   2   1 BWL   5  74   3 790   3   1
Pudel1  44   2   1   2   4  27   2   1   2   1 BWL   5  75   4 713   4   1
Pudel1  44   2   1   2   4  27   2   1   2   1 BWL   5  76   5 852   5   1
Pudel1  44   2   1   2   4  27   2   1   2   1 BWL   5  77   2 824   2   1
Pudel1  44   2   1   2   4  27   2   1   2   1 BWL   5  78   3 766   3   1
Pudel1  44   2   1   2   4  27   2   1   2   1 BWL   5  79   4 739   4   1
Pudel1  44   2   1   2   4  27   2   1   2   1 BWL   5  80   1 784   1   1
Pudel1  44   2   1   2   4  27   2   1   2   1 BWL   5  81   6 626   5   0
Pudel1  44   2   1   2   4  27   2   1   2   1 BWL   5  82   4 816   4   1
Pudel1  44   2   1   2   4  27   2   1   2   1 BWL   5  83   3 699   3   1
Pudel1  44   2   1   2   4  27   2   1   2   1 BWL   5  84   1 718   1   1
Pudel1  44   2   1   2   4  27   2   1   2   1 BWL   5  85   2 704   2   1
Pudel1  44   2   1   2   4  27   2   1   2   1 BWL   5  86   6 738   6   1
Pudel1  44   2   1   2   4  27   2   1   2   1 BWL   5  87   1 929   1   1
Pudel1  44   2   1   2   4  27   2   1   2   1 BWL   5  88   4 692   4   1
Pudel1  44   2   1   2   4  27   2   1   2   1 BWL   5  89   5 826   5   1
Pudel1  44   2   1   2   4  27   2   1   2   1 BWL   5  90   1 700   1   1
Pudel1  44   2   1   2   4  27   2   1   2   1 BWL   5  91   2 814   2   1
Pudel1  44   2   1   2   4  27   2   1   2   1 BWL   5  92   6 698   6   1
Pudel1  44   2   1   2   4  27   2   1   2   1 BWL   5  93   1 749   1   1
Pudel1  44   2   1   2   4  27   2   1   2   1 BWL   5  94   2 904   2   1
Pudel1  44   2   1   2   4  27   2   1   2   1 BWL   5  95   6 744   6   1
Pudel1  44   2   1   2   4  27   2   1   2   1 BWL   5  96   3 805   3   1
Pudel1  44   2   1   2   4  27   2   1   2   1 BWL   5  97   5 789   5   1
Pudel1  44   2   1   2   4  27   2   1   2   1 BWL   5  98   4 630   4   1
Pudel1  44   2   1   2   4  27   2   1   2   1 BWL   5  99   3 800   3   1
Pudel1  44   2   1   2   4  27   2   1   2   1 BWL   5 100   1 750   1   1
Pudel1  44   2   1   2   4  27   2   1   2   1 BWL   5 101   4 793   4   1
Pudel1  44   2   1   2   4  27   2   1   2   1 BWL   5 102   2 704   2   1
Pudel1  44   2   1   2   4  27   2   1   2   1 BWL   5 103   3 819   3   1
Pudel1  44   2   1   2   4  27   2   1   2   1 BWL   5 104   4 802   4   1
Pudel1  44   2   1   2   4  27   2   1   2   1 BWL   5 105   6 666   6   1
Pudel1  44   2   1   2   4  27   2   1   2   1 BWL   5 106   2 818   2   1
Pudel1  44   2   1   2   4  27   2   1   2   1 BWL   5 107   4 766   5   0
Pudel1  44   2   1   2   4  27   2   1   2   1 BWL   5 108   1 745   1   1
Pudel1  44   2   1   2   4  27   2   1   2   1 BWL   5 109   6 786   6   1
Pudel1  44   2   1   2   4  27   2   1   2   1 BWL   5 110   2 638   2   1
Pudel1  44   2   1   2   4  27   2   1   2   1 BWL   5 111   1 816   1   1
Pudel1  44   2   1   2   4  27   2   1   2   1 BWL   5 112   5 796   5   1
Pudel1  44   2   1   2   4  27   2   1   2   1 BWL   5 113   6 692   6   1
Pudel1  44   2   1   2   4  27   2   1   2   1 BWL   5 114   4 712   4   1
Pudel1  44   2   1   2   4  27   2   1   2   1 BWL   5 115   3 763   3   1
Pudel1  44   2   1   2   4  27   2   1   2   1 BWL   5 116   1 721   1   1
Pudel1  44   2   1   2   4  27   2   1   2   1 BWL   5 117   6 644   6   1
Pudel1  44   2   1   2   4  27   2   1   2   1 BWL   5 118   2 743   3   0
Pudel1  44   2   1   2   4  27   2   1   2   1 BWL   5 119   5 783   5   1
Pudel1  44   2   1   2   4  27   2   1   2   1 BWL   5 120   6 857   6   1
Pudel1  44   2   1   2   4  27   2   1   2   1 BWL   5 121   4 731   3   0
Pudel1  44   2   1   2   4  27   2   1   2   1 BWL   5 122   4 897   4   1
Pudel1  44   2   1   2   4  27   2   1   2   1 BWL   5 123   6 735   6   1
Pudel1  44   2   1   2   4  27   2   1   2   1 BWL   5 124   3 900   3   1
Pudel1  44   2   1   2   4  27   2   1   2   1 BWL   5 125   4 712   4   1
Pudel1  44   2   1   2   4  27   2   1   2   1 BWL   5 126   5 767   5   1
Pudel1  44   2   1   2   4  27   2   1   2   1 BWL   5 127   2 845   2   1
Pudel1  44   2   1   2   4  27   2   1   2   1 BWL   5 128   6 670   6   1
Pudel1  44   2   1   2   4  27   2   1   2   1 BWL   5 129   3 785   3   1
Pudel1  44   2   1   2   4  27   2   1   2   1 BWL   5 130   1 838   1   1
Pudel1  44   2   1   2   4  27   2   1   2   1 BWL   5 131   4 744   4   1
Pudel1  44   2   1   2   4  27   2   1   2   1 BWL   5 132   6 705   6   1
Pudel1  44   2   1   2   4  27   2   1   2   1 BWL   5 133   1 832   1   1
Pudel1  44   2   1   2   4  27   2   1   2   1 BWL   5 134   4 693   4   1
Pudel1  44   2   1   2   4  27   2   1   2   1 BWL   5 135   2 696   2   1
Pudel1  44   2   1   2   4  27   2   1   2   1 BWL   5 136   6 651   6   1
Pudel1  44   2   1   2   4  27   2   1   2   1 BWL   5 137   3 796   3   1
Pudel1  44   2   1   2   4  27   2   1   2   1 BWL   5 138   2 893   2   1
Pudel1  44   2   1   2   4  27   2   1   2   1 BWL   5 139   4 755   4   1
Pudel1  44   2   1   2   4  27   2   1   2   1 BWL   5 140   1 868   1   1
Pudel1  44   2   1   2   4  27   2   1   2   1 BWL   5 141   2 886   2   1
Pudel1  44   2   1   2   4  27   2   1   2   1 BWL   5 142   5 752   5   1
Pudel1  44   2   1   2   4  27   2   1   2   1 BWL   5 143   4 679   4   1
Pudel1  44   2   1   2   4  27   2   1   2   1 BWL   5 144   1 736   1   1
Pudel1  44   2   1   2   4  27   2   1   2   1 BWL   6   1   5 817   5   1
Pudel1  44   2   1   2   4  27   2   1   2   1 BWL   6   2   3 792   3   1
Pudel1  44   2   1   2   4  27   2   1   2   1 BWL   6   3   6 729   6   1
Pudel1  44   2   1   2   4  27   2   1   2   1 BWL   6   4   5 661   5   1
Pudel1  44   2   1   2   4  27   2   1   2   1 BWL   6   5   3 728   3   1
Pudel1  44   2   1   2   4  27   2   1   2   1 BWL   6   6   1 655   1   1
Pudel1  44   2   1   2   4  27   2   1   2   1 BWL   6   7   6 683   6   1
Pudel1  44   2   1   2   4  27   2   1   2   1 BWL   6   8   2 735   2   1
Pudel1  44   2   1   2   4  27   2   1   2   1 BWL   6   9   1 782   1   1
Pudel1  44   2   1   2   4  27   2   1   2   1 BWL   6  10   6 662   6   1
Pudel1  44   2   1   2   4  27   2   1   2   1 BWL   6  11   3 693   3   1
Pudel1  44   2   1   2   4  27   2   1   2   1 BWL   6  12   5 713   5   1
Pudel1  44   2   1   2   4  27   2   1   2   1 BWL   6  13   6 821   6   1
Pudel1  44   2   1   2   4  27   2   1   2   1 BWL   6  14   3 749   3   1
Pudel1  44   2   1   2   4  27   2   1   2   1 BWL   6  15   1 821   1   1
Pudel1  44   2   1   2   4  27   2   1   2   1 BWL   6  16   5 695   5   1
Pudel1  44   2   1   2   4  27   2   1   2   1 BWL   6  17   6 686   6   1
Pudel1  44   2   1   2   4  27   2   1   2   1 BWL   6  18   4 697   4   1
Pudel1  44   2   1   2   4  27   2   1   2   1 BWL   6  19   5 789   5   1
Pudel1  44   2   1   2   4  27   2   1   2   1 BWL   6  20   1 748   1   1
Pudel1  44   2   1   2   4  27   2   1   2   1 BWL   6  21   3 686   3   1
Pudel1  44   2   1   2   4  27   2   1   2   1 BWL   6  22   2 679   2   1
Pudel1  44   2   1   2   4  27   2   1   2   1 BWL   6  23   1 776   1   1
Pudel1  44   2   1   2   4  27   2   1   2   1 BWL   6  24   6 618   5   0
Pudel1  44   2   1   2   4  27   2   1   2   1 BWL   6  25   6 670   6   1
Pudel1  44   2   1   2   4  27   2   1   2   1 BWL   6  26   4 635   4   1
Pudel1  44   2   1   2   4  27   2   1   2   1 BWL   6  27   3 729   3   1
Pudel1  44   2   1   2   4  27   2   1   2   1 BWL   6  28   1 631   1   1
Pudel1  44   2   1   2   4  27   2   1   2   1 BWL   6  29   5 740   5   1
Pudel1  44   2   1   2   4  27   2   1   2   1 BWL   6  30   4 771   4   1
Pudel1  44   2   1   2   4  27   2   1   2   1 BWL   6  31   6 672   6   1
Pudel1  44   2   1   2   4  27   2   1   2   1 BWL   6  32   1 676   1   1
Pudel1  44   2   1   2   4  27   2   1   2   1 BWL   6  33   5 823   5   1
Pudel1  44   2   1   2   4  27   2   1   2   1 BWL   6  34   4 620   4   1
Pudel1  44   2   1   2   4  27   2   1   2   1 BWL   6  35   6 856   6   1
Pudel1  44   2   1   2   4  27   2   1   2   1 BWL   6  36   1 681   1   1
Pudel1  44   2   1   2   4  27   2   1   2   1 BWL   6  37   5 771   5   1
Pudel1  44   2   1   2   4  27   2   1   2   1 BWL   6  38   2 714   2   1
Pudel1  44   2   1   2   4  27   2   1   2   1 BWL   6  39   1 801   1   1
Pudel1  44   2   1   2   4  27   2   1   2   1 BWL   6  40   6 758   6   1
Pudel1  44   2   1   2   4  27   2   1   2   1 BWL   6  41   2 735   2   1
Pudel1  44   2   1   2   4  27   2   1   2   1 BWL   6  42   4 720   4   1
Pudel1  44   2   1   2   4  27   2   1   2   1 BWL   6  43   5 742   5   1
Pudel1  44   2   1   2   4  27   2   1   2   1 BWL   6  44   2 740   2   1
Pudel1  44   2   1   2   4  27   2   1   2   1 BWL   6  45   1 772   1   1
Pudel1  44   2   1   2   4  27   2   1   2   1 BWL   6  46   6 720   6   1
Pudel1  44   2   1   2   4  27   2   1   2   1 BWL   6  47   5 703   5   1
Pudel1  44   2   1   2   4  27   2   1   2   1 BWL   6  48   2 756   2   1
Pudel1  44   2   1   2   4  27   2   1   2   1 BWL   6  49   4 609   4   1
Pudel1  44   2   1   2   4  27   2   1   2   1 BWL   6  50   3 579   3   1
Pudel1  44   2   1   2   4  27   2   1   2   1 BWL   6  51   6 665   6   1
Pudel1  44   2   1   2   4  27   2   1   2   1 BWL   6  52   1 593   1   1
Pudel1  44   2   1   2   4  27   2   1   2   1 BWL   6  53   4 846   4   1
Pudel1  44   2   1   2   4  27   2   1   2   1 BWL   6  54   2 612   2   1
Pudel1  44   2   1   2   4  27   2   1   2   1 BWL   6  55   1 803   1   1
Pudel1  44   2   1   2   4  27   2   1   2   1 BWL   6  56   5 848   5   1
Pudel1  44   2   1   2   4  27   2   1   2   1 BWL   6  57   6 830   6   1
Pudel1  44   2   1   2   4  27   2   1   2   1 BWL   6  58   2 754   2   1
Pudel1  44   2   1   2   4  27   2   1   2   1 BWL   6  59   5 869   5   1
Pudel1  44   2   1   2   4  27   2   1   2   1 BWL   6  60   1 733   1   1
Pudel1  44   2   1   2   4  27   2   1   2   1 BWL   6  61   3 759   3   1
Pudel1  44   2   1   2   4  27   2   1   2   1 BWL   6  62   2 795   2   1
Pudel1  44   2   1   2   4  27   2   1   2   1 BWL   6  63   1 692   1   1
Pudel1  44   2   1   2   4  27   2   1   2   1 BWL   6  64   5 817   5   1
Pudel1  44   2   1   2   4  27   2   1   2   1 BWL   6  65   3 823   3   1
Pudel1  44   2   1   2   4  27   2   1   2   1 BWL   6  66   6 637   6   1
Pudel1  44   2   1   2   4  27   2   1   2   1 BWL   6  67   1 948   1   1
Pudel1  44   2   1   2   4  27   2   1   2   1 BWL   6  68   4 650   4   1
Pudel1  44   2   1   2   4  27   2   1   2   1 BWL   6  69   6 905   6   1
Pudel1  44   2   1   2   4  27   2   1   2   1 BWL   6  70   2 784   2   1
Pudel1  44   2   1   2   4  27   2   1   2   1 BWL   6  71   2  48   5   0
Pudel1  44   2   1   2   4  27   2   1   2   1 BWL   6  72   3 1326   3   1
Pudel1  44   2   1   2   4  27   2   1   2   1 BWL   6  73   2 884   2   1
Pudel1  44   2   1   2   4  27   2   1   2   1 BWL   6  74   1 918   1   1
Pudel1  44   2   1   2   4  27   2   1   2   1 BWL   6  75   3 941   3   1
Pudel1  44   2   1   2   4  27   2   1   2   1 BWL   6  76   4 718   4   1
Pudel1  44   2   1   2   4  27   2   1   2   1 BWL   6  77   5 644   5   1
Pudel1  44   2   1   2   4  27   2   1   2   1 BWL   6  78   1 749   1   1
Pudel1  44   2   1   2   4  27   2   1   2   1 BWL   6  79   2 946   2   1
Pudel1  44   2   1   2   4  27   2   1   2   1 BWL   6  80   4 789   4   1
Pudel1  44   2   1   2   4  27   2   1   2   1 BWL   6  81   6 751   6   1
Pudel1  44   2   1   2   4  27   2   1   2   1 BWL   6  82   2 766   2   1
Pudel1  44   2   1   2   4  27   2   1   2   1 BWL   6  83   5 793   5   1
Pudel1  44   2   1   2   4  27   2   1   2   1 BWL   6  84   4 668   4   1
Pudel1  44   2   1   2   4  27   2   1   2   1 BWL   6  85   3 879   3   1
Pudel1  44   2   1   2   4  27   2   1   2   1 BWL   6  86   1 692   1   1
Pudel1  44   2   1   2   4  27   2   1   2   1 BWL   6  87   2 765   2   1
Pudel1  44   2   1   2   4  27   2   1   2   1 BWL   6  88   4 704   4   1
Pudel1  44   2   1   2   4  27   2   1   2   1 BWL   6  89   1 821   1   1
Pudel1  44   2   1   2   4  27   2   1   2   1 BWL   6  90   5 764   5   1
Pudel1  44   2   1   2   4  27   2   1   2   1 BWL   6  91   4 977   4   1
Pudel1  44   2   1   2   4  27   2   1   2   1 BWL   6  92   1 721   1   1
Pudel1  44   2   1   2   4  27   2   1   2   1 BWL   6  93   5 784   5   1
Pudel1  44   2   1   2   4  27   2   1   2   1 BWL   6  94   4 812   4   1
Pudel1  44   2   1   2   4  27   2   1   2   1 BWL   6  95   2 713   2   1
Pudel1  44   2   1   2   4  27   2   1   2   1 BWL   6  96   3 840   3   1
Pudel1  44   2   1   2   4  27   2   1   2   1 BWL   6  97   5 724   5   1
Pudel1  44   2   1   2   4  27   2   1   2   1 BWL   6  98   4 813   4   1
Pudel1  44   2   1   2   4  27   2   1   2   1 BWL   6  99   2 748   2   1
Pudel1  44   2   1   2   4  27   2   1   2   1 BWL   6 100   1 694   1   1
Pudel1  44   2   1   2   4  27   2   1   2   1 BWL   6 101   3 923   3   1
Pudel1  44   2   1   2   4  27   2   1   2   1 BWL   6 102   2 831   2   1
Pudel1  44   2   1   2   4  27   2   1   2   1 BWL   6 103   6 754   6   1
Pudel1  44   2   1   2   4  27   2   1   2   1 BWL   6 104   5 734   5   1
Pudel1  44   2   1   2   4  27   2   1   2   1 BWL   6 105   1 703   1   1
Pudel1  44   2   1   2   4  27   2   1   2   1 BWL   6 106   3 770   3   1
Pudel1  44   2   1   2   4  27   2   1   2   1 BWL   6 107   2 827   2   1
Pudel1  44   2   1   2   4  27   2   1   2   1 BWL   6 108   1 856   1   1
Pudel1  44   2   1   2   4  27   2   1   2   1 BWL   6 109   6 817   6   1
Pudel1  44   2   1   2   4  27   2   1   2   1 BWL   6 110   3 825   3   1
Pudel1  44   2   1   2   4  27   2   1   2   1 BWL   6 111   5 839   5   1
Pudel1  44   2   1   2   4  27   2   1   2   1 BWL   6 112   1 684   1   1
Pudel1  44   2   1   2   4  27   2   1   2   1 BWL   6 113   6 850   6   1
Pudel1  44   2   1   2   4  27   2   1   2   1 BWL   6 114   3 1101   3   1
Pudel1  44   2   1   2   4  27   2   1   2   1 BWL   6 115   4 638   4   1
Pudel1  44   2   1   2   4  27   2   1   2   1 BWL   6 116   2 758   2   1
Pudel1  44   2   1   2   4  27   2   1   2   1 BWL   6 117   6 775   6   1
Pudel1  44   2   1   2   4  27   2   1   2   1 BWL   6 118   4 803   4   1
Pudel1  44   2   1   2   4  27   2   1   2   1 BWL   6 119   2 725   2   1
Pudel1  44   2   1   2   4  27   2   1   2   1 BWL   6 120   5 933   5   1
Pudel1  44   2   1   2   4  27   2   1   2   1 BWL   6 121   4 824   4   1
Pudel1  44   2   1   2   4  27   2   1   2   1 BWL   6 122   6 728   6   1
Pudel1  44   2   1   2   4  27   2   1   2   1 BWL   6 123   5 840   5   1
Pudel1  44   2   1   2   4  27   2   1   2   1 BWL   6 124   4 726   4   1
Pudel1  44   2   1   2   4  27   2   1   2   1 BWL   6 125   6 694   6   1
Pudel1  44   2   1   2   4  27   2   1   2   1 BWL   6 126   2 923   2   1
Pudel1  44   2   1   2   4  27   2   1   2   1 BWL   6 127   5 814   5   1
Pudel1  44   2   1   2   4  27   2   1   2   1 BWL   6 128   4 709   4   1
Pudel1  44   2   1   2   4  27   2   1   2   1 BWL   6 129   2 634   2   1
Pudel1  44   2   1   2   4  27   2   1   2   1 BWL   6 130   5 704   5   1
Pudel1  44   2   1   2   4  27   2   1   2   1 BWL   6 131   3 668   3   1
Pudel1  44   2   1   2   4  27   2   1   2   1 BWL   6 132   6 702   6   1
Pudel1  44   2   1   2   4  27   2   1   2   1 BWL   6 133   4 777   4   1
Pudel1  44   2   1   2   4  27   2   1   2   1 BWL   6 134   2 577   2   1
Pudel1  44   2   1   2   4  27   2   1   2   1 BWL   6 135   5 753   5   1
Pudel1  44   2   1   2   4  27   2   1   2   1 BWL   6 136   4 811   4   1
Pudel1  44   2   1   2   4  27   2   1   2   1 BWL   6 137   1 848   1   1
Pudel1  44   2   1   2   4  27   2   1   2   1 BWL   6 138   5 1026   5   1
Pudel1  44   2   1   2   4  27   2   1   2   1 BWL   6 139   4 622   3   0
Pudel1  44   2   1   2   4  27   2   1   2   1 BWL   6 140   2 801   2   1
Pudel1  44   2   1   2   4  27   2   1   2   1 BWL   6 141   6 740   6   1
Pudel1  44   2   1   2   4  27   2   1   2   1 BWL   6 142   4 677   4   1
Pudel1  44   2   1   2   4  27   2   1   2   1 BWL   6 143   1 699   1   1
Pudel1  44   2   1   2   4  27   2   1   2   1 BWL   6 144   6 704   6   1
Pudel1  44   2   1   2   4  27   2   1   2   1 BWL   7   1   1   6 1261   0   2   4   1   2   4   6   3
Pudel1  44   2   1   2   4  27   2   1   2   1 BWL   7   2   1   1 343   0   2   4   1   2   4   6   5
Pudel1  44   2   1   2   4  27   2   1   2   1 BWL   7   3   1   5 403   0   1   4   6   2   4   1   3
Pudel1  44   2   1   2   4  27   2   1   2   1 BWL   7   4   1   3 372   0   6   2   4   1   2   4   4
Pudel1  44   2   1   2   4  27   2   1   2   1 BWL   7   5   1   4 303   0   2   4   1   2   4   6   4
Pudel1  44   2   1   2   4  27   2   1   2   1 BWL   7   6   1   2 373   0   1   4   6   2   4   1   4
Pudel1  44   2   1   2   4  27   2   1   2   1 BWL   7   7   1   5 312   0   5   1   4   6   2   4   3
Pudel1  44   2   1   2   4  27   2   1   2   1 BWL   7   8   1   1 412   0   5   1   4   6   2   4   3
Pudel1  44   2   1   2   4  27   2   1   2   1 BWL   7   9   1   5 413   0   5   1   4   6   2   4   4
Pudel1  44   2   1   2   4  27   2   1   2   1 BWL   7  10   1   3 362   0   6   2   4   1   2   4   5
Pudel1  44   2   1   2   4  27   2   1   2   1 BWL   7  11   1   4 252   0   1   4   6   2   4   1   4
Pudel1  44   2   1   2   4  27   2   1   2   1 BWL   7  12   1   2 392   0   6   2   4   1   2   4   4
Pudel1  44   2   1   2   4  27   2   1   2   1 BWL   7  13   1   5 333   0   1   4   6   2   4   1   5
Pudel1  44   2   1   2   4  27   2   1   2   1 BWL   7  14   1   6 463   0   4   6   2   4   1   2   4
Pudel1  44   2   1   2   4  27   2   1   2   1 BWL   7  15   1   1 363   0   5   1   4   6   2   4   4
Pudel1  44   2   1   2   4  27   2   1   2   1 BWL   7  16   1   4 363   0   5   1   4   6   2   4   3
Pudel1  44   2   1   2   4  27   2   1   2   1 BWL   7  17   1   3 282   0   4   5   1   4   6   2   4
Pudel1  44   2   1   2   4  27   2   1   2   1 BWL   7  18   1   5 442   0   4   1   2   4   6   3   4
Pudel1  44   2   1   2   4  27   2   1   2   1 BWL   7  19   1   2 352   0   1   2   4   6   3   1   4
Pudel1  44   2   1   2   4  27   2   1   2   1 BWL   7  20   1   4 372   0   1   2   4   6   3   1   3
Pudel1  44   2   1   2   4  27   2   1   2   1 BWL   7  21   1   3 322   0   4   1   2   4   6   3   3
Pudel1  44   2   1   2   4  27   2   1   2   1 BWL   7  22   1   5 322   0   5   1   4   6   2   4   3
Pudel1  44   2   1   2   4  27   2   1   2   1 BWL   7  23   1   2 322   0   5   1   4   6   2   4   4
Pudel1  44   2   1   2   4  27   2   1   2   1 BWL   7  24   1   6 373   0   4   1   2   4   6   3   4
Pudel1  44   2   1   2   4  27   2   1   2   1 BWL   7  25   1   1 262   0   1   2   4   6   3   1   3
Pudel1  44   2   1   2   4  27   2   1   2   1 BWL   7  26   1   2 293   0   1   4   6   2   4   1   5
Pudel1  44   2   1   2   4  27   2   1   2   1 BWL   7  27   1   3 523   0   4   1   2   4   6   3   5
Pudel1  44   2   1   2   4  27   2   1   2   1 BWL   7  28   1   4 232   0   4   5   1   4   6   2   5
Pudel1  44   2   1   2   4  27   2   1   2   1 BWL   7  29   1   2 392   0   1   4   6   2   4   1   3
Pudel1  44   2   1   2   4  27   2   1   2   1 BWL   7  30   1   5 383   0   4   5   1   4   6   2   3
Pudel1  44   2   1   2   4  27   2   1   2   1 BWL   7  31   1   3 313   0   5   1   4   6   2   4   4
Pudel1  44   2   1   2   4  27   2   1   2   1 BWL   7  32   1   6 352   0   5   1   4   6   2   4   5
Pudel1  44   2   1   2   4  27   2   1   2   1 BWL   7  33   1   1 372   0   1   4   6   2   4   1   4
Pudel1  44   2   1   2   4  27   2   1   2   1 BWL   7  34   1   5 303   0   6   2   4   1   2   4   3
Pudel1  44   2   1   2   4  27   2   1   2   1 BWL   7  35   1   5 332   0   6   2   4   1   2   4   5
Pudel1  44   2   1   2   4  27   2   1   2   1 BWL   7  36   1   4 521   0   6   2   4   1   2   4   5
Pudel1  44   2   1   2   4  27   2   1   2   1 BWL   7  37   1   6 542   0   2   4   1   2   4   6   3
Pudel1  44   2   1   2   4  27   2   1   2   1 BWL   7  38   1   5 332   0   1   4   6   2   4   1   4
Pudel1  44   2   1   2   4  27   2   1   2   1 BWL   7  39   1   4 333   0   4   1   2   4   6   3   4
Pudel1  44   2   1   2   4  27   2   1   2   1 BWL   7  40   1   3 302   0   4   1   2   4   6   3   4
Pudel1  44   2   1   2   4  27   2   1   2   1 BWL   7  41   1   2 372   0   6   2   4   1   2   4   4
Pudel1  44   2   1   2   4  27   2   1   2   1 BWL   7  42   1   1 373   0   1   2   4   6   3   1   4
Pudel1  44   2   1   2   4  27   2   1   2   1 BWL   7  43   1   6 313   0   2   4   1   2   4   6   5
Pudel1  44   2   1   2   4  27   2   1   2   1 BWL   7  44   1   2 292   0   6   2   4   1   2   4   5
Pudel1  44   2   1   2   4  27   2   1   2   1 BWL   7  45   1   5 292   0   4   6   2   4   1   2   5
Pudel1  44   2   1   2   4  27   2   1   2   1 BWL   7  46   1   3 352   0   4   1   2   4   6   3   3
Pudel1  44   2   1   2   4  27   2   1   2   1 BWL   7  47   1   4 222   0   2   4   1   2   4   6   5
Pudel1  44   2   1   2   4  27   2   1   2   1 BWL   7  48   1   5 372   0   2   4   1   2   4   6   5
Pudel1  44   2   1   2   4  27   2   1   2   1 BWL   7  49   1   2 103   0   1   2   4   6   3   1   4
Pudel1  44   2   1   2   4  27   2   1   2   1 BWL   7  50   1   3 502   0   6   2   4   1   2   4   3
Pudel1  44   2   1   2   4  27   2   1   2   1 BWL   7  51   1   4 292   0   4   1   2   4   6   3   3
Pudel1  44   2   1   2   4  27   2   1   2   1 BWL   7  52   1   1 1033   0   2   4   1   2   4   6   4
Pudel1  44   2   1   2   4  27   2   1   2   1 BWL   7  53   1   6 263   0   1   2   4   6   3   1   3
Pudel1  44   2   1   2   4  27   2   1   2   1 BWL   7  54   1   2 312   0   6   2   4   1   2   4   4
Pudel1  44   2   1   2   4  27   2   1   2   1 BWL   7  55   1   4 382   0   6   2   4   1   2   4   3
Pudel1  44   2   1   2   4  27   2   1   2   1 BWL   7  56   1   3 192   0   4   6   2   4   1   2   4
Pudel1  44   2   1   2   4  27   2   1   2   1 BWL   7  57   1   5 382   0   6   2   4   1   2   4   5
Pudel1  44   2   1   2   4  27   2   1   2   1 BWL   7  58   1   3 382   0   4   5   1   4   6   2   4
Pudel1  44   2   1   2   4  27   2   1   2   1 BWL   7  59   1   4 282   0   4   6   2   4   1   2   5
Pudel1  44   2   1   2   4  27   2   1   2   1 BWL   7  60   1   2 332   0   4   6   2   4   1   2   5
Pudel1  44   2   1   2   4  27   2   1   2   1 BWL   7  61   1   5 302   0   1   4   6   2   4   1   5
Pudel1  44   2   1   2   4  27   2   1   2   1 BWL   7  62   1   6 423   0   1   2   4   6   3   1   5
Pudel1  44   2   1   2   4  27   2   1   2   1 BWL   7  63   1   1  22   0   4   6   2   4   1   2   3
Pudel1  44   2   1   2   4  27   2   1   2   1 BWL   7  64   1   1 213   0   5   1   4   6   2   4   3
Pudel1  44   2   1   2   4  27   2   1   2   1 BWL   7  65   1   2 211   0   1   4   6   2   4   1   3
Pudel1  44   2   1   2   4  27   2   1   2   1 BWL   7  66   1   5  12   0   4   6   2   4   1   2   3
Pudel1  44   2   1   2   4  27   2   1   2   1 BWL   7  67   1   4 462   0   5   1   4   6   2   4   5
Pudel1  44   2   1   2   4  27   2   1   2   1 BWL   7  68   1   3 213   0   6   2   4   1   2   4   4
Pudel1  44   2   1   2   4  27   2   1   2   1 BWL   7  69   1   5 232   0   4   6   2   4   1   2   3
Pudel1  44   2   1   2   4  27   2   1   2   1 BWL   7  70   1   2 203   0   4   6   2   4   1   2   4
Pudel1  44   2   1   2   4  27   2   1   2   1 BWL   7  71   1   6 352   0   4   5   1   4   6   2   3
Pudel1  44   2   1   2   4  27   2   1   2   1 BWL   7  72   1   1 262   0   4   6   2   4   1   2   4
Pudel1  44   2   1   2   4  27   2   1   2   1 BWL   7  73   1   5 272   0   4   1   2   4   6   3   3
Pudel1  44   2   1   2   4  27   2   1   2   1 BWL   7  74   1   2 132   0   4   1   2   4   6   3   3
Pudel1  44   2   1   2   4  27   2   1   2   1 BWL   7  75   1   4 342   0   4   5   1   4   6   2   5
Pudel1  44   2   1   2   4  27   2   1   2   1 BWL   7  76   1   3 342   0   1   4   6   2   4   1   5
Pudel1  44   2   1   2   4  27   2   1   2   1 BWL   7  77   1   5 272   0   4   5   1   4   6   2   5
Pudel1  44   2   1   2   4  27   2   1   2   1 BWL   7  78   1   2 213   0   5   1   4   6   2   4   4
Pudel1  44   2   1   2   4  27   2   1   2   1 BWL   7  79   1   5 263   0   2   4   1   2   4   6   4
Pudel1  44   2   1   2   4  27   2   1   2   1 BWL   7  80   1   2 132   0   4   6   2   4   1   2   3
Pudel1  44   2   1   2   4  27   2   1   2   1 BWL   7  81   1   6 323   0   1   2   4   6   3   1   4
Pudel1  44   2   1   2   4  27   2   1   2   1 BWL   7  82   1   1 232   0   4   6   2   4   1   2   3
Pudel1  44   2   1   2   4  27   2   1   2   1 BWL   7  83   1   5 243   0   1   2   4   6   3   1   4
Pudel1  44   2   1   2   4  27   2   1   2   1 BWL   7  84   1   2 182   0   4   1   2   4   6   3   5
Pudel1  44   2   1   2   4  27   2   1   2   1 BWL   7  85   1   4 332   0   4   5   1   4   6   2   4
Pudel1  44   2   1   2   4  27   2   1   2   1 BWL   7  86   1   3 222   0   4   6   2   4   1   2   5
Pudel1  44   2   1   2   4  27   2   1   2   1 BWL   7  87   1   4 192   0   1   2   4   6   3   1   5
Pudel1  44   2   1   2   4  27   2   1   2   1 BWL   7  88   1   3 202   0   4   1   2   4   6   3   5
Pudel1  44   2   1   2   4  27   2   1   2   1 BWL   7  89   1   5 262   0   4   5   1   4   6   2   5
Pudel1  44   2   1   2   4  27   2   1   2   1 BWL   7  90   1   2 163   0   1   2   4   6   3   1   3
Pudel1  44   2   1   2   4  27   2   1   2   1 BWL   7  91   1   5 232   0   4   1   2   4   6   3   4
Pudel1  44   2   1   2   4  27   2   1   2   1 BWL   7  92   1   1 313   0   5   1   4   6   2   4   5
Pudel1  44   2   1   2   4  27   2   1   2   1 BWL   7  93   1   6 252   0   1   2   4   6   3   1   5
Pudel1  44   2   1   2   4  27   2   1   2   1 BWL   7  94   1   1 362   0   4   5   1   4   6   2   3
Pudel1  44   2   1   2   4  27   2   1   2   1 BWL   7  95   1   6 303   0   6   2   4   1   2   4   3
Pudel1  44   2   1   2   4  27   2   1   2   1 BWL   7  96   1   2 263   0   2   4   1   2   4   6   4
Pudel1  44   2   1   2   4  27   2   1   2   1 BWL   7  97   1   5 132   0   4   5   1   4   6   2   5
Pudel1  44   2   1   2   4  27   2   1   2   1 BWL   7  98   1   3 393   0   2   4   1   2   4   6   3
Pudel1  44   2   1   2   4  27   2   1   2   1 BWL   7  99   1   4 322   0   5   1   4   6   2   4   5
Pudel1  44   2   1   2   4  27   2   1   2   1 BWL   7 100   1   1 323   0   4   1   2   4   6   3   5
Pudel1  44   2   1   2   4  27   2   1   2   1 BWL   7 101   1   5  82   0   1   4   6   2   4   1   3
Pudel1  44   2   1   2   4  27   2   1   2   1 BWL   7 102   1   2 382   0   5   1   4   6   2   4   5
Pudel1  44   2   1   2   4  27   2   1   2   1 BWL   7 103   1   4 163   0   4   5   1   4   6   2   4
Pudel1  44   2   1   2   4  27   2   1   2   1 BWL   7 104   1   3 283   0   4   6   2   4   1   2   4
Pudel1  44   2   1   2   4  27   2   1   2   1 BWL   7 105   1   6 312   0   1   2   4   6   3   1   5
Pudel1  44   2   1   2   4  27   2   1   2   1 BWL   7 106   1   1 242   0   1   2   4   6   3   1   3
Pudel1  44   2   1   2   4  27   2   1   2   1 BWL   7 107   1   5 212   0   1   4   6   2   4   1   4
Pudel1  44   2   1   2   4  27   2   1   2   1 BWL   7 108   1   2 172   0   1   4   6   2   4   1   3
Pudel1  44   2   1   2   4  27   2   1   2   1 BWL   7 109   1   4 282   0   4   1   2   4   6   3   5
Pudel1  44   2   1   2   4  27   2   1   2   1 BWL   7 110   1   3 492   0   4   5   1   4   6   2   3
Pudel1  44   2   1   2   4  27   2   1   2   1 BWL   7 111   1   5 303   0   4   5   1   4   6   2   3
Pudel1  44   2   1   2   4  27   2   1   2   1 BWL   7 112   1   6 342   0   1   2   4   6   3   1   5
Pudel1  44   2   1   2   4  27   2   1   2   1 BWL   7 113   1   6 253   0   6   2   4   1   2   4   3
Pudel1  44   2   1   2   4  27   2   1   2   1 BWL   7 114   1   1 181   0   2   4   1   2   4   6   3
Pudel1  44   2   1   2   4  27   2   1   2   1 BWL   7 115   1   5 412   0   2   4   1   2   4   6   4
Pudel1  44   2   1   2   4  27   2   1   2   1 BWL   7 116   1   2 182   0   4   6   2   4   1   2   5
Pudel1  44   2   1   2   4  27   2   1   2   1 BWL   7 117   1   4 342   0   2   4   1   2   4   6   3
Pudel1  44   2   1   2   4  27   2   1   2   1 BWL   7 118   1   3  13   0   4   5   1   4   6   2   4
Pudel1  44   2   1   2   4  27   2   1   2   1 BWL   7 119   1   5 482   0   1   4   6   2   4   1   5
Pudel1  44   2   1   2   4  27   2   1   2   1 BWL   7 120   1   2 382   0   2   4   1   2   4   6   5
Pudel1  44   2   1   2   4  27   2   1   2   1 BWL   8   1   1   4 2472   0   2   4   1   2   4   6   3
Pudel1  44   2   1   2   4  27   2   1   2   1 BWL   8   2   1   2 1392   0   2   4   1   2   4   6   5
Pudel1  44   2   1   2   4  27   2   1   2   1 BWL   8   3   1   1 532   0   1   4   6   2   4   1   3
Pudel1  44   2   1   2   4  27   2   1   2   1 BWL   8   4   1   6 453   0   6   2   4   1   2   4   4
Pudel1  44   2   1   2   4  27   2   1   2   1 BWL   8   5   1   4 463   0   2   4   1   2   4   6   4
Pudel1  44   2   1   2   4  27   2   1   2   1 BWL   8   6   1   5 693   0   1   4   6   2   4   1   4
Pudel1  44   2   1   2   4  27   2   1   2   1 BWL   8   7   1   3 572   0   5   1   4   6   2   4   3
Pudel1  44   2   1   2   4  27   2   1   2   1 BWL   8   8   1   2 513   0   5   1   4   6   2   4   3
Pudel1  44   2   1   2   4  27   2   1   2   1 BWL   8   9   1   5 483   0   5   1   4   6   2   4   4
Pudel1  44   2   1   2   4  27   2   1   2   1 BWL   8  10   1   4 513   0   6   2   4   1   2   4   5
Pudel1  44   2   1   2   4  27   2   1   2   1 BWL   8  11   1   3 523   0   1   4   6   2   4   1   4
Pudel1  44   2   1   2   4  27   2   1   2   1 BWL   8  12   1   6 462   0   6   2   4   1   2   4   4
Pudel1  44   2   1   2   4  27   2   1   2   1 BWL   8  13   1   1 422   0   1   4   6   2   4   1   5
Pudel1  44   2   1   2   4  27   2   1   2   1 BWL   8  14   1   5 473   0   4   6   2   4   1   2   4
Pudel1  44   2   1   2   4  27   2   1   2   1 BWL   8  15   1   2 403   0   5   1   4   6   2   4   4
Pudel1  44   2   1   2   4  27   2   1   2   1 BWL   8  16   1   4 433   0   5   1   4   6   2   4   3
Pudel1  44   2   1   2   4  27   2   1   2   1 BWL   8  17   1   5 1853   0   4   5   1   4   6   2   4
Pudel1  44   2   1   2   4  27   2   1   2   1 BWL   8  18   1   5 483   0   4   1   2   4   6   3   4
Pudel1  44   2   1   2   4  27   2   1   2   1 BWL   8  19   1   6 631   0   1   2   4   6   3   1   4
Pudel1  44   2   1   2   4  27   2   1   2   1 BWL   8  20   1   1 443   0   1   2   4   6   3   1   3
Pudel1  44   2   1   2   4  27   2   1   2   1 BWL   8  21   1   4 543   0   4   1   2   4   6   3   3
Pudel1  44   2   1   2   4  27   2   1   2   1 BWL   8  22   1   3 373   0   5   1   4   6   2   4   3
Pudel1  44   2   1   2   4  27   2   1   2   1 BWL   8  23   1   2 462   0   5   1   4   6   2   4   4
Pudel1  44   2   1   2   4  27   2   1   2   1 BWL   8  24   1   6 523   0   4   1   2   4   6   3   4
Pudel1  44   2   1   2   4  27   2   1   2   1 BWL   8  25   1   1 414   0   1   2   4   6   3   1   3
Pudel1  44   2   1   2   4  27   2   1   2   1 BWL   8  26   1   4 602   0   1   4   6   2   4   1   5
Pudel1  44   2   1   2   4  27   2   1   2   1 BWL   8  27   1   3 383   0   4   1   2   4   6   3   5
Pudel1  44   2   1   2   4  27   2   1   2   1 BWL   8  28   1   2 462   0   4   5   1   4   6   2   5
Pudel1  44   2   1   2   4  27   2   1   2   1 BWL   8  29   1   5 373   0   1   4   6   2   4   1   3
Pudel1  44   2   1   2   4  27   2   1   2   1 BWL   8  30   1   1 492   0   4   5   1   4   6   2   3
Pudel1  44   2   1   2   4  27   2   1   2   1 BWL   8  31   1   5 453   0   5   1   4   6   2   4   4
Pudel1  44   2   1   2   4  27   2   1   2   1 BWL   8  32   1   2 392   0   5   1   4   6   2   4   5
Pudel1  44   2   1   2   4  27   2   1   2   1 BWL   8  33   1   4 522   0   1   4   6   2   4   1   4
Pudel1  44   2   1   2   4  27   2   1   2   1 BWL   8  34   1   4 643   0   6   2   4   1   2   4   3
Pudel1  44   2   1   2   4  27   2   1   2   1 BWL   8  35   1   5 581   0   6   2   4   1   2   4   5
Pudel1  44   2   1   2   4  27   2   1   2   1 BWL   8  36   1   6 533   0   6   2   4   1   2   4   5
Pudel1  44   2   1   2   4  27   2   1   2   1 BWL   8  37   1   4 453   0   2   4   1   2   4   6   3
Pudel1  44   2   1   2   4  27   2   1   2   1 BWL   8  38   1   3 1073   0   1   4   6   2   4   1   4
Pudel1  44   2   1   2   4  27   2   1   2   1 BWL   8  39   1   4 512   0   4   1   2   4   6   3   4
Pudel1  44   2   1   2   4  27   2   1   2   1 BWL   8  40   1   2 723   0   4   1   2   4   6   3   4
Pudel1  44   2   1   2   4  27   2   1   2   1 BWL   8  41   1   4 532   0   6   2   4   1   2   4   4
Pudel1  44   2   1   2   4  27   2   1   2   1 BWL   8  42   1   6 523   0   1   2   4   6   3   1   4
Pudel1  44   2   1   2   4  27   2   1   2   1 BWL   8  43   1   1 393   0   2   4   1   2   4   6   5
Pudel1  44   2   1   2   4  27   2   1   2   1 BWL   8  44   1   5 573   0   6   2   4   1   2   4   5
Pudel1  44   2   1   2   4  27   2   1   2   1 BWL   8  45   1   2 622   0   4   6   2   4   1   2   5
Pudel1  44   2   1   2   4  27   2   1   2   1 BWL   8  46   1   4 453   0   4   1   2   4   6   3   3
Pudel1  44   2   1   2   4  27   2   1   2   1 BWL   8  47   1   3 442   0   2   4   1   2   4   6   5
Pudel1  44   2   1   2   4  27   2   1   2   1 BWL   8  48   1   6 522   0   2   4   1   2   4   6   5
Pudel1  44   2   1   2   4  27   2   1   2   1 BWL   8  49   1   1 402   0   1   2   4   6   3   1   4
Pudel1  44   2   1   2   4  27   2   1   2   1 BWL   8  50   1   5 473   0   6   2   4   1   2   4   3
Pudel1  44   2   1   2   4  27   2   1   2   1 BWL   8  51   1   2 592   0   4   1   2   4   6   3   3
Pudel1  44   2   1   2   4  27   2   1   2   1 BWL   8  52   1   4 583   0   2   4   1   2   4   6   4
Pudel1  44   2   1   2   4  27   2   1   2   1 BWL   8  53   1   4 392   0   1   2   4   6   3   1   3
Pudel1  44   2   1   2   4  27   2   1   2   1 BWL   8  54   1   1 1061   0   6   2   4   1   2   4   4
Pudel1  44   2   1   2   4  27   2   1   2   1 BWL   8  55   1   5 503   0   6   2   4   1   2   4   3
Pudel1  44   2   1   2   4  27   2   1   2   1 BWL   8  56   1   2 652   0   4   6   2   4   1   2   4
Pudel1  44   2   1   2   4  27   2   1   2   1 BWL   8  57   1   4 483   0   6   2   4   1   2   4   5
Pudel1  44   2   1   2   4  27   2   1   2   1 BWL   8  58   1   1 542   0   4   5   1   4   6   2   4
Pudel1  44   2   1   2   4  27   2   1   2   1 BWL   8  59   1   4 652   0   4   6   2   4   1   2   5
Pudel1  44   2   1   2   4  27   2   1   2   1 BWL   8  60   1   2 843   0   4   6   2   4   1   2   5
Pudel1  44   2   1   2   4  27   2   1   2   1 BWL   8  61   1   3 423   0   1   4   6   2   4   1   5
Pudel1  44   2   1   2   4  27   2   1   2   1 BWL   8  62   1   4 512   0   1   2   4   6   3   1   5
Pudel1  44   2   1   2   4  27   2   1   2   1 BWL   8  63   1   6 642   0   4   6   2   4   1   2   3
Pudel1  44   2   1   2   4  27   2   1   2   1 BWL   8  64   1   5 562   0   5   1   4   6   2   4   3
Pudel1  44   2   1   2   4  27   2   1   2   1 BWL   8  65   1   2 473   0   1   4   6   2   4   1   3
Pudel1  44   2   1   2   4  27   2   1   2   1 BWL   8  66   1   4 452   0   4   6   2   4   1   2   3
Pudel1  44   2   1   2   4  27   2   1   2   1 BWL   8  67   1   3 413   0   5   1   4   6   2   4   5
Pudel1  44   2   1   2   4  27   2   1   2   1 BWL   8  68   1   1 743   0   6   2   4   1   2   4   4
Pudel1  44   2   1   2   4  27   2   1   2   1 BWL   8  69   1   5 502   0   4   6   2   4   1   2   3
Pudel1  44   2   1   2   4  27   2   1   2   1 BWL   8  70   1   3 502   0   4   6   2   4   1   2   4
Pudel1  44   2   1   2   4  27   2   1   2   1 BWL   8  71   1   5 513   0   4   5   1   4   6   2   3
Pudel1  44   2   1   2   4  27   2   1   2   1 BWL   8  72   1   1 482   0   4   6   2   4   1   2   4
Pudel1  44   2   1   2   4  27   2   1   2   1 BWL   8  73   1   2 443   0   4   1   2   4   6   3   3
Pudel1  44   2   1   2   4  27   2   1   2   1 BWL   8  74   1   4 652   0   4   1   2   4   6   3   3
Pudel1  44   2   1   2   4  27   2   1   2   1 BWL   8  75   1   6 453   0   4   5   1   4   6   2   5
Pudel1  44   2   1   2   4  27   2   1   2   1 BWL   8  76   1   1 593   0   1   4   6   2   4   1   5
Pudel1  44   2   1   2   4  27   2   1   2   1 BWL   8  77   1   2 523   0   4   5   1   4   6   2   5
Pudel1  44   2   1   2   4  27   2   1   2   1 BWL   8  78   1   4 692   0   5   1   4   6   2   4   4
Pudel1  44   2   1   2   4  27   2   1   2   1 BWL   8  79   1   2 463   0   2   4   1   2   4   6   4
Pudel1  44   2   1   2   4  27   2   1   2   1 BWL   8  80   1   3 453   0   4   6   2   4   1   2   3
Pudel1  44   2   1   2   4  27   2   1   2   1 BWL   8  81   1   4 362   0   1   2   4   6   3   1   4
Pudel1  44   2   1   2   4  27   2   1   2   1 BWL   8  82   1   6 422   0   4   6   2   4   1   2   3
Pudel1  44   2   1   2   4  27   2   1   2   1 BWL   8  83   1   1 352   0   1   2   4   6   3   1   4
Pudel1  44   2   1   2   4  27   2   1   2   1 BWL   8  84   1   2 422   0   4   1   2   4   6   3   5
Pudel1  44   2   1   2   4  27   2   1   2   1 BWL   8  85   1   3 562   0   4   5   1   4   6   2   4
Pudel1  44   2   1   2   4  27   2   1   2   1 BWL   8  86   1   4 393   0   4   6   2   4   1   2   5
Pudel1  44   2   1   2   4  27   2   1   2   1 BWL   8  87   1   1 653   0   1   2   4   6   3   1   5
Pudel1  44   2   1   2   4  27   2   1   2   1 BWL   8  88   1   6 402   0   4   1   2   4   6   3   5
Pudel1  44   2   1   2   4  27   2   1   2   1 BWL   8  89   1   2 522   0   4   5   1   4   6   2   5
Pudel1  44   2   1   2   4  27   2   1   2   1 BWL   8  90   1   4 473   0   1   2   4   6   3   1   3
Pudel1  44   2   1   2   4  27   2   1   2   1 BWL   8  91   1   5 444   0   4   1   2   4   6   3   4
Pudel1  44   2   1   2   4  27   2   1   2   1 BWL   8  92   1   2 353   0   5   1   4   6   2   4   5
Pudel1  44   2   1   2   4  27   2   1   2   1 BWL   8  93   1   3 443   0   1   2   4   6   3   1   5
Pudel1  44   2   1   2   4  27   2   1   2   1 BWL   8  94   1   4 353   0   4   5   1   4   6   2   3
Pudel1  44   2   1   2   4  27   2   1   2   1 BWL   8  95   1   3 432   0   6   2   4   1   2   4   3
Pudel1  44   2   1   2   4  27   2   1   2   1 BWL   8  96   1   4 403   0   2   4   1   2   4   6   4
Pudel1  44   2   1   2   4  27   2   1   2   1 BWL   8  97   1   3 353   0   4   5   1   4   6   2   5
Pudel1  44   2   1   2   4  27   2   1   2   1 BWL   8  98   1   6 392   0   2   4   1   2   4   6   3
Pudel1  44   2   1   2   4  27   2   1   2   1 BWL   8  99   1   1 412   0   5   1   4   6   2   4   5
Pudel1  44   2   1   2   4  27   2   1   2   1 BWL   8 100   1   5 442   0   4   1   2   4   6   3   5
Pudel1  44   2   1   2   4  27   2   1   2   1 BWL   8 101   1   3 413   0   1   4   6   2   4   1   3
Pudel1  44   2   1   2   4  27   2   1   2   1 BWL   8 102   1   4 343   0   5   1   4   6   2   4   5
Pudel1  44   2   1   2   4  27   2   1   2   1 BWL   8 103   1   3 462   0   4   5   1   4   6   2   4
Pudel1  44   2   1   2   4  27   2   1   2   1 BWL   8 104   1   5 443   0   4   6   2   4   1   2   4
Pudel1  44   2   1   2   4  27   2   1   2   1 BWL   8 105   1   2 233   0   1   2   4   6   3   1   5
Pudel1  44   2   1   2   4  27   2   1   2   1 BWL   8 106   1   4 412   0   1   2   4   6   3   1   3
Pudel1  44   2   1   2   4  27   2   1   2   1 BWL   8 107   1   1 493   0   1   4   6   2   4   1   4
Pudel1  44   2   1   2   4  27   2   1   2   1 BWL   8 108   1   5 433   0   1   4   6   2   4   1   3
Pudel1  44   2   1   2   4  27   2   1   2   1 BWL   8 109   1   2 412   0   4   1   2   4   6   3   5
Pudel1  44   2   1   2   4  27   2   1   2   1 BWL   8 110   1   4 373   0   4   5   1   4   6   2   3
Pudel1  44   2   1   2   4  27   2   1   2   1 BWL   8 111   1   3 332   0   4   5   1   4   6   2   3
Pudel1  44   2   1   2   4  27   2   1   2   1 BWL   8 112   1   5 482   0   1   2   4   6   3   1   5
Pudel1  44   2   1   2   4  27   2   1   2   1 BWL   8 113   1   2 393   0   6   2   4   1   2   4   3
Pudel1  44   2   1   2   4  27   2   1   2   1 BWL   8 114   1   4 333   0   2   4   1   2   4   6   3
Pudel1  44   2   1   2   4  27   2   1   2   1 BWL   8 115   1   3 382   0   2   4   1   2   4   6   4
Pudel1  44   2   1   2   4  27   2   1   2   1 BWL   8 116   1   4 382   0   4   6   2   4   1   2   5
Pudel1  44   2   1   2   4  27   2   1   2   1 BWL   8 117   1   2 533   0   2   4   1   2   4   6   3
Pudel1  44   2   1   2   4  27   2   1   2   1 BWL   8 118   1   5 303   0   4   5   1   4   6   2   4
Pudel1  44   2   1   2   4  27   2   1   2   1 BWL   8 119   1   4 703   0   1   4   6   2   4   1   5
Pudel1  44   2   1   2   4  27   2   1   2   1 BWL   8 120   1   3 363   0   2   4   1   2   4   6   5
