Pudel1  45   1   1   2   1  26   1   1   1   1 BWL   1   1   2 802   2   1
Pudel1  45   1   1   2   1  26   1   1   1   1 BWL   1   2   6 735   6   1
Pudel1  45   1   1   2   1  26   1   1   1   1 BWL   1   3   5 647   4   0
Pudel1  45   1   1   2   1  26   1   1   1   1 BWL   1   4   5 1928   5   1
Pudel1  45   1   1   2   1  26   1   1   1   1 BWL   1   5   1 717   1   1
Pudel1  45   1   1   2   1  26   1   1   1   1 BWL   1   6   5 1180   4   0
Pudel1  45   1   1   2   1  26   1   1   1   1 BWL   1   7   3 1208   3   1
Pudel1  45   1   1   2   1  26   1   1   1   1 BWL   1   8   2 978   2   1
Pudel1  45   1   1   2   1  26   1   1   1   1 BWL   1   9   4 953   4   1
Pudel1  45   1   1   2   1  26   1   1   1   1 BWL   1  10   3 635   3   1
Pudel1  45   1   1   2   1  26   1   1   1   1 BWL   1  11   2 746   2   1
Pudel1  45   1   1   2   1  26   1   1   1   1 BWL   1  12   6 692   6   1
Pudel1  45   1   1   2   1  26   1   1   1   1 BWL   1  13   1 703   1   1
Pudel1  45   1   1   2   1  26   1   1   1   1 BWL   1  14   4 1355   4   1
Pudel1  45   1   1   2   1  26   1   1   1   1 BWL   1  15   5 692   5   1
Pudel1  45   1   1   2   1  26   1   1   1   1 BWL   1  16   2 805   2   1
Pudel1  45   1   1   2   1  26   1   1   1   1 BWL   1  17   4 707   4   1
Pudel1  45   1   1   2   1  26   1   1   1   1 BWL   1  18   5 735   5   1
Pudel1  45   1   1   2   1  26   1   1   1   1 BWL   1  19   1 662   1   1
Pudel1  45   1   1   2   1  26   1   1   1   1 BWL   1  20   3 720   3   1
Pudel1  45   1   1   2   1  26   1   1   1   1 BWL   1  21   2 835   2   1
Pudel1  45   1   1   2   1  26   1   1   1   1 BWL   1  22   5 636   4   0
Pudel1  45   1   1   2   1  26   1   1   1   1 BWL   1  23   6 1051   6   1
Pudel1  45   1   1   2   1  26   1   1   1   1 BWL   1  24   2 950   2   1
Pudel1  45   1   1   2   1  26   1   1   1   1 BWL   1  25   4 863   4   1
Pudel1  45   1   1   2   1  26   1   1   1   1 BWL   1  26   5 779   5   1
Pudel1  45   1   1   2   1  26   1   1   1   1 BWL   1  27   1 689   1   1
Pudel1  45   1   1   2   1  26   1   1   1   1 BWL   1  28   2 734   2   1
Pudel1  45   1   1   2   1  26   1   1   1   1 BWL   1  29   6 693   6   1
Pudel1  45   1   1   2   1  26   1   1   1   1 BWL   1  30   4 705   4   1
Pudel1  45   1   1   2   1  26   1   1   1   1 BWL   1  31   3 548   3   1
Pudel1  45   1   1   2   1  26   1   1   1   1 BWL   1  32   2 605   2   1
Pudel1  45   1   1   2   1  26   1   1   1   1 BWL   1  33   1 561   1   1
Pudel1  45   1   1   2   1  26   1   1   1   1 BWL   1  34   5 1110   5   1
Pudel1  45   1   1   2   1  26   1   1   1   1 BWL   1  35   4 692   4   1
Pudel1  45   1   1   2   1  26   1   1   1   1 BWL   1  36   2 819   2   1
Pudel1  45   1   1   2   1  26   1   1   1   1 BWL   1  37   3 836   3   1
Pudel1  45   1   1   2   1  26   1   1   1   1 BWL   1  38   6 737   6   1
Pudel1  45   1   1   2   1  26   1   1   1   1 BWL   1  39   2 848   2   1
Pudel1  45   1   1   2   1  26   1   1   1   1 BWL   1  40   4 822   4   1
Pudel1  45   1   1   2   1  26   1   1   1   1 BWL   1  41   1 777   1   1
Pudel1  45   1   1   2   1  26   1   1   1   1 BWL   1  42   5 1282   5   1
Pudel1  45   1   1   2   1  26   1   1   1   1 BWL   1  43   4 720   4   1
Pudel1  45   1   1   2   1  26   1   1   1   1 BWL   1  44   3 576   3   1
Pudel1  45   1   1   2   1  26   1   1   1   1 BWL   1  45   2 776   2   1
Pudel1  45   1   1   2   1  26   1   1   1   1 BWL   1  46   6 738   6   1
Pudel1  45   1   1   2   1  26   1   1   1   1 BWL   1  47   4 1335   4   1
Pudel1  45   1   1   2   1  26   1   1   1   1 BWL   1  48   2 778   2   1
Pudel1  45   1   1   2   1  26   1   1   1   1 BWL   1  49   6 721   6   1
Pudel1  45   1   1   2   1  26   1   1   1   1 BWL   1  50   3 921   3   1
Pudel1  45   1   1   2   1  26   1   1   1   1 BWL   1  51   2 705   2   1
Pudel1  45   1   1   2   1  26   1   1   1   1 BWL   1  52   5 708   4   0
Pudel1  45   1   1   2   1  26   1   1   1   1 BWL   1  53   5 708   5   1
Pudel1  45   1   1   2   1  26   1   1   1   1 BWL   1  54   1 805   1   1
Pudel1  45   1   1   2   1  26   1   1   1   1 BWL   1  55   2 1237   2   1
Pudel1  45   1   1   2   1  26   1   1   1   1 BWL   1  56   4 1037   4   1
Pudel1  45   1   1   2   1  26   1   1   1   1 BWL   1  57   1 835   1   1
Pudel1  45   1   1   2   1  26   1   1   1   1 BWL   1  58   5 1426   5   1
Pudel1  45   1   1   2   1  26   1   1   1   1 BWL   1  59   4 691   4   1
Pudel1  45   1   1   2   1  26   1   1   1   1 BWL   1  60   2 819   2   1
Pudel1  45   1   1   2   1  26   1   1   1   1 BWL   1  61   3 707   3   1
Pudel1  45   1   1   2   1  26   1   1   1   1 BWL   1  62   6 666   6   1
Pudel1  45   1   1   2   1  26   1   1   1   1 BWL   1  63   4 776   4   1
Pudel1  45   1   1   2   1  26   1   1   1   1 BWL   1  64   2 721   2   1
Pudel1  45   1   1   2   1  26   1   1   1   1 BWL   1  65   3 776   3   1
Pudel1  45   1   1   2   1  26   1   1   1   1 BWL   1  66   4 865   4   1
Pudel1  45   1   1   2   1  26   1   1   1   1 BWL   1  67   2 846   2   1
Pudel1  45   1   1   2   1  26   1   1   1   1 BWL   1  68   5 709   5   1
Pudel1  45   1   1   2   1  26   1   1   1   1 BWL   1  69   1 791   1   1
Pudel1  45   1   1   2   1  26   1   1   1   1 BWL   1  70   2 776   2   1
Pudel1  45   1   1   2   1  26   1   1   1   1 BWL   1  71   4 778   4   1
Pudel1  45   1   1   2   1  26   1   1   1   1 BWL   1  72   6 678   6   1
Pudel1  45   1   1   2   1  26   1   1   1   1 BWL   1  73   1 863   1   1
Pudel1  45   1   1   2   1  26   1   1   1   1 BWL   1  74   2 561   2   1
Pudel1  45   1   1   2   1  26   1   1   1   1 BWL   1  75   5 822   5   1
Pudel1  45   1   1   2   1  26   1   1   1   1 BWL   1  76   4 704   4   1
Pudel1  45   1   1   2   1  26   1   1   1   1 BWL   1  77   2 706   2   1
Pudel1  45   1   1   2   1  26   1   1   1   1 BWL   1  78   6 707   6   1
Pudel1  45   1   1   2   1  26   1   1   1   1 BWL   1  79   3 1106   3   1
Pudel1  45   1   1   2   1  26   1   1   1   1 BWL   1  80   4 778   4   1
Pudel1  45   1   1   2   1  26   1   1   1   1 BWL   1  81   6 678   6   1
Pudel1  45   1   1   2   1  26   1   1   1   1 BWL   1  82   1 748   2   0
Pudel1  45   1   1   2   1  26   1   1   1   1 BWL   1  83   4 1310   4   1
Pudel1  45   1   1   2   1  26   1   1   1   1 BWL   1  84   3 1137   3   1
Pudel1  45   1   1   2   1  26   1   1   1   1 BWL   1  85   2 805   2   1
Pudel1  45   1   1   2   1  26   1   1   1   1 BWL   1  86   4 849   4   1
Pudel1  45   1   1   2   1  26   1   1   1   1 BWL   1  87   5 651   5   1
Pudel1  45   1   1   2   1  26   1   1   1   1 BWL   1  88   1 732   1   1
Pudel1  45   1   1   2   1  26   1   1   1   1 BWL   1  89   3 1150   3   1
Pudel1  45   1   1   2   1  26   1   1   1   1 BWL   1  90   2 749   2   1
Pudel1  45   1   1   2   1  26   1   1   1   1 BWL   1  91   4 1109   4   1
Pudel1  45   1   1   2   1  26   1   1   1   1 BWL   1  92   5 765   5   1
Pudel1  45   1   1   2   1  26   1   1   1   1 BWL   1  93   2 790   2   1
Pudel1  45   1   1   2   1  26   1   1   1   1 BWL   1  94   6 750   6   1
Pudel1  45   1   1   2   1  26   1   1   1   1 BWL   1  95   1 733   1   1
Pudel1  45   1   1   2   1  26   1   1   1   1 BWL   1  96   4 852   4   1
Pudel1  45   1   1   2   1  26   1   1   1   1 BWL   1  97   2 617   2   1
Pudel1  45   1   1   2   1  26   1   1   1   1 BWL   1  98   1 705   1   1
Pudel1  45   1   1   2   1  26   1   1   1   1 BWL   1  99   5 838   5   1
Pudel1  45   1   1   2   1  26   1   1   1   1 BWL   1 100   3 776   3   1
Pudel1  45   1   1   2   1  26   1   1   1   1 BWL   1 101   4 850   4   1
Pudel1  45   1   1   2   1  26   1   1   1   1 BWL   1 102   6 708   6   1
Pudel1  45   1   1   2   1  26   1   1   1   1 BWL   1 103   2 891   2   1
Pudel1  45   1   1   2   1  26   1   1   1   1 BWL   1 104   4 893   4   1
Pudel1  45   1   1   2   1  26   1   1   1   1 BWL   1 105   3 806   3   1
Pudel1  45   1   1   2   1  26   1   1   1   1 BWL   1 106   2 736   2   1
Pudel1  45   1   1   2   1  26   1   1   1   1 BWL   1 107   4 691   4   1
Pudel1  45   1   1   2   1  26   1   1   1   1 BWL   1 108   6 677   6   1
Pudel1  45   1   1   2   1  26   1   1   1   1 BWL   1 109   1 717   1   1
Pudel1  45   1   1   2   1  26   1   1   1   1 BWL   1 110   4 778   4   1
Pudel1  45   1   1   2   1  26   1   1   1   1 BWL   1 111   2 1051   2   1
Pudel1  45   1   1   2   1  26   1   1   1   1 BWL   1 112   5 662   5   1
Pudel1  45   1   1   2   1  26   1   1   1   1 BWL   1 113   4 734   4   1
Pudel1  45   1   1   2   1  26   1   1   1   1 BWL   1 114   1 734   1   1
Pudel1  45   1   1   2   1  26   1   1   1   1 BWL   1 115   2 878   2   1
Pudel1  45   1   1   2   1  26   1   1   1   1 BWL   1 116   4 678   4   1
Pudel1  45   1   1   2   1  26   1   1   1   1 BWL   1 117   6 650   6   1
Pudel1  45   1   1   2   1  26   1   1   1   1 BWL   1 118   2 790   2   1
Pudel1  45   1   1   2   1  26   1   1   1   1 BWL   1 119   3 807   3   1
Pudel1  45   1   1   2   1  26   1   1   1   1 BWL   1 120   5 721   5   1
Pudel1  45   1   1   2   1  26   1   1   1   1 BWL   1 121   4 907   4   1
Pudel1  45   1   1   2   1  26   1   1   1   1 BWL   1 122   3 562   3   1
Pudel1  45   1   1   2   1  26   1   1   1   1 BWL   1 123   2 705   2   1
Pudel1  45   1   1   2   1  26   1   1   1   1 BWL   1 124   4 777   4   1
Pudel1  45   1   1   2   1  26   1   1   1   1 BWL   1 125   6 634   6   1
Pudel1  45   1   1   2   1  26   1   1   1   1 BWL   1 126   1 661   1   1
Pudel1  45   1   1   2   1  26   1   1   1   1 BWL   1 127   5 895   5   1
Pudel1  45   1   1   2   1  26   1   1   1   1 BWL   1 128   2 677   2   1
Pudel1  45   1   1   2   1  26   1   1   1   1 BWL   1 129   6 691   6   1
Pudel1  45   1   1   2   1  26   1   1   1   1 BWL   1 130   4 934   4   1
Pudel1  45   1   1   2   1  26   1   1   1   1 BWL   1 131   2 733   2   1
Pudel1  45   1   1   2   1  26   1   1   1   1 BWL   1 132   3 849   3   1
Pudel1  45   1   1   2   1  26   1   1   1   1 BWL   1 133   4 835   4   1
Pudel1  45   1   1   2   1  26   1   1   1   1 BWL   1 134   1 747   1   1
Pudel1  45   1   1   2   1  26   1   1   1   1 BWL   1 135   2 792   2   1
Pudel1  45   1   1   2   1  26   1   1   1   1 BWL   1 136   5 721   5   1
Pudel1  45   1   1   2   1  26   1   1   1   1 BWL   1 137   3 920   3   1
Pudel1  45   1   1   2   1  26   1   1   1   1 BWL   1 138   2 890   2   1
Pudel1  45   1   1   2   1  26   1   1   1   1 BWL   1 139   4 793   4   1
Pudel1  45   1   1   2   1  26   1   1   1   1 BWL   1 140   1 720   1   1
Pudel1  45   1   1   2   1  26   1   1   1   1 BWL   1 141   2 779   2   1
Pudel1  45   1   1   2   1  26   1   1   1   1 BWL   1 142   4 677   4   1
Pudel1  45   1   1   2   1  26   1   1   1   1 BWL   1 143   6 604   6   1
Pudel1  45   1   1   2   1  26   1   1   1   1 BWL   1 144   5 748   5   1
Pudel1  45   1   1   2   1  26   1   1   1   1 BWL   2   1   2 802   2   1
Pudel1  45   1   1   2   1  26   1   1   1   1 BWL   2   2   6 792   6   1
Pudel1  45   1   1   2   1  26   1   1   1   1 BWL   2   3   4 1926   4   1
Pudel1  45   1   1   2   1  26   1   1   1   1 BWL   2   4   5 707   5   1
Pudel1  45   1   1   2   1  26   1   1   1   1 BWL   2   5   1 774   1   1
Pudel1  45   1   1   2   1  26   1   1   1   1 BWL   2   6   4 766   4   1
Pudel1  45   1   1   2   1  26   1   1   1   1 BWL   2   7   3 764   3   1
Pudel1  45   1   1   2   1  26   1   1   1   1 BWL   2   8   2 604   2   1
Pudel1  45   1   1   2   1  26   1   1   1   1 BWL   2   9   4 676   4   1
Pudel1  45   1   1   2   1  26   1   1   1   1 BWL   2  10   3 821   3   1
Pudel1  45   1   1   2   1  26   1   1   1   1 BWL   2  11   2 706   2   1
Pudel1  45   1   1   2   1  26   1   1   1   1 BWL   2  12   6 808   6   1
Pudel1  45   1   1   2   1  26   1   1   1   1 BWL   2  13   1 701   1   1
Pudel1  45   1   1   2   1  26   1   1   1   1 BWL   2  14   4 925   4   1
Pudel1  45   1   1   2   1  26   1   1   1   1 BWL   2  15   5 633   5   1
Pudel1  45   1   1   2   1  26   1   1   1   1 BWL   2  16   2 749   2   1
Pudel1  45   1   1   2   1  26   1   1   1   1 BWL   2  17   4 707   4   1
Pudel1  45   1   1   2   1  26   1   1   1   1 BWL   2  18   5 664   5   1
Pudel1  45   1   1   2   1  26   1   1   1   1 BWL   2  19   1 632   1   1
Pudel1  45   1   1   2   1  26   1   1   1   1 BWL   2  20   3 649   3   1
Pudel1  45   1   1   2   1  26   1   1   1   1 BWL   2  21   2 692   2   1
Pudel1  45   1   1   2   1  26   1   1   1   1 BWL   2  22   4 619   4   1
Pudel1  45   1   1   2   1  26   1   1   1   1 BWL   2  23   6 604   6   1
Pudel1  45   1   1   2   1  26   1   1   1   1 BWL   2  24   2 691   2   1
Pudel1  45   1   1   2   1  26   1   1   1   1 BWL   2  25   4 636   4   1
Pudel1  45   1   1   2   1  26   1   1   1   1 BWL   2  26   5 632   5   1
Pudel1  45   1   1   2   1  26   1   1   1   1 BWL   2  27   1 589   1   1
Pudel1  45   1   1   2   1  26   1   1   1   1 BWL   2  28   2 823   2   1
Pudel1  45   1   1   2   1  26   1   1   1   1 BWL   2  29   6 735   6   1
Pudel1  45   1   1   2   1  26   1   1   1   1 BWL   2  30   4 676   4   1
Pudel1  45   1   1   2   1  26   1   1   1   1 BWL   2  31   3 620   3   1
Pudel1  45   1   1   2   1  26   1   1   1   1 BWL   2  32   2 661   2   1
Pudel1  45   1   1   2   1  26   1   1   1   1 BWL   2  33   1 649   1   1
Pudel1  45   1   1   2   1  26   1   1   1   1 BWL   2  34   5 809   5   1
Pudel1  45   1   1   2   1  26   1   1   1   1 BWL   2  35   4 533   4   1
Pudel1  45   1   1   2   1  26   1   1   1   1 BWL   2  36   2 561   2   1
Pudel1  45   1   1   2   1  26   1   1   1   1 BWL   2  37   3 620   3   1
Pudel1  45   1   1   2   1  26   1   1   1   1 BWL   2  38   6 635   6   1
Pudel1  45   1   1   2   1  26   1   1   1   1 BWL   2  39   2 835   2   1
Pudel1  45   1   1   2   1  26   1   1   1   1 BWL   2  40   4 550   4   1
Pudel1  45   1   1   2   1  26   1   1   1   1 BWL   2  41   1 848   1   1
Pudel1  45   1   1   2   1  26   1   1   1   1 BWL   2  42   5 779   5   1
Pudel1  45   1   1   2   1  26   1   1   1   1 BWL   2  43   4 676   4   1
Pudel1  45   1   1   2   1  26   1   1   1   1 BWL   2  44   3 605   3   1
Pudel1  45   1   1   2   1  26   1   1   1   1 BWL   2  45   2 950   2   1
Pudel1  45   1   1   2   1  26   1   1   1   1 BWL   2  46   6 577   6   1
Pudel1  45   1   1   2   1  26   1   1   1   1 BWL   2  47   4 719   4   1
Pudel1  45   1   1   2   1  26   1   1   1   1 BWL   2  48   2 678   2   1
Pudel1  45   1   1   2   1  26   1   1   1   1 BWL   2  49   6 678   6   1
Pudel1  45   1   1   2   1  26   1   1   1   1 BWL   2  50   3 749   3   1
Pudel1  45   1   1   2   1  26   1   1   1   1 BWL   2  51   2 678   2   1
Pudel1  45   1   1   2   1  26   1   1   1   1 BWL   2  52   4 935   4   1
Pudel1  45   1   1   2   1  26   1   1   1   1 BWL   2  53   5 549   5   1
Pudel1  45   1   1   2   1  26   1   1   1   1 BWL   2  54   1 820   1   1
Pudel1  45   1   1   2   1  26   1   1   1   1 BWL   2  55   2 675   2   1
Pudel1  45   1   1   2   1  26   1   1   1   1 BWL   2  56   4 650   4   1
Pudel1  45   1   1   2   1  26   1   1   1   1 BWL   2  57   1 661   1   1
Pudel1  45   1   1   2   1  26   1   1   1   1 BWL   2  58   5 637   5   1
Pudel1  45   1   1   2   1  26   1   1   1   1 BWL   2  59   4 691   4   1
Pudel1  45   1   1   2   1  26   1   1   1   1 BWL   2  60   2 632   2   1
Pudel1  45   1   1   2   1  26   1   1   1   1 BWL   2  61   3 635   3   1
Pudel1  45   1   1   2   1  26   1   1   1   1 BWL   2  62   6 592   6   1
Pudel1  45   1   1   2   1  26   1   1   1   1 BWL   2  63   4 721   4   1
Pudel1  45   1   1   2   1  26   1   1   1   1 BWL   2  64   2 545   2   1
Pudel1  45   1   1   2   1  26   1   1   1   1 BWL   2  65   3 721   3   1
Pudel1  45   1   1   2   1  26   1   1   1   1 BWL   2  66   4 592   4   1
Pudel1  45   1   1   2   1  26   1   1   1   1 BWL   2  67   2 793   2   1
Pudel1  45   1   1   2   1  26   1   1   1   1 BWL   2  68   5 635   5   1
Pudel1  45   1   1   2   1  26   1   1   1   1 BWL   2  69   2 575   1   0
Pudel1  45   1   1   2   1  26   1   1   1   1 BWL   2  70   2 851   2   1
Pudel1  45   1   1   2   1  26   1   1   1   1 BWL   2  71   4 864   4   1
Pudel1  45   1   1   2   1  26   1   1   1   1 BWL   2  72   6 679   6   1
Pudel1  45   1   1   2   1  26   1   1   1   1 BWL   2  73   1 603   1   1
Pudel1  45   1   1   2   1  26   1   1   1   1 BWL   2  74   2 749   2   1
Pudel1  45   1   1   2   1  26   1   1   1   1 BWL   2  75   5 679   5   1
Pudel1  45   1   1   2   1  26   1   1   1   1 BWL   2  76   4 620   4   1
Pudel1  45   1   1   2   1  26   1   1   1   1 BWL   2  77   2 706   2   1
Pudel1  45   1   1   2   1  26   1   1   1   1 BWL   2  78   6 678   6   1
Pudel1  45   1   1   2   1  26   1   1   1   1 BWL   2  79   3 1077   3   1
Pudel1  45   1   1   2   1  26   1   1   1   1 BWL   2  80   4 936   4   1
Pudel1  45   1   1   2   1  26   1   1   1   1 BWL   2  81   6 692   6   1
Pudel1  45   1   1   2   1  26   1   1   1   1 BWL   2  82   2 705   2   1
Pudel1  45   1   1   2   1  26   1   1   1   1 BWL   2  83   4 677   4   1
Pudel1  45   1   1   2   1  26   1   1   1   1 BWL   2  84   3 934   3   1
Pudel1  45   1   1   2   1  26   1   1   1   1 BWL   2  85   2 748   2   1
Pudel1  45   1   1   2   1  26   1   1   1   1 BWL   2  86   4 680   4   1
Pudel1  45   1   1   2   1  26   1   1   1   1 BWL   2  87   5 704   5   1
Pudel1  45   1   1   2   1  26   1   1   1   1 BWL   2  88   1 1266   1   1
Pudel1  45   1   1   2   1  26   1   1   1   1 BWL   2  89   3 907   3   1
Pudel1  45   1   1   2   1  26   1   1   1   1 BWL   2  90   2 948   2   1
Pudel1  45   1   1   2   1  26   1   1   1   1 BWL   2  91   4 764   4   1
Pudel1  45   1   1   2   1  26   1   1   1   1 BWL   2  92   5 763   5   1
Pudel1  45   1   1   2   1  26   1   1   1   1 BWL   2  93   2 947   2   1
Pudel1  45   1   1   2   1  26   1   1   1   1 BWL   2  94   6 808   6   1
Pudel1  45   1   1   2   1  26   1   1   1   1 BWL   2  95   1 1148   1   1
Pudel1  45   1   1   2   1  26   1   1   1   1 BWL   2  96   4 666   4   1
Pudel1  45   1   1   2   1  26   1   1   1   1 BWL   2  97   2 690   2   1
Pudel1  45   1   1   2   1  26   1   1   1   1 BWL   2  98   1 733   1   1
Pudel1  45   1   1   2   1  26   1   1   1   1 BWL   2  99   5 980   5   1
Pudel1  45   1   1   2   1  26   1   1   1   1 BWL   2 100   3 692   3   1
Pudel1  45   1   1   2   1  26   1   1   1   1 BWL   2 101   4 747   4   1
Pudel1  45   1   1   2   1  26   1   1   1   1 BWL   2 102   6 650   6   1
Pudel1  45   1   1   2   1  26   1   1   1   1 BWL   2 103   2 936   2   1
Pudel1  45   1   1   2   1  26   1   1   1   1 BWL   2 104   4 690   4   1
Pudel1  45   1   1   2   1  26   1   1   1   1 BWL   2 105   3 837   3   1
Pudel1  45   1   1   2   1  26   1   1   1   1 BWL   2 106   2 890   2   1
Pudel1  45   1   1   2   1  26   1   1   1   1 BWL   2 107   4 750   4   1
Pudel1  45   1   1   2   1  26   1   1   1   1 BWL   2 108   6 692   6   1
Pudel1  45   1   1   2   1  26   1   1   1   1 BWL   2 109   1 647   1   1
Pudel1  45   1   1   2   1  26   1   1   1   1 BWL   2 110   4 1210   4   1
Pudel1  45   1   1   2   1  26   1   1   1   1 BWL   2 111   2 762   2   1
Pudel1  45   1   1   2   1  26   1   1   1   1 BWL   2 112   5 778   5   1
Pudel1  45   1   1   2   1  26   1   1   1   1 BWL   2 113   3 691   4   0
Pudel1  45   1   1   2   1  26   1   1   1   1 BWL   2 114   1 891   1   1
Pudel1  45   1   1   2   1  26   1   1   1   1 BWL   2 115   3 849   2   0
Pudel1  45   1   1   2   1  26   1   1   1   1 BWL   2 116   4 879   4   1
Pudel1  45   1   1   2   1  26   1   1   1   1 BWL   2 117   6 678   6   1
Pudel1  45   1   1   2   1  26   1   1   1   1 BWL   2 118   2 1437   2   1
Pudel1  45   1   1   2   1  26   1   1   1   1 BWL   2 119   3 649   3   1
Pudel1  45   1   1   2   1  26   1   1   1   1 BWL   2 120   5 679   5   1
Pudel1  45   1   1   2   1  26   1   1   1   1 BWL   2 121   4 689   4   1
Pudel1  45   1   1   2   1  26   1   1   1   1 BWL   2 122   3 850   3   1
Pudel1  45   1   1   2   1  26   1   1   1   1 BWL   2 123   2 964   2   1
Pudel1  45   1   1   2   1  26   1   1   1   1 BWL   2 124   4 706   4   1
Pudel1  45   1   1   2   1  26   1   1   1   1 BWL   2 125   6 707   6   1
Pudel1  45   1   1   2   1  26   1   1   1   1 BWL   2 126   1 759   1   1
Pudel1  45   1   1   2   1  26   1   1   1   1 BWL   2 127   5 766   5   1
Pudel1  45   1   1   2   1  26   1   1   1   1 BWL   2 128   2 704   2   1
Pudel1  45   1   1   2   1  26   1   1   1   1 BWL   2 129   6 737   6   1
Pudel1  45   1   1   2   1  26   1   1   1   1 BWL   2 130   4 1264   4   1
Pudel1  45   1   1   2   1  26   1   1   1   1 BWL   2 131   2 819   2   1
Pudel1  45   1   1   2   1  26   1   1   1   1 BWL   2 132   3 649   3   1
Pudel1  45   1   1   2   1  26   1   1   1   1 BWL   2 133   4 865   4   1
Pudel1  45   1   1   2   1  26   1   1   1   1 BWL   2 134   1 719   1   1
Pudel1  45   1   1   2   1  26   1   1   1   1 BWL   2 135   2 765   2   1
Pudel1  45   1   1   2   1  26   1   1   1   1 BWL   2 136   5 778   5   1
Pudel1  45   1   1   2   1  26   1   1   1   1 BWL   2 137   3 734   3   1
Pudel1  45   1   1   2   1  26   1   1   1   1 BWL   2 138   2 735   2   1
Pudel1  45   1   1   2   1  26   1   1   1   1 BWL   2 139   4 864   4   1
Pudel1  45   1   1   2   1  26   1   1   1   1 BWL   2 140   1 719   1   1
Pudel1  45   1   1   2   1  26   1   1   1   1 BWL   2 141   2 720   2   1
Pudel1  45   1   1   2   1  26   1   1   1   1 BWL   2 142   5 678   4   0
Pudel1  45   1   1   2   1  26   1   1   1   1 BWL   2 143   6 693   6   1
Pudel1  45   1   1   2   1  26   1   1   1   1 BWL   2 144   5 935   5   1
Pudel1  45   1   1   2   1  26   1   1   1   1 BWL   3   1   2 917   2   1
Pudel1  45   1   1   2   1  26   1   1   1   1 BWL   3   2   6 663   6   1
Pudel1  45   1   1   2   1  26   1   1   1   1 BWL   3   3   4 1021   4   1
Pudel1  45   1   1   2   1  26   1   1   1   1 BWL   3   4   5 621   5   1
Pudel1  45   1   1   2   1  26   1   1   1   1 BWL   3   5   1 733   1   1
Pudel1  45   1   1   2   1  26   1   1   1   1 BWL   3   6   4 735   4   1
Pudel1  45   1   1   2   1  26   1   1   1   1 BWL   3   7   3 765   3   1
Pudel1  45   1   1   2   1  26   1   1   1   1 BWL   3   8   2 732   2   1
Pudel1  45   1   1   2   1  26   1   1   1   1 BWL   3   9   4 694   4   1
Pudel1  45   1   1   2   1  26   1   1   1   1 BWL   3  10   3 934   3   1
Pudel1  45   1   1   2   1  26   1   1   1   1 BWL   3  11   2 547   2   1
Pudel1  45   1   1   2   1  26   1   1   1   1 BWL   3  12   6 692   6   1
Pudel1  45   1   1   2   1  26   1   1   1   1 BWL   3  13   1 790   1   1
Pudel1  45   1   1   2   1  26   1   1   1   1 BWL   3  14   5 750   4   0
Pudel1  45   1   1   2   1  26   1   1   1   1 BWL   3  15   5 836   5   1
Pudel1  45   1   1   2   1  26   1   1   1   1 BWL   3  16   2 921   2   1
Pudel1  45   1   1   2   1  26   1   1   1   1 BWL   3  17   4 620   4   1
Pudel1  45   1   1   2   1  26   1   1   1   1 BWL   3  18   5 692   5   1
Pudel1  45   1   1   2   1  26   1   1   1   1 BWL   3  19   1 661   1   1
Pudel1  45   1   1   2   1  26   1   1   1   1 BWL   3  20   3 793   3   1
Pudel1  45   1   1   2   1  26   1   1   1   1 BWL   3  21   2 677   2   1
Pudel1  45   1   1   2   1  26   1   1   1   1 BWL   3  22   4 793   4   1
Pudel1  45   1   1   2   1  26   1   1   1   1 BWL   3  23   6 648   6   1
Pudel1  45   1   1   2   1  26   1   1   1   1 BWL   3  24   2 776   2   1
Pudel1  45   1   1   2   1  26   1   1   1   1 BWL   3  25   4 635   4   1
Pudel1  45   1   1   2   1  26   1   1   1   1 BWL   3  26   5 763   5   1
Pudel1  45   1   1   2   1  26   1   1   1   1 BWL   3  27   1 674   1   1
Pudel1  45   1   1   2   1  26   1   1   1   1 BWL   3  28   2 636   2   1
Pudel1  45   1   1   2   1  26   1   1   1   1 BWL   3  29   6 692   6   1
Pudel1  45   1   1   2   1  26   1   1   1   1 BWL   3  30   4 721   4   1
Pudel1  45   1   1   2   1  26   1   1   1   1 BWL   3  31   3 603   3   1
Pudel1  45   1   1   2   1  26   1   1   1   1 BWL   3  32   2 749   2   1
Pudel1  45   1   1   2   1  26   1   1   1   1 BWL   3  33   1 561   1   1
Pudel1  45   1   1   2   1  26   1   1   1   1 BWL   3  34   5 893   5   1
Pudel1  45   1   1   2   1  26   1   1   1   1 BWL   3  35   4 690   4   1
Pudel1  45   1   1   2   1  26   1   1   1   1 BWL   3  36   2 720   2   1
Pudel1  45   1   1   2   1  26   1   1   1   1 BWL   3  37   3 764   3   1
Pudel1  45   1   1   2   1  26   1   1   1   1 BWL   3  38   6 722   6   1
Pudel1  45   1   1   2   1  26   1   1   1   1 BWL   3  39   2 833   2   1
Pudel1  45   1   1   2   1  26   1   1   1   1 BWL   3  40   4 591   4   1
Pudel1  45   1   1   2   1  26   1   1   1   1 BWL   3  41   1 934   1   1
Pudel1  45   1   1   2   1  26   1   1   1   1 BWL   3  42   5 637   5   1
Pudel1  45   1   1   2   1  26   1   1   1   1 BWL   3  43   4 760   4   1
Pudel1  45   1   1   2   1  26   1   1   1   1 BWL   3  44   3 661   3   1
Pudel1  45   1   1   2   1  26   1   1   1   1 BWL   3  45   2 577   2   1
Pudel1  45   1   1   2   1  26   1   1   1   1 BWL   3  46   6 592   6   1
Pudel1  45   1   1   2   1  26   1   1   1   1 BWL   3  47   4 1137   4   1
Pudel1  45   1   1   2   1  26   1   1   1   1 BWL   3  48   2 575   2   1
Pudel1  45   1   1   2   1  26   1   1   1   1 BWL   3  49   6 694   6   1
Pudel1  45   1   1   2   1  26   1   1   1   1 BWL   3  50   3 748   3   1
Pudel1  45   1   1   2   1  26   1   1   1   1 BWL   3  51   2 706   2   1
Pudel1  45   1   1   2   1  26   1   1   1   1 BWL   3  52   4 794   4   1
Pudel1  45   1   1   2   1  26   1   1   1   1 BWL   3  53   5 662   5   1
Pudel1  45   1   1   2   1  26   1   1   1   1 BWL   3  54   1 688   1   1
Pudel1  45   1   1   2   1  26   1   1   1   1 BWL   3  55   2 1037   2   1
Pudel1  45   1   1   2   1  26   1   1   1   1 BWL   3  56   4 690   4   1
Pudel1  45   1   1   2   1  26   1   1   1   1 BWL   3  57   1 677   1   1
Pudel1  45   1   1   2   1  26   1   1   1   1 BWL   3  58   5 679   5   1
Pudel1  45   1   1   2   1  26   1   1   1   1 BWL   3  59   4 746   4   1
Pudel1  45   1   1   2   1  26   1   1   1   1 BWL   3  60   2 650   2   1
Pudel1  45   1   1   2   1  26   1   1   1   1 BWL   3  61   3 748   3   1
Pudel1  45   1   1   2   1  26   1   1   1   1 BWL   3  62   5 621   6   0
Pudel1  45   1   1   2   1  26   1   1   1   1 BWL   3  63   4 720   4   1
Pudel1  45   1   1   2   1  26   1   1   1   1 BWL   3  64   2 692   2   1
Pudel1  45   1   1   2   1  26   1   1   1   1 BWL   3  65   3 736   3   1
Pudel1  45   1   1   2   1  26   1   1   1   1 BWL   3  66   4 762   4   1
Pudel1  45   1   1   2   1  26   1   1   1   1 BWL   3  67   2 978   2   1
Pudel1  45   1   1   2   1  26   1   1   1   1 BWL   3  68   5 893   5   1
Pudel1  45   1   1   2   1  26   1   1   1   1 BWL   3  69   1 660   1   1
Pudel1  45   1   1   2   1  26   1   1   1   1 BWL   3  70   2 706   2   1
Pudel1  45   1   1   2   1  26   1   1   1   1 BWL   3  71   4 693   4   1
Pudel1  45   1   1   2   1  26   1   1   1   1 BWL   3  72   6 605   6   1
Pudel1  45   1   1   2   1  26   1   1   1   1 BWL   3  73   1 675   1   1
Pudel1  45   1   1   2   1  26   1   1   1   1 BWL   3  74   2 592   2   1
Pudel1  45   1   1   2   1  26   1   1   1   1 BWL   3  75   5 678   5   1
Pudel1  45   1   1   2   1  26   1   1   1   1 BWL   3  76   4 849   4   1
Pudel1  45   1   1   2   1  26   1   1   1   1 BWL   3  77   2 533   2   1
Pudel1  45   1   1   2   1  26   1   1   1   1 BWL   3  78   6 664   6   1
Pudel1  45   1   1   2   1  26   1   1   1   1 BWL   3  79   3 1265   3   1
Pudel1  45   1   1   2   1  26   1   1   1   1 BWL   3  80   4 880   4   1
Pudel1  45   1   1   2   1  26   1   1   1   1 BWL   3  81   6 649   6   1
Pudel1  45   1   1   2   1  26   1   1   1   1 BWL   3  82   2 660   2   1
Pudel1  45   1   1   2   1  26   1   1   1   1 BWL   3  83   5 578   4   0
Pudel1  45   1   1   2   1  26   1   1   1   1 BWL   3  84   3 752   3   1
Pudel1  45   1   1   2   1  26   1   1   1   1 BWL   3  85   2 791   2   1
Pudel1  45   1   1   2   1  26   1   1   1   1 BWL   3  86   4 1136   4   1
Pudel1  45   1   1   2   1  26   1   1   1   1 BWL   3  87   5 649   5   1
Pudel1  45   1   1   2   1  26   1   1   1   1 BWL   3  88   1 731   1   1
Pudel1  45   1   1   2   1  26   1   1   1   1 BWL   3  89   3 820   3   1
Pudel1  45   1   1   2   1  26   1   1   1   1 BWL   3  90   2 821   2   1
Pudel1  45   1   1   2   1  26   1   1   1   1 BWL   3  91   4 879   4   1
Pudel1  45   1   1   2   1  26   1   1   1   1 BWL   3  92   5 679   5   1
Pudel1  45   1   1   2   1  26   1   1   1   1 BWL   3  93   2 717   2   1
Pudel1  45   1   1   2   1  26   1   1   1   1 BWL   3  94   6 794   6   1
Pudel1  45   1   1   2   1  26   1   1   1   1 BWL   3  95   1 590   1   1
Pudel1  45   1   1   2   1  26   1   1   1   1 BWL   3  96   4 1022   4   1
Pudel1  45   1   1   2   1  26   1   1   1   1 BWL   3  97   2 691   2   1
Pudel1  45   1   1   2   1  26   1   1   1   1 BWL   3  98   1 733   1   1
Pudel1  45   1   1   2   1  26   1   1   1   1 BWL   3  99   5 895   5   1
Pudel1  45   1   1   2   1  26   1   1   1   1 BWL   3 100   3 646   3   1
Pudel1  45   1   1   2   1  26   1   1   1   1 BWL   3 101   4 634   4   1
Pudel1  45   1   1   2   1  26   1   1   1   1 BWL   3 102   6 706   6   1
Pudel1  45   1   1   2   1  26   1   1   1   1 BWL   3 103   2 763   2   1
Pudel1  45   1   1   2   1  26   1   1   1   1 BWL   3 104   4 747   4   1
Pudel1  45   1   1   2   1  26   1   1   1   1 BWL   3 105   3 734   3   1
Pudel1  45   1   1   2   1  26   1   1   1   1 BWL   3 106   2 750   2   1
Pudel1  45   1   1   2   1  26   1   1   1   1 BWL   3 107   4 749   4   1
Pudel1  45   1   1   2   1  26   1   1   1   1 BWL   3 108   6 751   6   1
Pudel1  45   1   1   2   1  26   1   1   1   1 BWL   3 109   1 689   1   1
Pudel1  45   1   1   2   1  26   1   1   1   1 BWL   3 110   4 622   4   1
Pudel1  45   1   1   2   1  26   1   1   1   1 BWL   3 111   2 719   2   1
Pudel1  45   1   1   2   1  26   1   1   1   1 BWL   3 112   5 694   5   1
Pudel1  45   1   1   2   1  26   1   1   1   1 BWL   3 113   4 761   4   1
Pudel1  45   1   1   2   1  26   1   1   1   1 BWL   3 114   1 822   1   1
Pudel1  45   1   1   2   1  26   1   1   1   1 BWL   3 115   2 691   2   1
Pudel1  45   1   1   2   1  26   1   1   1   1 BWL   3 116   4 692   4   1
Pudel1  45   1   1   2   1  26   1   1   1   1 BWL   3 117   6 664   6   1
Pudel1  45   1   1   2   1  26   1   1   1   1 BWL   3 118   2 733   2   1
Pudel1  45   1   1   2   1  26   1   1   1   1 BWL   3 119   3 850   3   1
Pudel1  45   1   1   2   1  26   1   1   1   1 BWL   3 120   5 666   5   1
Pudel1  45   1   1   2   1  26   1   1   1   1 BWL   3 121   4 647   4   1
Pudel1  45   1   1   2   1  26   1   1   1   1 BWL   3 122   3 963   3   1
Pudel1  45   1   1   2   1  26   1   1   1   1 BWL   3 123   2 735   2   1
Pudel1  45   1   1   2   1  26   1   1   1   1 BWL   3 124   5 922   4   0
Pudel1  45   1   1   2   1  26   1   1   1   1 BWL   3 125   6 693   6   1
Pudel1  45   1   1   2   1  26   1   1   1   1 BWL   3 126   1 632   1   1
Pudel1  45   1   1   2   1  26   1   1   1   1 BWL   3 127   5 993   5   1
Pudel1  45   1   1   2   1  26   1   1   1   1 BWL   3 128   2 547   2   1
Pudel1  45   1   1   2   1  26   1   1   1   1 BWL   3 129   6 749   6   1
Pudel1  45   1   1   2   1  26   1   1   1   1 BWL   3 130   3 678   4   0
Pudel1  45   1   1   2   1  26   1   1   1   1 BWL   3 131   2 909   2   1
Pudel1  45   1   1   2   1  26   1   1   1   1 BWL   3 132   3 906   3   1
Pudel1  45   1   1   2   1  26   1   1   1   1 BWL   3 133   4 577   4   1
Pudel1  45   1   1   2   1  26   1   1   1   1 BWL   3 134   1 720   1   1
Pudel1  45   1   1   2   1  26   1   1   1   1 BWL   3 135   2 791   2   1
Pudel1  45   1   1   2   1  26   1   1   1   1 BWL   3 136   5 722   5   1
Pudel1  45   1   1   2   1  26   1   1   1   1 BWL   3 137   3 734   3   1
Pudel1  45   1   1   2   1  26   1   1   1   1 BWL   3 138   2 1021   2   1
Pudel1  45   1   1   2   1  26   1   1   1   1 BWL   3 139   4 693   4   1
Pudel1  45   1   1   2   1  26   1   1   1   1 BWL   3 140   1 804   1   1
Pudel1  45   1   1   2   1  26   1   1   1   1 BWL   3 141   2 779   2   1
Pudel1  45   1   1   2   1  26   1   1   1   1 BWL   3 142   4 1010   4   1
Pudel1  45   1   1   2   1  26   1   1   1   1 BWL   3 143   6 833   6   1
Pudel1  45   1   1   2   1  26   1   1   1   1 BWL   3 144   5 705   5   1
Pudel1  45   1   1   2   1  26   1   1   1   1 BWL   4   1   2 988   2   1
Pudel1  45   1   1   2   1  26   1   1   1   1 BWL   4   2   6 737   6   1
Pudel1  45   1   1   2   1  26   1   1   1   1 BWL   4   3   4 849   4   1
Pudel1  45   1   1   2   1  26   1   1   1   1 BWL   4   4   5 677   5   1
Pudel1  45   1   1   2   1  26   1   1   1   1 BWL   4   5   1 705   1   1
Pudel1  45   1   1   2   1  26   1   1   1   1 BWL   4   6   4 749   4   1
Pudel1  45   1   1   2   1  26   1   1   1   1 BWL   4   7   3 661   3   1
Pudel1  45   1   1   2   1  26   1   1   1   1 BWL   4   8   2 590   2   1
Pudel1  45   1   1   2   1  26   1   1   1   1 BWL   4   9   4 606   4   1
Pudel1  45   1   1   2   1  26   1   1   1   1 BWL   4  10   3 662   3   1
Pudel1  45   1   1   2   1  26   1   1   1   1 BWL   4  11   2 621   2   1
Pudel1  45   1   1   2   1  26   1   1   1   1 BWL   4  12   6 634   6   1
Pudel1  45   1   1   2   1  26   1   1   1   1 BWL   4  13   1 719   1   1
Pudel1  45   1   1   2   1  26   1   1   1   1 BWL   4  14   4 880   4   1
Pudel1  45   1   1   2   1  26   1   1   1   1 BWL   4  15   5 792   5   1
Pudel1  45   1   1   2   1  26   1   1   1   1 BWL   4  16   2 706   2   1
Pudel1  45   1   1   2   1  26   1   1   1   1 BWL   4  17   4 618   4   1
Pudel1  45   1   1   2   1  26   1   1   1   1 BWL   4  18   5 967   5   1
Pudel1  45   1   1   2   1  26   1   1   1   1 BWL   4  19   2 776   1   0
Pudel1  45   1   1   2   1  26   1   1   1   1 BWL   4  20   3 1425   3   1
Pudel1  45   1   1   2   1  26   1   1   1   1 BWL   4  21   2 749   2   1
Pudel1  45   1   1   2   1  26   1   1   1   1 BWL   4  22   4 1842   4   1
Pudel1  45   1   1   2   1  26   1   1   1   1 BWL   4  23   6 778   6   1
Pudel1  45   1   1   2   1  26   1   1   1   1 BWL   4  24   2 717   2   1
Pudel1  45   1   1   2   1  26   1   1   1   1 BWL   4  25   4 635   4   1
Pudel1  45   1   1   2   1  26   1   1   1   1 BWL   4  26   5 663   5   1
Pudel1  45   1   1   2   1  26   1   1   1   1 BWL   4  27   1 935   1   1
Pudel1  45   1   1   2   1  26   1   1   1   1 BWL   4  28   2 821   2   1
Pudel1  45   1   1   2   1  26   1   1   1   1 BWL   4  29   6 778   6   1
Pudel1  45   1   1   2   1  26   1   1   1   1 BWL   4  30   4 605   4   1
Pudel1  45   1   1   2   1  26   1   1   1   1 BWL   4  31   3 1009   3   1
Pudel1  45   1   1   2   1  26   1   1   1   1 BWL   4  32   2 1509   2   1
Pudel1  45   1   1   2   1  26   1   1   1   1 BWL   4  33   1 735   1   1
Pudel1  45   1   1   2   1  26   1   1   1   1 BWL   4  34   5 706   5   1
Pudel1  45   1   1   2   1  26   1   1   1   1 BWL   4  35   4 851   4   1
Pudel1  45   1   1   2   1  26   1   1   1   1 BWL   4  36   2 691   2   1
Pudel1  45   1   1   2   1  26   1   1   1   1 BWL   4  37   3 835   3   1
Pudel1  45   1   1   2   1  26   1   1   1   1 BWL   4  38   6 821   6   1
Pudel1  45   1   1   2   1  26   1   1   1   1 BWL   4  39   2 677   2   1
Pudel1  45   1   1   2   1  26   1   1   1   1 BWL   4  40   4 737   4   1
Pudel1  45   1   1   2   1  26   1   1   1   1 BWL   4  41   1 744   1   1
Pudel1  45   1   1   2   1  26   1   1   1   1 BWL   4  42   5 1655   5   1
Pudel1  45   1   1   2   1  26   1   1   1   1 BWL   4  43   4 676   4   1
Pudel1  45   1   1   2   1  26   1   1   1   1 BWL   4  44   3 821   3   1
Pudel1  45   1   1   2   1  26   1   1   1   1 BWL   4  45   2 605   2   1
Pudel1  45   1   1   2   1  26   1   1   1   1 BWL   4  46   6 908   6   1
Pudel1  45   1   1   2   1  26   1   1   1   1 BWL   4  47   4 1338   4   1
Pudel1  45   1   1   2   1  26   1   1   1   1 BWL   4  48   2 634   2   1
Pudel1  45   1   1   2   1  26   1   1   1   1 BWL   4  49   6 664   6   1
Pudel1  45   1   1   2   1  26   1   1   1   1 BWL   4  50   3 1208   3   1
Pudel1  45   1   1   2   1  26   1   1   1   1 BWL   4  51   2 579   2   1
Pudel1  45   1   1   2   1  26   1   1   1   1 BWL   4  52   4 865   4   1
Pudel1  45   1   1   2   1  26   1   1   1   1 BWL   4  53   5 736   5   1
Pudel1  45   1   1   2   1  26   1   1   1   1 BWL   4  54   1 805   1   1
Pudel1  45   1   1   2   1  26   1   1   1   1 BWL   4  55   2 721   2   1
Pudel1  45   1   1   2   1  26   1   1   1   1 BWL   4  56   4 663   4   1
Pudel1  45   1   1   2   1  26   1   1   1   1 BWL   4  57   1 833   1   1
Pudel1  45   1   1   2   1  26   1   1   1   1 BWL   4  58   5 750   5   1
Pudel1  45   1   1   2   1  26   1   1   1   1 BWL   4  59   4 762   4   1
Pudel1  45   1   1   2   1  26   1   1   1   1 BWL   4  60   2 765   2   1
Pudel1  45   1   1   2   1  26   1   1   1   1 BWL   4  61   3 734   3   1
Pudel1  45   1   1   2   1  26   1   1   1   1 BWL   4  62   6 636   6   1
Pudel1  45   1   1   2   1  26   1   1   1   1 BWL   4  63   4 603   4   1
Pudel1  45   1   1   2   1  26   1   1   1   1 BWL   4  64   2 935   2   1
Pudel1  45   1   1   2   1  26   1   1   1   1 BWL   4  65   3 606   3   1
Pudel1  45   1   1   2   1  26   1   1   1   1 BWL   4  66   4 592   4   1
Pudel1  45   1   1   2   1  26   1   1   1   1 BWL   4  67   2 676   2   1
Pudel1  45   1   1   2   1  26   1   1   1   1 BWL   4  68   5 722   5   1
Pudel1  45   1   1   2   1  26   1   1   1   1 BWL   4  69   1 790   1   1
Pudel1  45   1   1   2   1  26   1   1   1   1 BWL   4  70   2 807   2   1
Pudel1  45   1   1   2   1  26   1   1   1   1 BWL   4  71   4 705   4   1
Pudel1  45   1   1   2   1  26   1   1   1   1 BWL   4  72   6 966   6   1
Pudel1  45   1   1   2   1  26   1   1   1   1 BWL   4  73   1 762   1   1
Pudel1  45   1   1   2   1  26   1   1   1   1 BWL   4  74   2 751   2   1
Pudel1  45   1   1   2   1  26   1   1   1   1 BWL   4  75   5 634   5   1
Pudel1  45   1   1   2   1  26   1   1   1   1 BWL   4  76   4 633   4   1
Pudel1  45   1   1   2   1  26   1   1   1   1 BWL   4  77   2 850   2   1
Pudel1  45   1   1   2   1  26   1   1   1   1 BWL   4  78   6 806   6   1
Pudel1  45   1   1   2   1  26   1   1   1   1 BWL   4  79   3 891   3   1
Pudel1  45   1   1   2   1  26   1   1   1   1 BWL   4  80   4 778   4   1
Pudel1  45   1   1   2   1  26   1   1   1   1 BWL   4  81   6 834   6   1
Pudel1  45   1   1   2   1  26   1   1   1   1 BWL   4  82   2 949   2   1
Pudel1  45   1   1   2   1  26   1   1   1   1 BWL   4  83   4 791   4   1
Pudel1  45   1   1   2   1  26   1   1   1   1 BWL   4  84   3 766   3   1
Pudel1  45   1   1   2   1  26   1   1   1   1 BWL   4  85   2 848   2   1
Pudel1  45   1   1   2   1  26   1   1   1   1 BWL   4  86   4 750   4   1
Pudel1  45   1   1   2   1  26   1   1   1   1 BWL   4  87   5 749   5   1
Pudel1  45   1   1   2   1  26   1   1   1   1 BWL   4  88   1 733   1   1
Pudel1  45   1   1   2   1  26   1   1   1   1 BWL   4  89   3 721   3   1
Pudel1  45   1   1   2   1  26   1   1   1   1 BWL   4  90   2 777   2   1
Pudel1  45   1   1   2   1  26   1   1   1   1 BWL   4  91   4 721   4   1
Pudel1  45   1   1   2   1  26   1   1   1   1 BWL   4  92   5 675   5   1
Pudel1  45   1   1   2   1  26   1   1   1   1 BWL   4  93   2 805   2   1
Pudel1  45   1   1   2   1  26   1   1   1   1 BWL   4  94   6 738   6   1
Pudel1  45   1   1   2   1  26   1   1   1   1 BWL   4  95   1 619   1   1
Pudel1  45   1   1   2   1  26   1   1   1   1 BWL   4  96   4 1123   4   1
Pudel1  45   1   1   2   1  26   1   1   1   1 BWL   4  97   2 677   2   1
Pudel1  45   1   1   2   1  26   1   1   1   1 BWL   4  98   1 805   1   1
Pudel1  45   1   1   2   1  26   1   1   1   1 BWL   4  99   5 738   5   1
Pudel1  45   1   1   2   1  26   1   1   1   1 BWL   4 100   3 1033   3   1
Pudel1  45   1   1   2   1  26   1   1   1   1 BWL   4 101   4 606   4   1
Pudel1  45   1   1   2   1  26   1   1   1   1 BWL   4 102   5 679   6   0
Pudel1  45   1   1   2   1  26   1   1   1   1 BWL   4 103   2 877   2   1
Pudel1  45   1   1   2   1  26   1   1   1   1 BWL   4 104   4 807   4   1
Pudel1  45   1   1   2   1  26   1   1   1   1 BWL   4 105   3 950   3   1
Pudel1  45   1   1   2   1  26   1   1   1   1 BWL   4 106   2 762   2   1
Pudel1  45   1   1   2   1  26   1   1   1   1 BWL   4 107   4 936   4   1
Pudel1  45   1   1   2   1  26   1   1   1   1 BWL   4 108   6 850   6   1
Pudel1  45   1   1   2   1  26   1   1   1   1 BWL   4 109   1 690   1   1
Pudel1  45   1   1   2   1  26   1   1   1   1 BWL   4 110   4 764   4   1
Pudel1  45   1   1   2   1  26   1   1   1   1 BWL   4 111   2 735   2   1
Pudel1  45   1   1   2   1  26   1   1   1   1 BWL   4 112   5 706   5   1
Pudel1  45   1   1   2   1  26   1   1   1   1 BWL   4 113   4 791   4   1
Pudel1  45   1   1   2   1  26   1   1   1   1 BWL   4 114   1 734   1   1
Pudel1  45   1   1   2   1  26   1   1   1   1 BWL   4 115   2 821   2   1
Pudel1  45   1   1   2   1  26   1   1   1   1 BWL   4 116   4 1023   4   1
Pudel1  45   1   1   2   1  26   1   1   1   1 BWL   4 117   6 837   6   1
Pudel1  45   1   1   2   1  26   1   1   1   1 BWL   4 118   2 747   2   1
Pudel1  45   1   1   2   1  26   1   1   1   1 BWL   4 119   3 750   3   1
Pudel1  45   1   1   2   1  26   1   1   1   1 BWL   4 120   5 692   5   1
Pudel1  45   1   1   2   1  26   1   1   1   1 BWL   4 121   4 604   4   1
Pudel1  45   1   1   2   1  26   1   1   1   1 BWL   4 122   3 749   3   1
Pudel1  45   1   1   2   1  26   1   1   1   1 BWL   4 123   2 634   2   1
Pudel1  45   1   1   2   1  26   1   1   1   1 BWL   4 124   4 950   4   1
Pudel1  45   1   1   2   1  26   1   1   1   1 BWL   4 125   6 793   6   1
Pudel1  45   1   1   2   1  26   1   1   1   1 BWL   4 126   1 676   1   1
Pudel1  45   1   1   2   1  26   1   1   1   1 BWL   4 127   5 693   5   1
Pudel1  45   1   1   2   1  26   1   1   1   1 BWL   4 128   2 679   2   1
Pudel1  45   1   1   2   1  26   1   1   1   1 BWL   4 129   6 893   6   1
Pudel1  45   1   1   2   1  26   1   1   1   1 BWL   4 130   4 819   4   1
Pudel1  45   1   1   2   1  26   1   1   1   1 BWL   4 131   2 951   2   1
Pudel1  45   1   1   2   1  26   1   1   1   1 BWL   4 132   3 779   3   1
Pudel1  45   1   1   2   1  26   1   1   1   1 BWL   4 133   4 791   4   1
Pudel1  45   1   1   2   1  26   1   1   1   1 BWL   4 134   1 690   1   1
Pudel1  45   1   1   2   1  26   1   1   1   1 BWL   4 135   3 908   2   0
Pudel1  45   1   1   2   1  26   1   1   1   1 BWL   4 136   5 852   5   1
Pudel1  45   1   1   2   1  26   1   1   1   1 BWL   4 137   3 921   3   1
Pudel1  45   1   1   2   1  26   1   1   1   1 BWL   4 138   2 748   2   1
Pudel1  45   1   1   2   1  26   1   1   1   1 BWL   4 139   4 879   4   1
Pudel1  45   1   1   2   1  26   1   1   1   1 BWL   4 140   1 920   1   1
Pudel1  45   1   1   2   1  26   1   1   1   1 BWL   4 141   2 723   2   1
Pudel1  45   1   1   2   1  26   1   1   1   1 BWL   4 142   4 1221   4   1
Pudel1  45   1   1   2   1  26   1   1   1   1 BWL   4 143   6 748   6   1
Pudel1  45   1   1   2   1  26   1   1   1   1 BWL   4 144   5 663   5   1
Pudel1  45   1   1   2   1  26   1   1   1   1 BWL   5   1   2 829   2   1
Pudel1  45   1   1   2   1  26   1   1   1   1 BWL   5   2   6 723   6   1
Pudel1  45   1   1   2   1  26   1   1   1   1 BWL   5   3   5 906   4   0
Pudel1  45   1   1   2   1  26   1   1   1   1 BWL   5   4   5 692   5   1
Pudel1  45   1   1   2   1  26   1   1   1   1 BWL   5   5   1 762   1   1
Pudel1  45   1   1   2   1  26   1   1   1   1 BWL   5   6   4 622   4   1
Pudel1  45   1   1   2   1  26   1   1   1   1 BWL   5   7   3 719   3   1
Pudel1  45   1   1   2   1  26   1   1   1   1 BWL   5   8   2 762   2   1
Pudel1  45   1   1   2   1  26   1   1   1   1 BWL   5   9   5 578   4   0
Pudel1  45   1   1   2   1  26   1   1   1   1 BWL   5  10   3 735   3   1
Pudel1  45   1   1   2   1  26   1   1   1   1 BWL   5  11   2 777   2   1
Pudel1  45   1   1   2   1  26   1   1   1   1 BWL   5  12   6 694   6   1
Pudel1  45   1   1   2   1  26   1   1   1   1 BWL   5  13   1 719   1   1
Pudel1  45   1   1   2   1  26   1   1   1   1 BWL   5  14   4 563   4   1
Pudel1  45   1   1   2   1  26   1   1   1   1 BWL   5  15   5 677   5   1
Pudel1  45   1   1   2   1  26   1   1   1   1 BWL   5  16   2 892   2   1
Pudel1  45   1   1   2   1  26   1   1   1   1 BWL   5  17   4 649   4   1
Pudel1  45   1   1   2   1  26   1   1   1   1 BWL   5  18   5 779   5   1
Pudel1  45   1   1   2   1  26   1   1   1   1 BWL   5  19   1 674   1   1
Pudel1  45   1   1   2   1  26   1   1   1   1 BWL   5  20   3 693   3   1
Pudel1  45   1   1   2   1  26   1   1   1   1 BWL   5  21   2 647   2   1
Pudel1  45   1   1   2   1  26   1   1   1   1 BWL   5  22   4 965   4   1
Pudel1  45   1   1   2   1  26   1   1   1   1 BWL   5  23   6 592   6   1
Pudel1  45   1   1   2   1  26   1   1   1   1 BWL   5  24   2 705   2   1
Pudel1  45   1   1   2   1  26   1   1   1   1 BWL   5  25   4 563   4   1
Pudel1  45   1   1   2   1  26   1   1   1   1 BWL   5  26   5 591   5   1
Pudel1  45   1   1   2   1  26   1   1   1   1 BWL   5  27   1 663   1   1
Pudel1  45   1   1   2   1  26   1   1   1   1 BWL   5  28   2 949   2   1
Pudel1  45   1   1   2   1  26   1   1   1   1 BWL   5  29   6 737   6   1
Pudel1  45   1   1   2   1  26   1   1   1   1 BWL   5  30   4 719   4   1
Pudel1  45   1   1   2   1  26   1   1   1   1 BWL   5  31   3 951   3   1
Pudel1  45   1   1   2   1  26   1   1   1   1 BWL   5  32   2 647   2   1
Pudel1  45   1   1   2   1  26   1   1   1   1 BWL   5  33   1 677   1   1
Pudel1  45   1   1   2   1  26   1   1   1   1 BWL   5  34   5 723   5   1
Pudel1  45   1   1   2   1  26   1   1   1   1 BWL   5  35   4 591   4   1
Pudel1  45   1   1   2   1  26   1   1   1   1 BWL   5  36   2 734   2   1
Pudel1  45   1   1   2   1  26   1   1   1   1 BWL   5  37   3 620   3   1
Pudel1  45   1   1   2   1  26   1   1   1   1 BWL   5  38   6 692   6   1
Pudel1  45   1   1   2   1  26   1   1   1   1 BWL   5  39   2 822   2   1
Pudel1  45   1   1   2   1  26   1   1   1   1 BWL   5  40   4 546   4   1
Pudel1  45   1   1   2   1  26   1   1   1   1 BWL   5  41   1 736   1   1
Pudel1  45   1   1   2   1  26   1   1   1   1 BWL   5  42   5 821   5   1
Pudel1  45   1   1   2   1  26   1   1   1   1 BWL   5  43   4 791   4   1
Pudel1  45   1   1   2   1  26   1   1   1   1 BWL   5  44   3 548   3   1
Pudel1  45   1   1   2   1  26   1   1   1   1 BWL   5  45   2 619   2   1
Pudel1  45   1   1   2   1  26   1   1   1   1 BWL   5  46   6 679   6   1
Pudel1  45   1   1   2   1  26   1   1   1   1 BWL   5  47   4 750   4   1
Pudel1  45   1   1   2   1  26   1   1   1   1 BWL   5  48   2 648   2   1
Pudel1  45   1   1   2   1  26   1   1   1   1 BWL   5  49   6 722   6   1
Pudel1  45   1   1   2   1  26   1   1   1   1 BWL   5  50   3 879   3   1
Pudel1  45   1   1   2   1  26   1   1   1   1 BWL   5  51   2 719   2   1
Pudel1  45   1   1   2   1  26   1   1   1   1 BWL   5  52   4 878   4   1
Pudel1  45   1   1   2   1  26   1   1   1   1 BWL   5  53   5 549   5   1
Pudel1  45   1   1   2   1  26   1   1   1   1 BWL   5  54   1 716   1   1
Pudel1  45   1   1   2   1  26   1   1   1   1 BWL   5  55   2 736   2   1
Pudel1  45   1   1   2   1  26   1   1   1   1 BWL   5  56   4 737   4   1
Pudel1  45   1   1   2   1  26   1   1   1   1 BWL   5  57   1 776   1   1
Pudel1  45   1   1   2   1  26   1   1   1   1 BWL   5  58   5 750   5   1
Pudel1  45   1   1   2   1  26   1   1   1   1 BWL   5  59   4 806   4   1
Pudel1  45   1   1   2   1  26   1   1   1   1 BWL   5  60   2 1006   2   1
Pudel1  45   1   1   2   1  26   1   1   1   1 BWL   5  61   3 678   3   1
Pudel1  45   1   1   2   1  26   1   1   1   1 BWL   5  62   6 851   6   1
Pudel1  45   1   1   2   1  26   1   1   1   1 BWL   5  63   4 720   4   1
Pudel1  45   1   1   2   1  26   1   1   1   1 BWL   5  64   2 847   2   1
Pudel1  45   1   1   2   1  26   1   1   1   1 BWL   5  65   3 650   3   1
Pudel1  45   1   1   2   1  26   1   1   1   1 BWL   5  66   4 705   4   1
Pudel1  45   1   1   2   1  26   1   1   1   1 BWL   5  67   2 892   2   1
Pudel1  45   1   1   2   1  26   1   1   1   1 BWL   5  68   5 750   5   1
Pudel1  45   1   1   2   1  26   1   1   1   1 BWL   5  69   1 748   1   1
Pudel1  45   1   1   2   1  26   1   1   1   1 BWL   5  70   2 865   2   1
Pudel1  45   1   1   2   1  26   1   1   1   1 BWL   5  71   4 719   4   1
Pudel1  45   1   1   2   1  26   1   1   1   1 BWL   5  72   6 749   6   1
Pudel1  45   1   1   2   1  26   1   1   1   1 BWL   5  73   1 762   1   1
Pudel1  45   1   1   2   1  26   1   1   1   1 BWL   5  74   2 678   2   1
Pudel1  45   1   1   2   1  26   1   1   1   1 BWL   5  75   5 750   5   1
Pudel1  45   1   1   2   1  26   1   1   1   1 BWL   5  76   4 650   4   1
Pudel1  45   1   1   2   1  26   1   1   1   1 BWL   5  77   2 731   2   1
Pudel1  45   1   1   2   1  26   1   1   1   1 BWL   5  78   6 794   6   1
Pudel1  45   1   1   2   1  26   1   1   1   1 BWL   5  79   3 735   3   1
Pudel1  45   1   1   2   1  26   1   1   1   1 BWL   5  80   4 679   4   1
Pudel1  45   1   1   2   1  26   1   1   1   1 BWL   5  81   6 719   6   1
Pudel1  45   1   1   2   1  26   1   1   1   1 BWL   5  82   2 690   2   1
Pudel1  45   1   1   2   1  26   1   1   1   1 BWL   5  83   4 693   4   1
Pudel1  45   1   1   2   1  26   1   1   1   1 BWL   5  84   3 761   3   1
Pudel1  45   1   1   2   1  26   1   1   1   1 BWL   5  85   2 649   2   1
Pudel1  45   1   1   2   1  26   1   1   1   1 BWL   5  86   4 662   4   1
Pudel1  45   1   1   2   1  26   1   1   1   1 BWL   5  87   5 706   5   1
Pudel1  45   1   1   2   1  26   1   1   1   1 BWL   5  88   1 718   1   1
Pudel1  45   1   1   2   1  26   1   1   1   1 BWL   5  89   3 694   3   1
Pudel1  45   1   1   2   1  26   1   1   1   1 BWL   5  90   2 661   2   1
Pudel1  45   1   1   2   1  26   1   1   1   1 BWL   5  91   4 663   4   1
Pudel1  45   1   1   2   1  26   1   1   1   1 BWL   5  92   5 1023   5   1
Pudel1  45   1   1   2   1  26   1   1   1   1 BWL   5  93   2 1108   2   1
Pudel1  45   1   1   2   1  26   1   1   1   1 BWL   5  94   6 851   6   1
Pudel1  45   1   1   2   1  26   1   1   1   1 BWL   5  95   1 819   1   1
Pudel1  45   1   1   2   1  26   1   1   1   1 BWL   5  96   4 707   4   1
Pudel1  45   1   1   2   1  26   1   1   1   1 BWL   5  97   2 604   2   1
Pudel1  45   1   1   2   1  26   1   1   1   1 BWL   5  98   1 763   1   1
Pudel1  45   1   1   2   1  26   1   1   1   1 BWL   5  99   5 895   5   1
Pudel1  45   1   1   2   1  26   1   1   1   1 BWL   5 100   3 848   3   1
Pudel1  45   1   1   2   1  26   1   1   1   1 BWL   5 101   4 676   4   1
Pudel1  45   1   1   2   1  26   1   1   1   1 BWL   5 102   6 607   6   1
Pudel1  45   1   1   2   1  26   1   1   1   1 BWL   5 103   2 689   2   1
Pudel1  45   1   1   2   1  26   1   1   1   1 BWL   5 104   4 1325   4   1
Pudel1  45   1   1   2   1  26   1   1   1   1 BWL   5 105   3 878   3   1
Pudel1  45   1   1   2   1  26   1   1   1   1 BWL   5 106   2 617   2   1
Pudel1  45   1   1   2   1  26   1   1   1   1 BWL   5 107   4 808   4   1
Pudel1  45   1   1   2   1  26   1   1   1   1 BWL   5 108   6 763   6   1
Pudel1  45   1   1   2   1  26   1   1   1   1 BWL   5 109   1 747   1   1
Pudel1  45   1   1   2   1  26   1   1   1   1 BWL   5 110   4 836   4   1
Pudel1  45   1   1   2   1  26   1   1   1   1 BWL   5 111   2 1009   2   1
Pudel1  45   1   1   2   1  26   1   1   1   1 BWL   5 112   5 1006   5   1
Pudel1  45   1   1   2   1  26   1   1   1   1 BWL   5 113   4 649   4   1
Pudel1  45   1   1   2   1  26   1   1   1   1 BWL   5 114   1 778   1   1
Pudel1  45   1   1   2   1  26   1   1   1   1 BWL   5 115   2 822   2   1
Pudel1  45   1   1   2   1  26   1   1   1   1 BWL   5 116   4 878   4   1
Pudel1  45   1   1   2   1  26   1   1   1   1 BWL   5 117   6 707   6   1
Pudel1  45   1   1   2   1  26   1   1   1   1 BWL   5 118   2 762   2   1
Pudel1  45   1   1   2   1  26   1   1   1   1 BWL   5 119   3 750   3   1
Pudel1  45   1   1   2   1  26   1   1   1   1 BWL   5 120   5 722   5   1
Pudel1  45   1   1   2   1  26   1   1   1   1 BWL   5 121   4 688   4   1
Pudel1  45   1   1   2   1  26   1   1   1   1 BWL   5 122   3 721   3   1
Pudel1  45   1   1   2   1  26   1   1   1   1 BWL   5 123   2 662   2   1
Pudel1  45   1   1   2   1  26   1   1   1   1 BWL   5 124   4 880   4   1
Pudel1  45   1   1   2   1  26   1   1   1   1 BWL   5 125   6 692   6   1
Pudel1  45   1   1   2   1  26   1   1   1   1 BWL   5 126   1 761   1   1
Pudel1  45   1   1   2   1  26   1   1   1   1 BWL   5 127   5 938   5   1
Pudel1  45   1   1   2   1  26   1   1   1   1 BWL   5 128   2 689   2   1
Pudel1  45   1   1   2   1  26   1   1   1   1 BWL   5 129   6 823   6   1
Pudel1  45   1   1   2   1  26   1   1   1   1 BWL   5 130   4 891   4   1
Pudel1  45   1   1   2   1  26   1   1   1   1 BWL   5 131   2 835   2   1
Pudel1  45   1   1   2   1  26   1   1   1   1 BWL   5 132   3 778   3   1
Pudel1  45   1   1   2   1  26   1   1   1   1 BWL   5 133   4 707   4   1
Pudel1  45   1   1   2   1  26   1   1   1   1 BWL   5 134   1 633   1   1
Pudel1  45   1   1   2   1  26   1   1   1   1 BWL   5 135   2 690   2   1
Pudel1  45   1   1   2   1  26   1   1   1   1 BWL   5 136   5 1050   5   1
Pudel1  45   1   1   2   1  26   1   1   1   1 BWL   5 137   3 719   3   1
Pudel1  45   1   1   2   1  26   1   1   1   1 BWL   5 138   2 1008   2   1
Pudel1  45   1   1   2   1  26   1   1   1   1 BWL   5 139   4 534   4   1
Pudel1  45   1   1   2   1  26   1   1   1   1 BWL   5 140   1 719   1   1
Pudel1  45   1   1   2   1  26   1   1   1   1 BWL   5 141   2 722   2   1
Pudel1  45   1   1   2   1  26   1   1   1   1 BWL   5 142   4 994   4   1
Pudel1  45   1   1   2   1  26   1   1   1   1 BWL   5 143   6 677   6   1
Pudel1  45   1   1   2   1  26   1   1   1   1 BWL   5 144   5 778   5   1
Pudel1  45   1   1   2   1  26   1   1   1   1 BWL   6   1   2 830   2   1
Pudel1  45   1   1   2   1  26   1   1   1   1 BWL   6   2   6 693   6   1
Pudel1  45   1   1   2   1  26   1   1   1   1 BWL   6   3   4 1051   4   1
Pudel1  45   1   1   2   1  26   1   1   1   1 BWL   6   4   5 777   5   1
Pudel1  45   1   1   2   1  26   1   1   1   1 BWL   6   5   1 804   1   1
Pudel1  45   1   1   2   1  26   1   1   1   1 BWL   6   6   4 678   4   1
Pudel1  45   1   1   2   1  26   1   1   1   1 BWL   6   7   3 747   3   1
Pudel1  45   1   1   2   1  26   1   1   1   1 BWL   6   8   2 792   2   1
Pudel1  45   1   1   2   1  26   1   1   1   1 BWL   6   9   4 662   4   1
Pudel1  45   1   1   2   1  26   1   1   1   1 BWL   6  10   3 691   3   1
Pudel1  45   1   1   2   1  26   1   1   1   1 BWL   6  11   2 576   2   1
Pudel1  45   1   1   2   1  26   1   1   1   1 BWL   6  12   6 679   6   1
Pudel1  45   1   1   2   1  26   1   1   1   1 BWL   6  13   1 704   1   1
Pudel1  45   1   1   2   1  26   1   1   1   1 BWL   6  14   4 950   4   1
Pudel1  45   1   1   2   1  26   1   1   1   1 BWL   6  15   5 705   5   1
Pudel1  45   1   1   2   1  26   1   1   1   1 BWL   6  16   2 690   2   1
Pudel1  45   1   1   2   1  26   1   1   1   1 BWL   6  17   4 620   4   1
Pudel1  45   1   1   2   1  26   1   1   1   1 BWL   6  18   5 622   5   1
Pudel1  45   1   1   2   1  26   1   1   1   1 BWL   6  19   1 761   1   1
Pudel1  45   1   1   2   1  26   1   1   1   1 BWL   6  20   3 852   3   1
Pudel1  45   1   1   2   1  26   1   1   1   1 BWL   6  21   2 647   2   1
Pudel1  45   1   1   2   1  26   1   1   1   1 BWL   6  22   4 619   4   1
Pudel1  45   1   1   2   1  26   1   1   1   1 BWL   6  23   6 680   6   1
Pudel1  45   1   1   2   1  26   1   1   1   1 BWL   6  24   2 788   2   1
Pudel1  45   1   1   2   1  26   1   1   1   1 BWL   6  25   4 622   4   1
Pudel1  45   1   1   2   1  26   1   1   1   1 BWL   6  26   5 618   5   1
Pudel1  45   1   1   2   1  26   1   1   1   1 BWL   6  27   1 618   1   1
Pudel1  45   1   1   2   1  26   1   1   1   1 BWL   6  28   2 649   2   1
Pudel1  45   1   1   2   1  26   1   1   1   1 BWL   6  29   6 737   6   1
Pudel1  45   1   1   2   1  26   1   1   1   1 BWL   6  30   4 963   4   1
Pudel1  45   1   1   2   1  26   1   1   1   1 BWL   6  31   3 674   3   1
Pudel1  45   1   1   2   1  26   1   1   1   1 BWL   6  32   2 562   2   1
Pudel1  45   1   1   2   1  26   1   1   1   1 BWL   6  33   1 619   1   1
Pudel1  45   1   1   2   1  26   1   1   1   1 BWL   6  34   5 705   5   1
Pudel1  45   1   1   2   1  26   1   1   1   1 BWL   6  35   4 678   4   1
Pudel1  45   1   1   2   1  26   1   1   1   1 BWL   6  36   2 704   2   1
Pudel1  45   1   1   2   1  26   1   1   1   1 BWL   6  37   3 592   3   1
Pudel1  45   1   1   2   1  26   1   1   1   1 BWL   6  38   6 766   6   1
Pudel1  45   1   1   2   1  26   1   1   1   1 BWL   6  39   2 746   2   1
Pudel1  45   1   1   2   1  26   1   1   1   1 BWL   6  40   4 994   4   1
Pudel1  45   1   1   2   1  26   1   1   1   1 BWL   6  41   1 776   1   1
Pudel1  45   1   1   2   1  26   1   1   1   1 BWL   6  42   5 911   5   1
Pudel1  45   1   1   2   1  26   1   1   1   1 BWL   6  43   4 560   4   1
Pudel1  45   1   1   2   1  26   1   1   1   1 BWL   6  44   3 763   3   1
Pudel1  45   1   1   2   1  26   1   1   1   1 BWL   6  45   2 590   2   1
Pudel1  45   1   1   2   1  26   1   1   1   1 BWL   6  46   6 721   6   1
Pudel1  45   1   1   2   1  26   1   1   1   1 BWL   6  47   4 676   4   1
Pudel1  45   1   1   2   1  26   1   1   1   1 BWL   6  48   2 662   2   1
Pudel1  45   1   1   2   1  26   1   1   1   1 BWL   6  49   6 680   6   1
Pudel1  45   1   1   2   1  26   1   1   1   1 BWL   6  50   3 774   3   1
Pudel1  45   1   1   2   1  26   1   1   1   1 BWL   6  51   2 732   2   1
Pudel1  45   1   1   2   1  26   1   1   1   1 BWL   6  52   4 751   4   1
Pudel1  45   1   1   2   1  26   1   1   1   1 BWL   6  53   5 835   5   1
Pudel1  45   1   1   2   1  26   1   1   1   1 BWL   6  54   1 704   1   1
Pudel1  45   1   1   2   1  26   1   1   1   1 BWL   6  55   2 664   2   1
Pudel1  45   1   1   2   1  26   1   1   1   1 BWL   6  56   4 1094   4   1
Pudel1  45   1   1   2   1  26   1   1   1   1 BWL   6  57   1 847   1   1
Pudel1  45   1   1   2   1  26   1   1   1   1 BWL   6  58   5 766   5   1
Pudel1  45   1   1   2   1  26   1   1   1   1 BWL   6  59   4 690   4   1
Pudel1  45   1   1   2   1  26   1   1   1   1 BWL   6  60   2 619   2   1
Pudel1  45   1   1   2   1  26   1   1   1   1 BWL   6  61   3 635   3   1
Pudel1  45   1   1   2   1  26   1   1   1   1 BWL   6  62   6 749   6   1
Pudel1  45   1   1   2   1  26   1   1   1   1 BWL   6  63   4 647   4   1
Pudel1  45   1   1   2   1  26   1   1   1   1 BWL   6  64   2 647   2   1
Pudel1  45   1   1   2   1  26   1   1   1   1 BWL   6  65   3 635   3   1
Pudel1  45   1   1   2   1  26   1   1   1   1 BWL   6  66   4 662   4   1
Pudel1  45   1   1   2   1  26   1   1   1   1 BWL   6  67   2 765   2   1
Pudel1  45   1   1   2   1  26   1   1   1   1 BWL   6  68   5 806   5   1
Pudel1  45   1   1   2   1  26   1   1   1   1 BWL   6  69   1 832   1   1
Pudel1  45   1   1   2   1  26   1   1   1   1 BWL   6  70   2 835   2   1
Pudel1  45   1   1   2   1  26   1   1   1   1 BWL   6  71   4 693   4   1
Pudel1  45   1   1   2   1  26   1   1   1   1 BWL   6  72   6 950   6   1
Pudel1  45   1   1   2   1  26   1   1   1   1 BWL   6  73   1 747   1   1
Pudel1  45   1   1   2   1  26   1   1   1   1 BWL   6  74   2 721   2   1
Pudel1  45   1   1   2   1  26   1   1   1   1 BWL   6  75   5 765   5   1
Pudel1  45   1   1   2   1  26   1   1   1   1 BWL   6  76   4 591   4   1
Pudel1  45   1   1   2   1  26   1   1   1   1 BWL   6  77   2 604   2   1
Pudel1  45   1   1   2   1  26   1   1   1   1 BWL   6  78   6 808   6   1
Pudel1  45   1   1   2   1  26   1   1   1   1 BWL   6  79   3 820   3   1
Pudel1  45   1   1   2   1  26   1   1   1   1 BWL   6  80   5 593   4   0
Pudel1  45   1   1   2   1  26   1   1   1   1 BWL   6  81   6 1455   6   1
Pudel1  45   1   1   2   1  26   1   1   1   1 BWL   6  82   2 804   2   1
Pudel1  45   1   1   2   1  26   1   1   1   1 BWL   6  83   4 1010   4   1
Pudel1  45   1   1   2   1  26   1   1   1   1 BWL   6  84   3 575   3   1
Pudel1  45   1   1   2   1  26   1   1   1   1 BWL   6  85   3 777   2   0
Pudel1  45   1   1   2   1  26   1   1   1   1 BWL   6  86   4 751   4   1
Pudel1  45   1   1   2   1  26   1   1   1   1 BWL   6  87   5 721   5   1
Pudel1  45   1   1   2   1  26   1   1   1   1 BWL   6  88   1 877   1   1
Pudel1  45   1   1   2   1  26   1   1   1   1 BWL   6  89   3 1297   3   1
Pudel1  45   1   1   2   1  26   1   1   1   1 BWL   6  90   2 704   2   1
Pudel1  45   1   1   2   1  26   1   1   1   1 BWL   6  91   5 692   4   0
Pudel1  45   1   1   2   1  26   1   1   1   1 BWL   6  92   5 1010   5   1
Pudel1  45   1   1   2   1  26   1   1   1   1 BWL   6  93   2 1306   2   1
Pudel1  45   1   1   2   1  26   1   1   1   1 BWL   6  94   6 809   6   1
Pudel1  45   1   1   2   1  26   1   1   1   1 BWL   6  95   1 862   1   1
Pudel1  45   1   1   2   1  26   1   1   1   1 BWL   6  96   4 1296   4   1
Pudel1  45   1   1   2   1  26   1   1   1   1 BWL   6  97   2 906   2   1
Pudel1  45   1   1   2   1  26   1   1   1   1 BWL   6  98   1 937   1   1
Pudel1  45   1   1   2   1  26   1   1   1   1 BWL   6  99   5 836   5   1
Pudel1  45   1   1   2   1  26   1   1   1   1 BWL   6 100   3 1007   3   1
Pudel1  45   1   1   2   1  26   1   1   1   1 BWL   6 101   4 849   4   1
Pudel1  45   1   1   2   1  26   1   1   1   1 BWL   6 102   6 707   6   1
Pudel1  45   1   1   2   1  26   1   1   1   1 BWL   6 103   2 630   2   1
Pudel1  45   1   1   2   1  26   1   1   1   1 BWL   6 104   4 938   4   1
Pudel1  45   1   1   2   1  26   1   1   1   1 BWL   6 105   3 1137   3   1
Pudel1  45   1   1   2   1  26   1   1   1   1 BWL   6 106   2 749   2   1
Pudel1  45   1   1   2   1  26   1   1   1   1 BWL   6 107   4 780   4   1
Pudel1  45   1   1   2   1  26   1   1   1   1 BWL   6 108   6 805   6   1
Pudel1  45   1   1   2   1  26   1   1   1   1 BWL   6 109   1 632   1   1
Pudel1  45   1   1   2   1  26   1   1   1   1 BWL   6 110   4 765   4   1
Pudel1  45   1   1   2   1  26   1   1   1   1 BWL   6 111   2 733   2   1
Pudel1  45   1   1   2   1  26   1   1   1   1 BWL   6 112   5 723   5   1
Pudel1  45   1   1   2   1  26   1   1   1   1 BWL   6 113   4 661   4   1
Pudel1  45   1   1   2   1  26   1   1   1   1 BWL   6 114   1 877   1   1
Pudel1  45   1   1   2   1  26   1   1   1   1 BWL   6 115   2 837   2   1
Pudel1  45   1   1   2   1  26   1   1   1   1 BWL   6 116   4 764   4   1
Pudel1  45   1   1   2   1  26   1   1   1   1 BWL   6 117   6 765   6   1
Pudel1  45   1   1   2   1  26   1   1   1   1 BWL   6 118   2 1450   2   1
Pudel1  45   1   1   2   1  26   1   1   1   1 BWL   6 119   3 678   3   1
Pudel1  45   1   1   2   1  26   1   1   1   1 BWL   6 120   5 722   5   1
Pudel1  45   1   1   2   1  26   1   1   1   1 BWL   6 121   4 834   4   1
Pudel1  45   1   1   2   1  26   1   1   1   1 BWL   6 122   2 705   3   0
Pudel1  45   1   1   2   1  26   1   1   1   1 BWL   6 123   2 795   2   1
Pudel1  45   1   1   2   1  26   1   1   1   1 BWL   6 124   4 791   4   1
Pudel1  45   1   1   2   1  26   1   1   1   1 BWL   6 125   6 866   6   1
Pudel1  45   1   1   2   1  26   1   1   1   1 BWL   6 126   1 775   1   1
Pudel1  45   1   1   2   1  26   1   1   1   1 BWL   6 127   5 994   5   1
Pudel1  45   1   1   2   1  26   1   1   1   1 BWL   6 128   2 703   2   1
Pudel1  45   1   1   2   1  26   1   1   1   1 BWL   6 129   6 752   6   1
Pudel1  45   1   1   2   1  26   1   1   1   1 BWL   6 130   4 835   4   1
Pudel1  45   1   1   2   1  26   1   1   1   1 BWL   6 131   2 805   2   1
Pudel1  45   1   1   2   1  26   1   1   1   1 BWL   6 132   3 807   3   1
Pudel1  45   1   1   2   1  26   1   1   1   1 BWL   6 133   4 664   4   1
Pudel1  45   1   1   2   1  26   1   1   1   1 BWL   6 134   1 762   1   1
Pudel1  45   1   1   2   1  26   1   1   1   1 BWL   6 135   2 821   2   1
Pudel1  45   1   1   2   1  26   1   1   1   1 BWL   6 136   5 1210   5   1
Pudel1  45   1   1   2   1  26   1   1   1   1 BWL   6 137   3 761   3   1
Pudel1  45   1   1   2   1  26   1   1   1   1 BWL   6 138   2 690   2   1
Pudel1  45   1   1   2   1  26   1   1   1   1 BWL   6 139   4 793   4   1
Pudel1  45   1   1   2   1  26   1   1   1   1 BWL   6 140   1 735   1   1
Pudel1  45   1   1   2   1  26   1   1   1   1 BWL   6 141   2 648   2   1
Pudel1  45   1   1   2   1  26   1   1   1   1 BWL   6 142   4 849   4   1
Pudel1  45   1   1   2   1  26   1   1   1   1 BWL   6 143   6 766   6   1
Pudel1  45   1   1   2   1  26   1   1   1   1 BWL   6 144   5 763   5   1
Pudel1  45   1   1   2   1  26   1   1   1   1 BWL   7   1   1   4 2663   0   4   2   6   3   4   6   3
Pudel1  45   1   1   2   1  26   1   1   1   1 BWL   7   2   1   6 1193   0   4   6   2   4   3   2   3
Pudel1  45   1   1   2   1  26   1   1   1   1 BWL   7   3   1   5 593   0   4   6   2   4   3   2   4
Pudel1  45   1   1   2   1  26   1   1   1   1 BWL   7   4   1   1 573   0   3   4   6   2   4   3   4
Pudel1  45   1   1   2   1  26   1   1   1   1 BWL   7   5   1   2 693   0   2   5   4   2   6   3   4
Pudel1  45   1   1   2   1  26   1   1   1   1 BWL   7   6   1   3 883   0   4   2   6   3   4   6   5
Pudel1  45   1   1   2   1  26   1   1   1   1 BWL   7   7   1   6 943   0   3   4   6   2   4   3   4
Pudel1  45   1   1   2   1  26   1   1   1   1 BWL   7   8   1   5 403   0   2   5   4   2   6   3   3
Pudel1  45   1   1   2   1  26   1   1   1   1 BWL   7   9   1   2 953   0   2   5   4   2   6   3   5
Pudel1  45   1   1   2   1  26   1   1   1   1 BWL   7  10   1   1 923   0   1   2   5   4   2   6   3
Pudel1  45   1   1   2   1  26   1   1   1   1 BWL   7  11   1   6 433   0   4   2   6   3   4   6   4
Pudel1  45   1   1   2   1  26   1   1   1   1 BWL   7  12   1   5 783   0   2   5   4   2   6   3   4
Pudel1  45   1   1   2   1  26   1   1   1   1 BWL   7  13   1   3 643   0   1   2   5   4   2   6   5
Pudel1  45   1   1   2   1  26   1   1   1   1 BWL   7  14   1   2 894   0   4   2   6   3   4   6   3
Pudel1  45   1   1   2   1  26   1   1   1   1 BWL   7  15   1   4 713   0   2   5   4   2   6   3   3
Pudel1  45   1   1   2   1  26   1   1   1   1 BWL   7  16   1   6 1093   0   2   6   3   4   6   2   3
Pudel1  45   1   1   2   1  26   1   1   1   1 BWL   7  17   1   1 493   0   6   3   4   6   2   4   3
Pudel1  45   1   1   2   1  26   1   1   1   1 BWL   7  18   1   5 473   0   4   2   6   3   4   6   4
Pudel1  45   1   1   2   1  26   1   1   1   1 BWL   7  19   1   2 483   0   1   2   5   4   2   6   4
Pudel1  45   1   1   2   1  26   1   1   1   1 BWL   7  20   1   4 393   0   3   4   6   2   4   3   3
Pudel1  45   1   1   2   1  26   1   1   1   1 BWL   7  21   1   3 573   0   3   4   6   2   4   3   5
Pudel1  45   1   1   2   1  26   1   1   1   1 BWL   7  22   1   1 1083   0   3   4   6   2   4   3   3
Pudel1  45   1   1   2   1  26   1   1   1   1 BWL   7  23   1   6 953   0   5   4   2   6   3   4   5
Pudel1  45   1   1   2   1  26   1   1   1   1 BWL   7  24   1   5 594   0   6   3   4   6   2   4   5
Pudel1  45   1   1   2   1  26   1   1   1   1 BWL   7  25   1   2 553   0   3   4   6   2   4   3   3
Pudel1  45   1   1   2   1  26   1   1   1   1 BWL   7  26   1   4 673   0   4   6   2   4   3   2   5
Pudel1  45   1   1   2   1  26   1   1   1   1 BWL   7  27   1   1 463   0   3   4   6   2   4   3   5
Pudel1  45   1   1   2   1  26   1   1   1   1 BWL   7  28   1   6 1343   0   5   4   2   6   3   4   4
Pudel1  45   1   1   2   1  26   1   1   1   1 BWL   7  29   1   2 643   0   3   4   6   2   4   3   4
Pudel1  45   1   1   2   1  26   1   1   1   1 BWL   7  30   1   5 1133   0   1   2   5   4   2   6   5
Pudel1  45   1   1   2   1  26   1   1   1   1 BWL   7  31   1   3 643   0   6   3   4   6   2   4   4
Pudel1  45   1   1   2   1  26   1   1   1   1 BWL   7  32   1   5 1143   0   2   6   3   4   6   2   3
Pudel1  45   1   1   2   1  26   1   1   1   1 BWL   7  33   1   4 763   0   2   5   4   2   6   3   4
Pudel1  45   1   1   2   1  26   1   1   1   1 BWL   7  34   1   1 764   0   4   6   2   4   3   2   5
Pudel1  45   1   1   2   1  26   1   1   1   1 BWL   7  35   1   2 783   0   1   2   5   4   2   6   3
Pudel1  45   1   1   2   1  26   1   1   1   1 BWL   7  36   1   6 903   0   4   6   2   4   3   2   4
Pudel1  45   1   1   2   1  26   1   1   1   1 BWL   7  37   1   5 514   0   6   3   4   6   2   4   4
Pudel1  45   1   1   2   1  26   1   1   1   1 BWL   7  38   1   3 543   0   6   3   4   6   2   4   3
Pudel1  45   1   1   2   1  26   1   1   1   1 BWL   7  39   1   4 843   0   4   6   2   4   3   2   5
Pudel1  45   1   1   2   1  26   1   1   1   1 BWL   7  40   1   1 503   0   4   2   6   3   4   6   3
Pudel1  45   1   1   2   1  26   1   1   1   1 BWL   7  41   1   2 803   0   4   2   6   3   4   6   5
Pudel1  45   1   1   2   1  26   1   1   1   1 BWL   7  42   1   6 473   0   5   4   2   6   3   4   4
Pudel1  45   1   1   2   1  26   1   1   1   1 BWL   7  43   1   5 443   0   5   4   2   6   3   4   3
Pudel1  45   1   1   2   1  26   1   1   1   1 BWL   7  44   1   4 693   0   2   5   4   2   6   3   5
Pudel1  45   1   1   2   1  26   1   1   1   1 BWL   7  45   1   1 693   0   1   2   5   4   2   6   3
Pudel1  45   1   1   2   1  26   1   1   1   1 BWL   7  46   1   2 783   0   5   4   2   6   3   4   4
Pudel1  45   1   1   2   1  26   1   1   1   1 BWL   7  47   1   5 773   0   5   4   2   6   3   4   4
Pudel1  45   1   1   2   1  26   1   1   1   1 BWL   7  48   1   4 874   0   5   4   2   6   3   4   5
Pudel1  45   1   1   2   1  26   1   1   1   1 BWL   7  49   1   3 933   0   2   6   3   4   6   2   4
Pudel1  45   1   1   2   1  26   1   1   1   1 BWL   7  50   1   1 503   0   2   6   3   4   6   2   4
Pudel1  45   1   1   2   1  26   1   1   1   1 BWL   7  51   1   2 723   0   3   4   6   2   4   3   4
Pudel1  45   1   1   2   1  26   1   1   1   1 BWL   7  52   1   3 883   0   2   6   3   4   6   2   5
Pudel1  45   1   1   2   1  26   1   1   1   1 BWL   7  53   1   5 783   0   2   6   3   4   6   2   5
Pudel1  45   1   1   2   1  26   1   1   1   1 BWL   7  54   1   6 543   0   2   5   4   2   6   3   5
Pudel1  45   1   1   2   1  26   1   1   1   1 BWL   7  55   1   4 973   0   3   4   6   2   4   3   4
Pudel1  45   1   1   2   1  26   1   1   1   1 BWL   7  56   1   2 943   0   5   4   2   6   3   4   4
Pudel1  45   1   1   2   1  26   1   1   1   1 BWL   7  57   1   1 753   0   6   3   4   6   2   4   4
Pudel1  45   1   1   2   1  26   1   1   1   1 BWL   7  58   1   5 553   0   2   5   4   2   6   3   4
Pudel1  45   1   1   2   1  26   1   1   1   1 BWL   7  59   1   3 1033   0   5   4   2   6   3   4   5
Pudel1  45   1   1   2   1  26   1   1   1   1 BWL   7  60   1   5 573   0   4   6   2   4   3   2   4
Pudel1  45   1   1   2   1  26   1   1   1   1 BWL   7  61   1   1 1293   0   1   2   5   4   2   6   4
Pudel1  45   1   1   2   1  26   1   1   1   1 BWL   7  62   1   3 603   0   2   6   3   4   6   2   5
Pudel1  45   1   1   2   1  26   1   1   1   1 BWL   7  63   1   4 713   0   4   6   2   4   3   2   3
Pudel1  45   1   1   2   1  26   1   1   1   1 BWL   7  64   1   6 373   0   5   4   2   6   3   4   5
Pudel1  45   1   1   2   1  26   1   1   1   1 BWL   7  65   1   1 1053   0   2   6   3   4   6   2   3
Pudel1  45   1   1   2   1  26   1   1   1   1 BWL   7  66   1   4 453   0   3   4   6   2   4   3   3
Pudel1  45   1   1   2   1  26   1   1   1   1 BWL   7  67   1   1 863   0   4   2   6   3   4   6   5
Pudel1  45   1   1   2   1  26   1   1   1   1 BWL   7  68   1   2 633   0   4   2   6   3   4   6   4
Pudel1  45   1   1   2   1  26   1   1   1   1 BWL   7  69   1   5 613   0   4   6   2   4   3   2   4
Pudel1  45   1   1   2   1  26   1   1   1   1 BWL   7  70   1   6 693   0   4   2   6   3   4   6   5
Pudel1  45   1   1   2   1  26   1   1   1   1 BWL   7  71   1   1 775   0   6   3   4   6   2   4   3
Pudel1  45   1   1   2   1  26   1   1   1   1 BWL   7  72   1   5 723   0   6   3   4   6   2   4   3
Pudel1  45   1   1   2   1  26   1   1   1   1 BWL   7  73   1   3 493   0   2   5   4   2   6   3   3
Pudel1  45   1   1   2   1  26   1   1   1   1 BWL   7  74   1   2 1003   0   5   4   2   6   3   4   3
Pudel1  45   1   1   2   1  26   1   1   1   1 BWL   7  75   1   5 623   0   2   5   4   2   6   3   4
Pudel1  45   1   1   2   1  26   1   1   1   1 BWL   7  76   1   2 1443   0   4   6   2   4   3   2   3
Pudel1  45   1   1   2   1  26   1   1   1   1 BWL   7  77   1   6 403   0   2   6   3   4   6   2   4
Pudel1  45   1   1   2   1  26   1   1   1   1 BWL   7  78   1   2 713   0   5   4   2   6   3   4   5
Pudel1  45   1   1   2   1  26   1   1   1   1 BWL   7  79   1   4 953   0   1   2   5   4   2   6   5
Pudel1  45   1   1   2   1  26   1   1   1   1 BWL   7  80   1   5 1203   0   6   3   4   6   2   4   5
Pudel1  45   1   1   2   1  26   1   1   1   1 BWL   7  81   1   3 793   0   1   2   5   4   2   6   3
Pudel1  45   1   1   2   1  26   1   1   1   1 BWL   7  82   1   5 653   0   6   3   4   6   2   4   4
Pudel1  45   1   1   2   1  26   1   1   1   1 BWL   7  83   1   2 833   0   5   4   2   6   3   4   3
Pudel1  45   1   1   2   1  26   1   1   1   1 BWL   7  84   1   5 573   0   6   3   4   6   2   4   5
Pudel1  45   1   1   2   1  26   1   1   1   1 BWL   7  85   1   1 543   0   4   6   2   4   3   2   5
Pudel1  45   1   1   2   1  26   1   1   1   1 BWL   7  86   1   4 513   0   5   4   2   6   3   4   3
Pudel1  45   1   1   2   1  26   1   1   1   1 BWL   7  87   1   2 863   0   1   2   5   4   2   6   3
Pudel1  45   1   1   2   1  26   1   1   1   1 BWL   7  88   1   6 893   0   4   6   2   4   3   2   4
Pudel1  45   1   1   2   1  26   1   1   1   1 BWL   7  89   1   5 883   0   6   3   4   6   2   4   3
Pudel1  45   1   1   2   1  26   1   1   1   1 BWL   7  90   1   1 543   0   3   4   6   2   4   3   3
Pudel1  45   1   1   2   1  26   1   1   1   1 BWL   7  91   1   3 683   0   6   3   4   6   2   4   5
Pudel1  45   1   1   2   1  26   1   1   1   1 BWL   7  92   1   6 473   0   4   6   2   4   3   2   5
Pudel1  45   1   1   2   1  26   1   1   1   1 BWL   7  93   1   4 563   0   2   6   3   4   6   2   3
Pudel1  45   1   1   2   1  26   1   1   1   1 BWL   7  94   1   1 754   0   2   5   4   2   6   3   5
Pudel1  45   1   1   2   1  26   1   1   1   1 BWL   7  95   1   5 563   0   4   6   2   4   3   2   3
Pudel1  45   1   1   2   1  26   1   1   1   1 BWL   7  96   1   3 663   0   4   2   6   3   4   6   5
Pudel1  45   1   1   2   1  26   1   1   1   1 BWL   7  97   1   6 493   0   4   6   2   4   3   2   3
Pudel1  45   1   1   2   1  26   1   1   1   1 BWL   7  98   1   1 583   0   1   2   5   4   2   6   4
Pudel1  45   1   1   2   1  26   1   1   1   1 BWL   7  99   1   5 633   0   2   5   4   2   6   3   5
Pudel1  45   1   1   2   1  26   1   1   1   1 BWL   7 100   1   2 473   0   6   3   4   6   2   4   5
Pudel1  45   1   1   2   1  26   1   1   1   1 BWL   7 101   1   4 573   0   2   5   4   2   6   3   3
Pudel1  45   1   1   2   1  26   1   1   1   1 BWL   7 102   1   3 833   0   3   4   6   2   4   3   5
Pudel1  45   1   1   2   1  26   1   1   1   1 BWL   7 103   1   6 653   0   4   2   6   3   4   6   3
Pudel1  45   1   1   2   1  26   1   1   1   1 BWL   7 104   1   5 693   0   1   2   5   4   2   6   5
Pudel1  45   1   1   2   1  26   1   1   1   1 BWL   7 105   1   1 703   0   3   4   6   2   4   3   5
Pudel1  45   1   1   2   1  26   1   1   1   1 BWL   7 106   1   2 703   0   2   6   3   4   6   2   5
Pudel1  45   1   1   2   1  26   1   1   1   1 BWL   7 107   1   4 443   0   1   2   5   4   2   6   4
Pudel1  45   1   1   2   1  26   1   1   1   1 BWL   7 108   1   5 623   0   4   2   6   3   4   6   4
Pudel1  45   1   1   2   1  26   1   1   1   1 BWL   7 109   1   6 1393   0   4   2   6   3   4   6   4
Pudel1  45   1   1   2   1  26   1   1   1   1 BWL   7 110   1   2 903   0   1   2   5   4   2   6   5
Pudel1  45   1   1   2   1  26   1   1   1   1 BWL   7 111   1   1 623   0   2   6   3   4   6   2   4
Pudel1  45   1   1   2   1  26   1   1   1   1 BWL   7 112   1   5 463   0   2   6   3   4   6   2   3
Pudel1  45   1   1   2   1  26   1   1   1   1 BWL   7 113   1   6 393   0   1   2   5   4   2   6   4
Pudel1  45   1   1   2   1  26   1   1   1   1 BWL   7 114   1   4 533   0   2   6   3   4   6   2   5
Pudel1  45   1   1   2   1  26   1   1   1   1 BWL   7 115   1   3 713   0   3   4   6   2   4   3   5
Pudel1  45   1   1   2   1  26   1   1   1   1 BWL   7 116   1   2 533   0   2   6   3   4   6   2   4
Pudel1  45   1   1   2   1  26   1   1   1   1 BWL   7 117   1   6 633   0   5   4   2   6   3   4   3
Pudel1  45   1   1   2   1  26   1   1   1   1 BWL   7 118   1   5 483   0   4   2   6   3   4   6   3
Pudel1  45   1   1   2   1  26   1   1   1   1 BWL   7 119   1   1 513   0   2   5   4   2   6   3   3
Pudel1  45   1   1   2   1  26   1   1   1   1 BWL   7 120   1   4 883   0   6   3   4   6   2   4   4
Pudel1  45   1   1   2   1  26   1   1   1   1 BWL   8   1   1   5 2072   0   4   2   6   3   4   6   3
Pudel1  45   1   1   2   1  26   1   1   1   1 BWL   8   2   1   2 3954   0   4   6   2   4   3   2   3
Pudel1  45   1   1   2   1  26   1   1   1   1 BWL   8   3   1   4 1063   0   4   6   2   4   3   2   4
Pudel1  45   1   1   2   1  26   1   1   1   1 BWL   8   4   1   6 653   0   3   4   6   2   4   3   4
Pudel1  45   1   1   2   1  26   1   1   1   1 BWL   8   5   1   1 833   0   2   5   4   2   6   3   4
Pudel1  45   1   1   2   1  26   1   1   1   1 BWL   8   6   1   3 713   0   4   2   6   3   4   6   5
Pudel1  45   1   1   2   1  26   1   1   1   1 BWL   8   7   1   5 703   0   3   4   6   2   4   3   4
Pudel1  45   1   1   2   1  26   1   1   1   1 BWL   8   8   1   2 984   0   2   5   4   2   6   3   3
Pudel1  45   1   1   2   1  26   1   1   1   1 BWL   8   9   1   6 983   0   2   5   4   2   6   3   5
Pudel1  45   1   1   2   1  26   1   1   1   1 BWL   8  10   1   1 763   0   1   2   5   4   2   6   3
Pudel1  45   1   1   2   1  26   1   1   1   1 BWL   8  11   1   4 753   0   4   2   6   3   4   6   4
Pudel1  45   1   1   2   1  26   1   1   1   1 BWL   8  12   1   5 903   0   2   5   4   2   6   3   4
Pudel1  45   1   1   2   1  26   1   1   1   1 BWL   8  13   1   1 1184   0   1   2   5   4   2   6   5
Pudel1  45   1   1   2   1  26   1   1   1   1 BWL   8  14   1   2 443   0   4   2   6   3   4   6   3
Pudel1  45   1   1   2   1  26   1   1   1   1 BWL   8  15   1   6 843   0   2   5   4   2   6   3   3
Pudel1  45   1   1   2   1  26   1   1   1   1 BWL   8  16   1   3 794   0   2   6   3   4   6   2   3
Pudel1  45   1   1   2   1  26   1   1   1   1 BWL   8  17   1   1 933   0   6   3   4   6   2   4   3
Pudel1  45   1   1   2   1  26   1   1   1   1 BWL   8  18   1   5 663   0   4   2   6   3   4   6   4
Pudel1  45   1   1   2   1  26   1   1   1   1 BWL   8  19   1   2 1054   0   1   2   5   4   2   6   4
Pudel1  45   1   1   2   1  26   1   1   1   1 BWL   8  20   1   4 663   0   3   4   6   2   4   3   3
Pudel1  45   1   1   2   1  26   1   1   1   1 BWL   8  21   1   1 863   0   3   4   6   2   4   3   5
Pudel1  45   1   1   2   1  26   1   1   1   1 BWL   8  22   1   3 913   0   3   4   6   2   4   3   3
Pudel1  45   1   1   2   1  26   1   1   1   1 BWL   8  23   1   5 734   0   5   4   2   6   3   4   5
Pudel1  45   1   1   2   1  26   1   1   1   1 BWL   8  24   1   2 613   0   6   3   4   6   2   4   5
Pudel1  45   1   1   2   1  26   1   1   1   1 BWL   8  25   1   6 673   0   3   4   6   2   4   3   3
Pudel1  45   1   1   2   1  26   1   1   1   1 BWL   8  26   1   5 653   0   4   6   2   4   3   2   5
Pudel1  45   1   1   2   1  26   1   1   1   1 BWL   8  27   1   1 563   0   3   4   6   2   4   3   5
Pudel1  45   1   1   2   1  26   1   1   1   1 BWL   8  28   1   3 693   0   5   4   2   6   3   4   4
Pudel1  45   1   1   2   1  26   1   1   1   1 BWL   8  29   1   5 563   0   3   4   6   2   4   3   4
Pudel1  45   1   1   2   1  26   1   1   1   1 BWL   8  30   1   2 553   0   1   2   5   4   2   6   5
Pudel1  45   1   1   2   1  26   1   1   1   1 BWL   8  31   1   6 603   0   6   3   4   6   2   4   4
Pudel1  45   1   1   2   1  26   1   1   1   1 BWL   8  32   1   1 593   0   2   6   3   4   6   2   3
Pudel1  45   1   1   2   1  26   1   1   1   1 BWL   8  33   1   4 523   0   2   5   4   2   6   3   4
Pudel1  45   1   1   2   1  26   1   1   1   1 BWL   8  34   1   2 503   0   4   6   2   4   3   2   5
Pudel1  45   1   1   2   1  26   1   1   1   1 BWL   8  35   1   6 513   0   1   2   5   4   2   6   3
Pudel1  45   1   1   2   1  26   1   1   1   1 BWL   8  36   1   3 993   0   4   6   2   4   3   2   4
Pudel1  45   1   1   2   1  26   1   1   1   1 BWL   8  37   1   5 673   0   6   3   4   6   2   4   4
Pudel1  45   1   1   2   1  26   1   1   1   1 BWL   8  38   1   6 783   0   6   3   4   6   2   4   3
Pudel1  45   1   1   2   1  26   1   1   1   1 BWL   8  39   1   3 833   0   4   6   2   4   3   2   5
Pudel1  45   1   1   2   1  26   1   1   1   1 BWL   8  40   1   4 1053   0   4   2   6   3   4   6   3
Pudel1  45   1   1   2   1  26   1   1   1   1 BWL   8  41   1   1 473   0   4   2   6   3   4   6   5
Pudel1  45   1   1   2   1  26   1   1   1   1 BWL   8  42   1   2 553   0   5   4   2   6   3   4   4
Pudel1  45   1   1   2   1  26   1   1   1   1 BWL   8  43   1   6 813   0   5   4   2   6   3   4   3
Pudel1  45   1   1   2   1  26   1   1   1   1 BWL   8  44   1   4 483   0   2   5   4   2   6   3   5
Pudel1  45   1   1   2   1  26   1   1   1   1 BWL   8  45   1   2 553   0   1   2   5   4   2   6   3
Pudel1  45   1   1   2   1  26   1   1   1   1 BWL   8  46   1   3 923   0   5   4   2   6   3   4   4
Pudel1  45   1   1   2   1  26   1   1   1   1 BWL   8  47   1   5 533   0   5   4   2   6   3   4   4
Pudel1  45   1   1   2   1  26   1   1   1   1 BWL   8  48   1   6 493   0   5   4   2   6   3   4   5
Pudel1  45   1   1   2   1  26   1   1   1   1 BWL   8  49   1   1 713   0   2   6   3   4   6   2   4
Pudel1  45   1   1   2   1  26   1   1   1   1 BWL   8  50   1   5 514   0   2   6   3   4   6   2   4
Pudel1  45   1   1   2   1  26   1   1   1   1 BWL   8  51   1   2 493   0   3   4   6   2   4   3   4
Pudel1  45   1   1   2   1  26   1   1   1   1 BWL   8  52   1   3 633   0   2   6   3   4   6   2   5
Pudel1  45   1   1   2   1  26   1   1   1   1 BWL   8  53   1   6 443   0   2   6   3   4   6   2   5
Pudel1  45   1   1   2   1  26   1   1   1   1 BWL   8  54   1   1 563   0   2   5   4   2   6   3   5
Pudel1  45   1   1   2   1  26   1   1   1   1 BWL   8  55   1   2 893   0   3   4   6   2   4   3   4
Pudel1  45   1   1   2   1  26   1   1   1   1 BWL   8  56   1   5 403   0   5   4   2   6   3   4   4
Pudel1  45   1   1   2   1  26   1   1   1   1 BWL   8  57   1   4 793   0   6   3   4   6   2   4   4
Pudel1  45   1   1   2   1  26   1   1   1   1 BWL   8  58   1   6 523   0   2   5   4   2   6   3   4
Pudel1  45   1   1   2   1  26   1   1   1   1 BWL   8  59   1   3 463   0   5   4   2   6   3   4   5
Pudel1  45   1   1   2   1  26   1   1   1   1 BWL   8  60   1   2 753   0   4   6   2   4   3   2   4
Pudel1  45   1   1   2   1  26   1   1   1   1 BWL   8  61   1   6 893   0   1   2   5   4   2   6   4
Pudel1  45   1   1   2   1  26   1   1   1   1 BWL   8  62   1   1 503   0   2   6   3   4   6   2   5
Pudel1  45   1   1   2   1  26   1   1   1   1 BWL   8  63   1   4 553   0   4   6   2   4   3   2   3
Pudel1  45   1   1   2   1  26   1   1   1   1 BWL   8  64   1   2 623   0   5   4   2   6   3   4   5
Pudel1  45   1   1   2   1  26   1   1   1   1 BWL   8  65   1   6 493   0   2   6   3   4   6   2   3
Pudel1  45   1   1   2   1  26   1   1   1   1 BWL   8  66   1   3 703   0   3   4   6   2   4   3   3
Pudel1  45   1   1   2   1  26   1   1   1   1 BWL   8  67   1   5 403   0   4   2   6   3   4   6   5
Pudel1  45   1   1   2   1  26   1   1   1   1 BWL   8  68   1   2 493   0   4   2   6   3   4   6   4
Pudel1  45   1   1   2   1  26   1   1   1   1 BWL   8  69   1   4 383   0   4   6   2   4   3   2   4
Pudel1  45   1   1   2   1  26   1   1   1   1 BWL   8  70   1   1 573   0   4   2   6   3   4   6   5
Pudel1  45   1   1   2   1  26   1   1   1   1 BWL   8  71   1   2 693   0   6   3   4   6   2   4   3
Pudel1  45   1   1   2   1  26   1   1   1   1 BWL   8  72   1   5 353   0   6   3   4   6   2   4   3
Pudel1  45   1   1   2   1  26   1   1   1   1 BWL   8  73   1   6 433   0   2   5   4   2   6   3   3
Pudel1  45   1   1   2   1  26   1   1   1   1 BWL   8  74   1   3 493   0   5   4   2   6   3   4   3
Pudel1  45   1   1   2   1  26   1   1   1   1 BWL   8  75   1   4 603   0   2   5   4   2   6   3   4
Pudel1  45   1   1   2   1  26   1   1   1   1 BWL   8  76   1   2 673   0   4   6   2   4   3   2   3
Pudel1  45   1   1   2   1  26   1   1   1   1 BWL   8  77   1   6 613   0   2   6   3   4   6   2   4
Pudel1  45   1   1   2   1  26   1   1   1   1 BWL   8  78   1   5 483   0   5   4   2   6   3   4   5
Pudel1  45   1   1   2   1  26   1   1   1   1 BWL   8  79   1   2 733   0   1   2   5   4   2   6   5
Pudel1  45   1   1   2   1  26   1   1   1   1 BWL   8  80   1   1 313   0   6   3   4   6   2   4   5
Pudel1  45   1   1   2   1  26   1   1   1   1 BWL   8  81   1   4 694   0   1   2   5   4   2   6   3
Pudel1  45   1   1   2   1  26   1   1   1   1 BWL   8  82   1   2 663   0   6   3   4   6   2   4   4
Pudel1  45   1   1   2   1  26   1   1   1   1 BWL   8  83   1   6 473   0   5   4   2   6   3   4   3
Pudel1  45   1   1   2   1  26   1   1   1   1 BWL   8  84   1   2 593   0   6   3   4   6   2   4   5
Pudel1  45   1   1   2   1  26   1   1   1   1 BWL   8  85   1   4 413   0   4   6   2   4   3   2   5
Pudel1  45   1   1   2   1  26   1   1   1   1 BWL   8  86   1   3 743   0   5   4   2   6   3   4   3
Pudel1  45   1   1   2   1  26   1   1   1   1 BWL   8  87   1   5 413   0   1   2   5   4   2   6   3
Pudel1  45   1   1   2   1  26   1   1   1   1 BWL   8  88   1   6 513   0   4   6   2   4   3   2   4
Pudel1  45   1   1   2   1  26   1   1   1   1 BWL   8  89   1   2 633   0   6   3   4   6   2   4   3
Pudel1  45   1   1   2   1  26   1   1   1   1 BWL   8  90   1   1 473   0   3   4   6   2   4   3   3
Pudel1  45   1   1   2   1  26   1   1   1   1 BWL   8  91   1   5 613   0   6   3   4   6   2   4   5
Pudel1  45   1   1   2   1  26   1   1   1   1 BWL   8  92   1   2 463   0   4   6   2   4   3   2   5
Pudel1  45   1   1   2   1  26   1   1   1   1 BWL   8  93   1   4 323   0   2   6   3   4   6   2   3
Pudel1  45   1   1   2   1  26   1   1   1   1 BWL   8  94   1   3 693   0   2   5   4   2   6   3   5
Pudel1  45   1   1   2   1  26   1   1   1   1 BWL   8  95   1   6 343   0   4   6   2   4   3   2   3
Pudel1  45   1   1   2   1  26   1   1   1   1 BWL   8  96   1   3 843   0   4   2   6   3   4   6   5
Pudel1  45   1   1   2   1  26   1   1   1   1 BWL   8  97   1   4 443   0   4   6   2   4   3   2   3
Pudel1  45   1   1   2   1  26   1   1   1   1 BWL   8  98   1   2 433   0   1   2   5   4   2   6   4
Pudel1  45   1   1   2   1  26   1   1   1   1 BWL   8  99   1   6 493   0   2   5   4   2   6   3   5
Pudel1  45   1   1   2   1  26   1   1   1   1 BWL   8 100   1   2 493   0   6   3   4   6   2   4   5
Pudel1  45   1   1   2   1  26   1   1   1   1 BWL   8 101   1   5 563   0   2   5   4   2   6   3   3
Pudel1  45   1   1   2   1  26   1   1   1   1 BWL   8 102   1   1 483   0   3   4   6   2   4   3   5
Pudel1  45   1   1   2   1  26   1   1   1   1 BWL   8 103   1   2 473   0   4   2   6   3   4   6   3
Pudel1  45   1   1   2   1  26   1   1   1   1 BWL   8 104   1   4 453   0   1   2   5   4   2   6   5
Pudel1  45   1   1   2   1  26   1   1   1   1 BWL   8 105   1   2 693   0   3   4   6   2   4   3   5
Pudel1  45   1   1   2   1  26   1   1   1   1 BWL   8 106   1   6 373   0   2   6   3   4   6   2   5
Pudel1  45   1   1   2   1  26   1   1   1   1 BWL   8 107   1   2 593   0   1   2   5   4   2   6   4
Pudel1  45   1   1   2   1  26   1   1   1   1 BWL   8 108   1   1 413   0   4   2   6   3   4   6   4
Pudel1  45   1   1   2   1  26   1   1   1   1 BWL   8 109   1   5 543   0   4   2   6   3   4   6   4
Pudel1  45   1   1   2   1  26   1   1   1   1 BWL   8 110   1   2 493   0   1   2   5   4   2   6   5
Pudel1  45   1   1   2   1  26   1   1   1   1 BWL   8 111   1   5 523   0   2   6   3   4   6   2   4
Pudel1  45   1   1   2   1  26   1   1   1   1 BWL   8 112   1   3 423   0   2   6   3   4   6   2   3
Pudel1  45   1   1   2   1  26   1   1   1   1 BWL   8 113   1   4 393   0   1   2   5   4   2   6   4
Pudel1  45   1   1   2   1  26   1   1   1   1 BWL   8 114   1   2 584   0   2   6   3   4   6   2   5
Pudel1  45   1   1   2   1  26   1   1   1   1 BWL   8 115   1   1 413   0   3   4   6   2   4   3   5
Pudel1  45   1   1   2   1  26   1   1   1   1 BWL   8 116   1   4 463   0   2   6   3   4   6   2   4
Pudel1  45   1   1   2   1  26   1   1   1   1 BWL   8 117   1   1 563   0   5   4   2   6   3   4   3
Pudel1  45   1   1   2   1  26   1   1   1   1 BWL   8 118   1   5 393   0   4   2   6   3   4   6   3
Pudel1  45   1   1   2   1  26   1   1   1   1 BWL   8 119   1   2 433   0   2   5   4   2   6   3   3
Pudel1  45   1   1   2   1  26   1   1   1   1 BWL   8 120   1   6 593   0   6   3   4   6   2   4   4
