Pudel1  66   1   2   2   1  25   1   1   1   1 SOWI   1   1   5 1019   5   1
Pudel1  66   1   2   2   1  25   1   1   1   1 SOWI   1   2   6 720   6   1
Pudel1  66   1   2   2   1  25   1   1   1   1 SOWI   1   3   3 978   3   1
Pudel1  66   1   2   2   1  25   1   1   1   1 SOWI   1   4   4 1252   4   1
Pudel1  66   1   2   2   1  25   1   1   1   1 SOWI   1   5   6 751   6   1
Pudel1  66   1   2   2   1  25   1   1   1   1 SOWI   1   6   2 978   2   1
Pudel1  66   1   2   2   1  25   1   1   1   1 SOWI   1   7   3 736   3   1
Pudel1  66   1   2   2   1  25   1   1   1   1 SOWI   1   8   1 720   1   1
Pudel1  66   1   2   2   1  25   1   1   1   1 SOWI   1   9   6 824   6   1
Pudel1  66   1   2   2   1  25   1   1   1   1 SOWI   1  10   3 1064   3   1
Pudel1  66   1   2   2   1  25   1   1   1   1 SOWI   1  11   4 1110   4   1
Pudel1  66   1   2   2   1  25   1   1   1   1 SOWI   1  12   2 834   2   1
Pudel1  66   1   2   2   1  25   1   1   1   1 SOWI   1  13   3 720   3   1
Pudel1  66   1   2   2   1  25   1   1   1   1 SOWI   1  14   1 677   1   1
Pudel1  66   1   2   2   1  25   1   1   1   1 SOWI   1  15   6 1010   6   1
Pudel1  66   1   2   2   1  25   1   1   1   1 SOWI   1  16   5 748   5   1
Pudel1  66   1   2   2   1  25   1   1   1   1 SOWI   1  17   3 877   3   1
Pudel1  66   1   2   2   1  25   1   1   1   1 SOWI   1  18   2 678   2   1
Pudel1  66   1   2   2   1  25   1   1   1   1 SOWI   1  19   1 690   1   1
Pudel1  66   1   2   2   1  25   1   1   1   1 SOWI   1  20   4 895   4   1
Pudel1  66   1   2   2   1  25   1   1   1   1 SOWI   1  21   6 706   6   1
Pudel1  66   1   2   2   1  25   1   1   1   1 SOWI   1  22   5 764   5   1
Pudel1  66   1   2   2   1  25   1   1   1   1 SOWI   1  23   3 891   3   1
Pudel1  66   1   2   2   1  25   1   1   1   1 SOWI   1  24   6 751   6   1
Pudel1  66   1   2   2   1  25   1   1   1   1 SOWI   1  25   4 950   4   1
Pudel1  66   1   2   2   1  25   1   1   1   1 SOWI   1  26   2 1238   2   1
Pudel1  66   1   2   2   1  25   1   1   1   1 SOWI   1  27   6 1066   6   1
Pudel1  66   1   2   2   1  25   1   1   1   1 SOWI   1  28   3 906   3   1
Pudel1  66   1   2   2   1  25   1   1   1   1 SOWI   1  29   1 907   1   1
Pudel1  66   1   2   2   1  25   1   1   1   1 SOWI   1  30   6 824   6   1
Pudel1  66   1   2   2   1  25   1   1   1   1 SOWI   1  31   3 979   3   1
Pudel1  66   1   2   2   1  25   1   1   1   1 SOWI   1  32   5 706   5   1
Pudel1  66   1   2   2   1  25   1   1   1   1 SOWI   1  33   6 679   6   1
Pudel1  66   1   2   2   1  25   1   1   1   1 SOWI   1  34   3 963   3   1
Pudel1  66   1   2   2   1  25   1   1   1   1 SOWI   1  35   4 909   4   1
Pudel1  66   1   2   2   1  25   1   1   1   1 SOWI   1  36   1 806   1   1
Pudel1  66   1   2   2   1  25   1   1   1   1 SOWI   1  37   4 808   5   0
Pudel1  66   1   2   2   1  25   1   1   1   1 SOWI   1  38   6 1785   6   1
Pudel1  66   1   2   2   1  25   1   1   1   1 SOWI   1  39   3 963   3   1
Pudel1  66   1   2   2   1  25   1   1   1   1 SOWI   1  40   2 907   2   1
Pudel1  66   1   2   2   1  25   1   1   1   1 SOWI   1  41   6 1111   6   1
Pudel1  66   1   2   2   1  25   1   1   1   1 SOWI   1  42   3 1023   3   1
Pudel1  66   1   2   2   1  25   1   1   1   1 SOWI   1  43   5 807   5   1
Pudel1  66   1   2   2   1  25   1   1   1   1 SOWI   1  44   1 893   1   1
Pudel1  66   1   2   2   1  25   1   1   1   1 SOWI   1  45   6 793   6   1
Pudel1  66   1   2   2   1  25   1   1   1   1 SOWI   1  46   2 1093   2   1
Pudel1  66   1   2   2   1  25   1   1   1   1 SOWI   1  47   3 835   3   1
Pudel1  66   1   2   2   1  25   1   1   1   1 SOWI   1  48   4 980   4   1
Pudel1  66   1   2   2   1  25   1   1   1   1 SOWI   1  49   6 708   6   1
Pudel1  66   1   2   2   1  25   1   1   1   1 SOWI   1  50   5 706   5   1
Pudel1  66   1   2   2   1  25   1   1   1   1 SOWI   1  51   3 1136   3   1
Pudel1  66   1   2   2   1  25   1   1   1   1 SOWI   1  52   1 675   1   1
Pudel1  66   1   2   2   1  25   1   1   1   1 SOWI   1  53   4 937   4   1
Pudel1  66   1   2   2   1  25   1   1   1   1 SOWI   1  54   2 850   2   1
Pudel1  66   1   2   2   1  25   1   1   1   1 SOWI   1  55   6 723   6   1
Pudel1  66   1   2   2   1  25   1   1   1   1 SOWI   1  56   3 820   3   1
Pudel1  66   1   2   2   1  25   1   1   1   1 SOWI   1  57   2 735   2   1
Pudel1  66   1   2   2   1  25   1   1   1   1 SOWI   1  58   5 850   5   1
Pudel1  66   1   2   2   1  25   1   1   1   1 SOWI   1  59   3 821   3   1
Pudel1  66   1   2   2   1  25   1   1   1   1 SOWI   1  60   4 935   4   1
Pudel1  66   1   2   2   1  25   1   1   1   1 SOWI   1  61   6 664   6   1
Pudel1  66   1   2   2   1  25   1   1   1   1 SOWI   1  62   3 920   3   1
Pudel1  66   1   2   2   1  25   1   1   1   1 SOWI   1  63   1 721   1   1
Pudel1  66   1   2   2   1  25   1   1   1   1 SOWI   1  64   6 750   6   1
Pudel1  66   1   2   2   1  25   1   1   1   1 SOWI   1  65   3 806   3   1
Pudel1  66   1   2   2   1  25   1   1   1   1 SOWI   1  66   5 807   5   1
Pudel1  66   1   2   2   1  25   1   1   1   1 SOWI   1  67   1 705   1   1
Pudel1  66   1   2   2   1  25   1   1   1   1 SOWI   1  68   6 737   6   1
Pudel1  66   1   2   2   1  25   1   1   1   1 SOWI   1  69   2 1020   2   1
Pudel1  66   1   2   2   1  25   1   1   1   1 SOWI   1  70   3 1024   3   1
Pudel1  66   1   2   2   1  25   1   1   1   1 SOWI   1  71   4 965   4   1
Pudel1  66   1   2   2   1  25   1   1   1   1 SOWI   1  72   6 735   6   1
Pudel1  66   1   2   2   1  25   1   1   1   1 SOWI   1  73   5 706   5   1
Pudel1  66   1   2   2   1  25   1   1   1   1 SOWI   1  74   4 1005   4   1
Pudel1  66   1   2   2   1  25   1   1   1   1 SOWI   1  75   3 836   3   1
Pudel1  66   1   2   2   1  25   1   1   1   1 SOWI   1  76   6 851   6   1
Pudel1  66   1   2   2   1  25   1   1   1   1 SOWI   1  77   1 747   1   1
Pudel1  66   1   2   2   1  25   1   1   1   1 SOWI   1  78   3 837   3   1
Pudel1  66   1   2   2   1  25   1   1   1   1 SOWI   1  79   2 734   2   1
Pudel1  66   1   2   2   1  25   1   1   1   1 SOWI   1  80   6 764   6   1
Pudel1  66   1   2   2   1  25   1   1   1   1 SOWI   1  81   3 807   3   1
Pudel1  66   1   2   2   1  25   1   1   1   1 SOWI   1  82   5 823   5   1
Pudel1  66   1   2   2   1  25   1   1   1   1 SOWI   1  83   6 749   6   1
Pudel1  66   1   2   2   1  25   1   1   1   1 SOWI   1  84   3 849   3   1
Pudel1  66   1   2   2   1  25   1   1   1   1 SOWI   1  85   2 691   2   1
Pudel1  66   1   2   2   1  25   1   1   1   1 SOWI   1  86   1 665   1   1
Pudel1  66   1   2   2   1  25   1   1   1   1 SOWI   1  87   6 649   6   1
Pudel1  66   1   2   2   1  25   1   1   1   1 SOWI   1  88   4 749   4   1
Pudel1  66   1   2   2   1  25   1   1   1   1 SOWI   1  89   3 777   3   1
Pudel1  66   1   2   2   1  25   1   1   1   1 SOWI   1  90   6 736   6   1
Pudel1  66   1   2   2   1  25   1   1   1   1 SOWI   1  91   1 834   1   1
Pudel1  66   1   2   2   1  25   1   1   1   1 SOWI   1  92   3 824   3   1
Pudel1  66   1   2   2   1  25   1   1   1   1 SOWI   1  93   5 808   5   1
Pudel1  66   1   2   2   1  25   1   1   1   1 SOWI   1  94   4 864   4   1
Pudel1  66   1   2   2   1  25   1   1   1   1 SOWI   1  95   6 650   6   1
Pudel1  66   1   2   2   1  25   1   1   1   1 SOWI   1  96   2 848   2   1
Pudel1  66   1   2   2   1  25   1   1   1   1 SOWI   1  97   3 735   3   1
Pudel1  66   1   2   2   1  25   1   1   1   1 SOWI   1  98   6 694   6   1
Pudel1  66   1   2   2   1  25   1   1   1   1 SOWI   1  99   1 805   1   1
Pudel1  66   1   2   2   1  25   1   1   1   1 SOWI   1 100   5 823   5   1
Pudel1  66   1   2   2   1  25   1   1   1   1 SOWI   1 101   3 776   3   1
Pudel1  66   1   2   2   1  25   1   1   1   1 SOWI   1 102   2 850   2   1
Pudel1  66   1   2   2   1  25   1   1   1   1 SOWI   1 103   4 894   4   1
Pudel1  66   1   2   2   1  25   1   1   1   1 SOWI   1 104   6 664   6   1
Pudel1  66   1   2   2   1  25   1   1   1   1 SOWI   1 105   2 763   2   1
Pudel1  66   1   2   2   1  25   1   1   1   1 SOWI   1 106   3 648   3   1
Pudel1  66   1   2   2   1  25   1   1   1   1 SOWI   1 107   4 836   4   1
Pudel1  66   1   2   2   1  25   1   1   1   1 SOWI   1 108   1 777   1   1
Pudel1  66   1   2   2   1  25   1   1   1   1 SOWI   1 109   6 722   6   1
Pudel1  66   1   2   2   1  25   1   1   1   1 SOWI   1 110   3 850   3   1
Pudel1  66   1   2   2   1  25   1   1   1   1 SOWI   1 111   5 880   5   1
Pudel1  66   1   2   2   1  25   1   1   1   1 SOWI   1 112   6 1109   6   1
Pudel1  66   1   2   2   1  25   1   1   1   1 SOWI   1 113   3 1006   3   1
Pudel1  66   1   2   2   1  25   1   1   1   1 SOWI   1 114   4 881   4   1
Pudel1  66   1   2   2   1  25   1   1   1   1 SOWI   1 115   6 821   6   1
Pudel1  66   1   2   2   1  25   1   1   1   1 SOWI   1 116   4 1036   3   0
Pudel1  66   1   2   2   1  25   1   1   1   1 SOWI   1 117   1 879   1   1
Pudel1  66   1   2   2   1  25   1   1   1   1 SOWI   1 118   2 878   2   1
Pudel1  66   1   2   2   1  25   1   1   1   1 SOWI   1 119   5 1125   5   1
Pudel1  66   1   2   2   1  25   1   1   1   1 SOWI   1 120   6 620   6   1
Pudel1  66   1   2   2   1  25   1   1   1   1 SOWI   1 121   2 835   2   1
Pudel1  66   1   2   2   1  25   1   1   1   1 SOWI   1 122   3 792   3   1
Pudel1  66   1   2   2   1  25   1   1   1   1 SOWI   1 123   6 708   6   1
Pudel1  66   1   2   2   1  25   1   1   1   1 SOWI   1 124   4 1323   4   1
Pudel1  66   1   2   2   1  25   1   1   1   1 SOWI   1 125   5 762   5   1
Pudel1  66   1   2   2   1  25   1   1   1   1 SOWI   1 126   6 1123   6   1
Pudel1  66   1   2   2   1  25   1   1   1   1 SOWI   1 127   1 691   1   1
Pudel1  66   1   2   2   1  25   1   1   1   1 SOWI   1 128   3 894   3   1
Pudel1  66   1   2   2   1  25   1   1   1   1 SOWI   1 129   6 678   6   1
Pudel1  66   1   2   2   1  25   1   1   1   1 SOWI   1 130   2 992   2   1
Pudel1  66   1   2   2   1  25   1   1   1   1 SOWI   1 131   3 849   3   1
Pudel1  66   1   2   2   1  25   1   1   1   1 SOWI   1 132   6 650   6   1
Pudel1  66   1   2   2   1  25   1   1   1   1 SOWI   1 133   1 805   1   1
Pudel1  66   1   2   2   1  25   1   1   1   1 SOWI   1 134   3 723   3   1
Pudel1  66   1   2   2   1  25   1   1   1   1 SOWI   1 135   5 778   5   1
Pudel1  66   1   2   2   1  25   1   1   1   1 SOWI   1 136   4 763   4   1
Pudel1  66   1   2   2   1  25   1   1   1   1 SOWI   1 137   6 664   6   1
Pudel1  66   1   2   2   1  25   1   1   1   1 SOWI   1 138   1 804   1   1
Pudel1  66   1   2   2   1  25   1   1   1   1 SOWI   1 139   3 736   3   1
Pudel1  66   1   2   2   1  25   1   1   1   1 SOWI   1 140   6 722   6   1
Pudel1  66   1   2   2   1  25   1   1   1   1 SOWI   1 141   5 779   5   1
Pudel1  66   1   2   2   1  25   1   1   1   1 SOWI   1 142   4 747   4   1
Pudel1  66   1   2   2   1  25   1   1   1   1 SOWI   1 143   3 952   3   1
Pudel1  66   1   2   2   1  25   1   1   1   1 SOWI   1 144   2 734   2   1
Pudel1  66   1   2   2   1  25   1   1   1   1 SOWI   2   1   5 991   5   1
Pudel1  66   1   2   2   1  25   1   1   1   1 SOWI   2   2   6 649   6   1
Pudel1  66   1   2   2   1  25   1   1   1   1 SOWI   2   3   3 934   3   1
Pudel1  66   1   2   2   1  25   1   1   1   1 SOWI   2   4   4 1210   4   1
Pudel1  66   1   2   2   1  25   1   1   1   1 SOWI   2   5   6 764   6   1
Pudel1  66   1   2   2   1  25   1   1   1   1 SOWI   2   6   2 876   2   1
Pudel1  66   1   2   2   1  25   1   1   1   1 SOWI   2   7   3 896   3   1
Pudel1  66   1   2   2   1  25   1   1   1   1 SOWI   2   8   1 762   1   1
Pudel1  66   1   2   2   1  25   1   1   1   1 SOWI   2   9   6 722   6   1
Pudel1  66   1   2   2   1  25   1   1   1   1 SOWI   2  10   3 777   3   1
Pudel1  66   1   2   2   1  25   1   1   1   1 SOWI   2  11   4 922   4   1
Pudel1  66   1   2   2   1  25   1   1   1   1 SOWI   2  12   2 850   2   1
Pudel1  66   1   2   2   1  25   1   1   1   1 SOWI   2  13   3 994   3   1
Pudel1  66   1   2   2   1  25   1   1   1   1 SOWI   2  14   1 663   1   1
Pudel1  66   1   2   2   1  25   1   1   1   1 SOWI   2  15   6 708   6   1
Pudel1  66   1   2   2   1  25   1   1   1   1 SOWI   2  16   5 693   5   1
Pudel1  66   1   2   2   1  25   1   1   1   1 SOWI   2  17   3 763   3   1
Pudel1  66   1   2   2   1  25   1   1   1   1 SOWI   2  18   2 676   2   1
Pudel1  66   1   2   2   1  25   1   1   1   1 SOWI   2  19   1 706   1   1
Pudel1  66   1   2   2   1  25   1   1   1   1 SOWI   2  20   4 867   4   1
Pudel1  66   1   2   2   1  25   1   1   1   1 SOWI   2  21   6 678   6   1
Pudel1  66   1   2   2   1  25   1   1   1   1 SOWI   2  22   5 963   5   1
Pudel1  66   1   2   2   1  25   1   1   1   1 SOWI   2  23   3 863   3   1
Pudel1  66   1   2   2   1  25   1   1   1   1 SOWI   2  24   6 794   6   1
Pudel1  66   1   2   2   1  25   1   1   1   1 SOWI   2  25   4 864   4   1
Pudel1  66   1   2   2   1  25   1   1   1   1 SOWI   2  26   2 834   2   1
Pudel1  66   1   2   2   1  25   1   1   1   1 SOWI   2  27   6 751   6   1
Pudel1  66   1   2   2   1  25   1   1   1   1 SOWI   2  28   3 777   3   1
Pudel1  66   1   2   2   1  25   1   1   1   1 SOWI   2  29   1 721   1   1
Pudel1  66   1   2   2   1  25   1   1   1   1 SOWI   2  30   6 736   6   1
Pudel1  66   1   2   2   1  25   1   1   1   1 SOWI   2  31   3 936   3   1
Pudel1  66   1   2   2   1  25   1   1   1   1 SOWI   2  32   5 878   5   1
Pudel1  66   1   2   2   1  25   1   1   1   1 SOWI   2  33   6 664   6   1
Pudel1  66   1   2   2   1  25   1   1   1   1 SOWI   2  34   3 1080   3   1
Pudel1  66   1   2   2   1  25   1   1   1   1 SOWI   2  35   4 951   4   1
Pudel1  66   1   2   2   1  25   1   1   1   1 SOWI   2  36   1 692   1   1
Pudel1  66   1   2   2   1  25   1   1   1   1 SOWI   2  37   5 851   5   1
Pudel1  66   1   2   2   1  25   1   1   1   1 SOWI   2  38   6 692   6   1
Pudel1  66   1   2   2   1  25   1   1   1   1 SOWI   2  39   3 806   3   1
Pudel1  66   1   2   2   1  25   1   1   1   1 SOWI   2  40   2 850   2   1
Pudel1  66   1   2   2   1  25   1   1   1   1 SOWI   2  41   6 678   6   1
Pudel1  66   1   2   2   1  25   1   1   1   1 SOWI   2  42   3 747   3   1
Pudel1  66   1   2   2   1  25   1   1   1   1 SOWI   2  43   5 693   5   1
Pudel1  66   1   2   2   1  25   1   1   1   1 SOWI   2  44   1 705   1   1
Pudel1  66   1   2   2   1  25   1   1   1   1 SOWI   2  45   6 823   6   1
Pudel1  66   1   2   2   1  25   1   1   1   1 SOWI   2  46   2 979   2   1
Pudel1  66   1   2   2   1  25   1   1   1   1 SOWI   2  47   3 1180   3   1
Pudel1  66   1   2   2   1  25   1   1   1   1 SOWI   2  48   4 865   4   1
Pudel1  66   1   2   2   1  25   1   1   1   1 SOWI   2  49   6 750   6   1
Pudel1  66   1   2   2   1  25   1   1   1   1 SOWI   2  50   5 706   5   1
Pudel1  66   1   2   2   1  25   1   1   1   1 SOWI   2  51   3 763   3   1
Pudel1  66   1   2   2   1  25   1   1   1   1 SOWI   2  52   1 677   1   1
Pudel1  66   1   2   2   1  25   1   1   1   1 SOWI   2  53   4 980   4   1
Pudel1  66   1   2   2   1  25   1   1   1   1 SOWI   2  54   2 892   2   1
Pudel1  66   1   2   2   1  25   1   1   1   1 SOWI   2  55   6 736   6   1
Pudel1  66   1   2   2   1  25   1   1   1   1 SOWI   2  56   3 936   3   1
Pudel1  66   1   2   2   1  25   1   1   1   1 SOWI   2  57   2 748   2   1
Pudel1  66   1   2   2   1  25   1   1   1   1 SOWI   2  58   5 851   5   1
Pudel1  66   1   2   2   1  25   1   1   1   1 SOWI   2  59   3 820   3   1
Pudel1  66   1   2   2   1  25   1   1   1   1 SOWI   2  60   4 937   4   1
Pudel1  66   1   2   2   1  25   1   1   1   1 SOWI   2  61   6 736   6   1
Pudel1  66   1   2   2   1  25   1   1   1   1 SOWI   2  62   3 1625   3   1
Pudel1  66   1   2   2   1  25   1   1   1   1 SOWI   2  63   1 833   1   1
Pudel1  66   1   2   2   1  25   1   1   1   1 SOWI   2  64   6 693   6   1
Pudel1  66   1   2   2   1  25   1   1   1   1 SOWI   2  65   3 921   3   1
Pudel1  66   1   2   2   1  25   1   1   1   1 SOWI   2  66   5 692   5   1
Pudel1  66   1   2   2   1  25   1   1   1   1 SOWI   2  67   1 749   1   1
Pudel1  66   1   2   2   1  25   1   1   1   1 SOWI   2  68   6 780   6   1
Pudel1  66   1   2   2   1  25   1   1   1   1 SOWI   2  69   2 891   2   1
Pudel1  66   1   2   2   1  25   1   1   1   1 SOWI   2  70   3 967   3   1
Pudel1  66   1   2   2   1  25   1   1   1   1 SOWI   2  71   4 792   4   1
Pudel1  66   1   2   2   1  25   1   1   1   1 SOWI   2  72   6 677   6   1
Pudel1  66   1   2   2   1  25   1   1   1   1 SOWI   2  73   5 822   5   1
Pudel1  66   1   2   2   1  25   1   1   1   1 SOWI   2  74   4 676   4   1
Pudel1  66   1   2   2   1  25   1   1   1   1 SOWI   2  75   3 835   3   1
Pudel1  66   1   2   2   1  25   1   1   1   1 SOWI   2  76   6 752   6   1
Pudel1  66   1   2   2   1  25   1   1   1   1 SOWI   2  77   1 747   1   1
Pudel1  66   1   2   2   1  25   1   1   1   1 SOWI   2  78   3 1210   3   1
Pudel1  66   1   2   2   1  25   1   1   1   1 SOWI   2  79   2 879   2   1
Pudel1  66   1   2   2   1  25   1   1   1   1 SOWI   2  80   6 750   6   1
Pudel1  66   1   2   2   1  25   1   1   1   1 SOWI   2  81   3 950   3   1
Pudel1  66   1   2   2   1  25   1   1   1   1 SOWI   2  82   5 635   5   1
Pudel1  66   1   2   2   1  25   1   1   1   1 SOWI   2  83   6 820   6   1
Pudel1  66   1   2   2   1  25   1   1   1   1 SOWI   2  84   3 934   3   1
Pudel1  66   1   2   2   1  25   1   1   1   1 SOWI   2  85   2 648   2   1
Pudel1  66   1   2   2   1  25   1   1   1   1 SOWI   2  86   1 734   1   1
Pudel1  66   1   2   2   1  25   1   1   1   1 SOWI   2  87   6 1312   6   1
Pudel1  66   1   2   2   1  25   1   1   1   1 SOWI   2  88   4 689   4   1
Pudel1  66   1   2   2   1  25   1   1   1   1 SOWI   2  89   3 923   3   1
Pudel1  66   1   2   2   1  25   1   1   1   1 SOWI   2  90   6 1252   6   1
Pudel1  66   1   2   2   1  25   1   1   1   1 SOWI   2  91   1 834   1   1
Pudel1  66   1   2   2   1  25   1   1   1   1 SOWI   2  92   3 780   3   1
Pudel1  66   1   2   2   1  25   1   1   1   1 SOWI   2  93   5 764   5   1
Pudel1  66   1   2   2   1  25   1   1   1   1 SOWI   2  94   4 749   4   1
Pudel1  66   1   2   2   1  25   1   1   1   1 SOWI   2  95   6 748   6   1
Pudel1  66   1   2   2   1  25   1   1   1   1 SOWI   2  96   2 877   2   1
Pudel1  66   1   2   2   1  25   1   1   1   1 SOWI   2  97   3 694   3   1
Pudel1  66   1   2   2   1  25   1   1   1   1 SOWI   2  98   6 965   6   1
Pudel1  66   1   2   2   1  25   1   1   1   1 SOWI   2  99   1 878   1   1
Pudel1  66   1   2   2   1  25   1   1   1   1 SOWI   2 100   5 865   5   1
Pudel1  66   1   2   2   1  25   1   1   1   1 SOWI   2 101   3 806   3   1
Pudel1  66   1   2   2   1  25   1   1   1   1 SOWI   2 102   2 1423   2   1
Pudel1  66   1   2   2   1  25   1   1   1   1 SOWI   2 103   4 894   4   1
Pudel1  66   1   2   2   1  25   1   1   1   1 SOWI   2 104   6 619   6   1
Pudel1  66   1   2   2   1  25   1   1   1   1 SOWI   2 105   2 849   2   1
Pudel1  66   1   2   2   1  25   1   1   1   1 SOWI   2 106   3 879   3   1
Pudel1  66   1   2   2   1  25   1   1   1   1 SOWI   2 107   4 836   4   1
Pudel1  66   1   2   2   1  25   1   1   1   1 SOWI   2 108   1 1063   1   1
Pudel1  66   1   2   2   1  25   1   1   1   1 SOWI   2 109   6 839   6   1
Pudel1  66   1   2   2   1  25   1   1   1   1 SOWI   2 110   3 1006   3   1
Pudel1  66   1   2   2   1  25   1   1   1   1 SOWI   2 111   5 764   5   1
Pudel1  66   1   2   2   1  25   1   1   1   1 SOWI   2 112   6 835   6   1
Pudel1  66   1   2   2   1  25   1   1   1   1 SOWI   2 113   3 763   3   1
Pudel1  66   1   2   2   1  25   1   1   1   1 SOWI   2 114   4 878   4   1
Pudel1  66   1   2   2   1  25   1   1   1   1 SOWI   2 115   6 765   6   1
Pudel1  66   1   2   2   1  25   1   1   1   1 SOWI   2 116   3 907   3   1
Pudel1  66   1   2   2   1  25   1   1   1   1 SOWI   2 117   1 878   1   1
Pudel1  66   1   2   2   1  25   1   1   1   1 SOWI   2 118   2 749   2   1
Pudel1  66   1   2   2   1  25   1   1   1   1 SOWI   2 119   5 822   5   1
Pudel1  66   1   2   2   1  25   1   1   1   1 SOWI   2 120   6 620   6   1
Pudel1  66   1   2   2   1  25   1   1   1   1 SOWI   2 121   2 892   2   1
Pudel1  66   1   2   2   1  25   1   1   1   1 SOWI   2 122   3 606   3   1
Pudel1  66   1   2   2   1  25   1   1   1   1 SOWI   2 123   6 1067   6   1
Pudel1  66   1   2   2   1  25   1   1   1   1 SOWI   2 124   4 734   4   1
Pudel1  66   1   2   2   1  25   1   1   1   1 SOWI   2 125   5 592   5   1
Pudel1  66   1   2   2   1  25   1   1   1   1 SOWI   2 126   6 620   6   1
Pudel1  66   1   2   2   1  25   1   1   1   1 SOWI   2 127   1 1164   1   1
Pudel1  66   1   2   2   1  25   1   1   1   1 SOWI   2 128   3 650   3   1
Pudel1  66   1   2   2   1  25   1   1   1   1 SOWI   2 129   6 692   6   1
Pudel1  66   1   2   2   1  25   1   1   1   1 SOWI   2 130   2 848   2   1
Pudel1  66   1   2   2   1  25   1   1   1   1 SOWI   2 131   3 1008   3   1
Pudel1  66   1   2   2   1  25   1   1   1   1 SOWI   2 132   6 781   6   1
Pudel1  66   1   2   2   1  25   1   1   1   1 SOWI   2 133   1 1106   1   1
Pudel1  66   1   2   2   1  25   1   1   1   1 SOWI   2 134   3 1957   3   1
Pudel1  66   1   2   2   1  25   1   1   1   1 SOWI   2 135   5 780   5   1
Pudel1  66   1   2   2   1  25   1   1   1   1 SOWI   2 136   4 1007   4   1
Pudel1  66   1   2   2   1  25   1   1   1   1 SOWI   2 137   6 636   6   1
Pudel1  66   1   2   2   1  25   1   1   1   1 SOWI   2 138   1 992   1   1
Pudel1  66   1   2   2   1  25   1   1   1   1 SOWI   2 139   3 693   3   1
Pudel1  66   1   2   2   1  25   1   1   1   1 SOWI   2 140   6 923   6   1
Pudel1  66   1   2   2   1  25   1   1   1   1 SOWI   2 141   5 864   5   1
Pudel1  66   1   2   2   1  25   1   1   1   1 SOWI   2 142   4 649   4   1
Pudel1  66   1   2   2   1  25   1   1   1   1 SOWI   2 143   3 1165   3   1
Pudel1  66   1   2   2   1  25   1   1   1   1 SOWI   2 144   2 721   2   1
Pudel1  66   1   2   2   1  25   1   1   1   1 SOWI   3   1   5 832   5   1
Pudel1  66   1   2   2   1  25   1   1   1   1 SOWI   3   2   6 721   6   1
Pudel1  66   1   2   2   1  25   1   1   1   1 SOWI   3   3   3 864   3   1
Pudel1  66   1   2   2   1  25   1   1   1   1 SOWI   3   4   4 1397   4   1
Pudel1  66   1   2   2   1  25   1   1   1   1 SOWI   3   5   6 705   6   1
Pudel1  66   1   2   2   1  25   1   1   1   1 SOWI   3   6   2 705   2   1
Pudel1  66   1   2   2   1  25   1   1   1   1 SOWI   3   7   3 764   3   1
Pudel1  66   1   2   2   1  25   1   1   1   1 SOWI   3   8   1 764   1   1
Pudel1  66   1   2   2   1  25   1   1   1   1 SOWI   3   9   6 794   6   1
Pudel1  66   1   2   2   1  25   1   1   1   1 SOWI   3  10   3 921   3   1
Pudel1  66   1   2   2   1  25   1   1   1   1 SOWI   3  11   4 935   4   1
Pudel1  66   1   2   2   1  25   1   1   1   1 SOWI   3  12   2 777   2   1
Pudel1  66   1   2   2   1  25   1   1   1   1 SOWI   3  13   3 980   3   1
Pudel1  66   1   2   2   1  25   1   1   1   1 SOWI   3  14   1 749   1   1
Pudel1  66   1   2   2   1  25   1   1   1   1 SOWI   3  15   6 651   6   1
Pudel1  66   1   2   2   1  25   1   1   1   1 SOWI   3  16   5 692   5   1
Pudel1  66   1   2   2   1  25   1   1   1   1 SOWI   3  17   3 764   3   1
Pudel1  66   1   2   2   1  25   1   1   1   1 SOWI   3  18   2 647   2   1
Pudel1  66   1   2   2   1  25   1   1   1   1 SOWI   3  19   1 664   1   1
Pudel1  66   1   2   2   1  25   1   1   1   1 SOWI   3  20   4 764   4   1
Pudel1  66   1   2   2   1  25   1   1   1   1 SOWI   3  21   6 694   6   1
Pudel1  66   1   2   2   1  25   1   1   1   1 SOWI   3  22   5 605   5   1
Pudel1  66   1   2   2   1  25   1   1   1   1 SOWI   3  23   3 777   3   1
Pudel1  66   1   2   2   1  25   1   1   1   1 SOWI   3  24   6 750   6   1
Pudel1  66   1   2   2   1  25   1   1   1   1 SOWI   3  25   4 677   4   1
Pudel1  66   1   2   2   1  25   1   1   1   1 SOWI   3  26   2 878   2   1
Pudel1  66   1   2   2   1  25   1   1   1   1 SOWI   3  27   6 680   6   1
Pudel1  66   1   2   2   1  25   1   1   1   1 SOWI   3  28   3 893   3   1
Pudel1  66   1   2   2   1  25   1   1   1   1 SOWI   3  29   1 834   1   1
Pudel1  66   1   2   2   1  25   1   1   1   1 SOWI   3  30   6 982   6   1
Pudel1  66   1   2   2   1  25   1   1   1   1 SOWI   3  31   3 921   3   1
Pudel1  66   1   2   2   1  25   1   1   1   1 SOWI   3  32   5 665   5   1
Pudel1  66   1   2   2   1  25   1   1   1   1 SOWI   3  33   6 749   6   1
Pudel1  66   1   2   2   1  25   1   1   1   1 SOWI   3  34   3 891   3   1
Pudel1  66   1   2   2   1  25   1   1   1   1 SOWI   3  35   4 809   4   1
Pudel1  66   1   2   2   1  25   1   1   1   1 SOWI   3  36   1 805   1   1
Pudel1  66   1   2   2   1  25   1   1   1   1 SOWI   3  37   5 910   5   1
Pudel1  66   1   2   2   1  25   1   1   1   1 SOWI   3  38   6 636   6   1
Pudel1  66   1   2   2   1  25   1   1   1   1 SOWI   3  39   3 1093   3   1
Pudel1  66   1   2   2   1  25   1   1   1   1 SOWI   3  40   2 720   2   1
Pudel1  66   1   2   2   1  25   1   1   1   1 SOWI   3  41   6 680   6   1
Pudel1  66   1   2   2   1  25   1   1   1   1 SOWI   3  42   3 1193   3   1
Pudel1  66   1   2   2   1  25   1   1   1   1 SOWI   3  43   5 663   5   1
Pudel1  66   1   2   2   1  25   1   1   1   1 SOWI   3  44   1 705   1   1
Pudel1  66   1   2   2   1  25   1   1   1   1 SOWI   3  45   6 1096   6   1
Pudel1  66   1   2   2   1  25   1   1   1   1 SOWI   3  46   2 935   2   1
Pudel1  66   1   2   2   1  25   1   1   1   1 SOWI   3  47   3 878   3   1
Pudel1  66   1   2   2   1  25   1   1   1   1 SOWI   3  48   4 793   4   1
Pudel1  66   1   2   2   1  25   1   1   1   1 SOWI   3  49   6 736   6   1
Pudel1  66   1   2   2   1  25   1   1   1   1 SOWI   3  50   5 964   5   1
Pudel1  66   1   2   2   1  25   1   1   1   1 SOWI   3  51   3 691   3   1
Pudel1  66   1   2   2   1  25   1   1   1   1 SOWI   3  52   1 778   1   1
Pudel1  66   1   2   2   1  25   1   1   1   1 SOWI   3  53   4 823   4   1
Pudel1  66   1   2   2   1  25   1   1   1   1 SOWI   3  54   2 1065   2   1
Pudel1  66   1   2   2   1  25   1   1   1   1 SOWI   3  55   6 780   6   1
Pudel1  66   1   2   2   1  25   1   1   1   1 SOWI   3  56   3 835   3   1
Pudel1  66   1   2   2   1  25   1   1   1   1 SOWI   3  57   2 779   2   1
Pudel1  66   1   2   2   1  25   1   1   1   1 SOWI   3  58   5 836   5   1
Pudel1  66   1   2   2   1  25   1   1   1   1 SOWI   3  59   3 821   3   1
Pudel1  66   1   2   2   1  25   1   1   1   1 SOWI   3  60   4 965   4   1
Pudel1  66   1   2   2   1  25   1   1   1   1 SOWI   3  61   6 637   6   1
Pudel1  66   1   2   2   1  25   1   1   1   1 SOWI   3  62   3 906   3   1
Pudel1  66   1   2   2   1  25   1   1   1   1 SOWI   3  63   1 676   1   1
Pudel1  66   1   2   2   1  25   1   1   1   1 SOWI   3  64   6 981   6   1
Pudel1  66   1   2   2   1  25   1   1   1   1 SOWI   3  65   3 734   3   1
Pudel1  66   1   2   2   1  25   1   1   1   1 SOWI   3  66   5 807   5   1
Pudel1  66   1   2   2   1  25   1   1   1   1 SOWI   3  67   1 921   1   1
Pudel1  66   1   2   2   1  25   1   1   1   1 SOWI   3  68   6 779   6   1
Pudel1  66   1   2   2   1  25   1   1   1   1 SOWI   3  69   2 1036   2   1
Pudel1  66   1   2   2   1  25   1   1   1   1 SOWI   3  70   3 820   3   1
Pudel1  66   1   2   2   1  25   1   1   1   1 SOWI   3  71   4 952   4   1
Pudel1  66   1   2   2   1  25   1   1   1   1 SOWI   3  72   6 735   6   1
Pudel1  66   1   2   2   1  25   1   1   1   1 SOWI   3  73   5 865   5   1
Pudel1  66   1   2   2   1  25   1   1   1   1 SOWI   3  74   4 605   4   1
Pudel1  66   1   2   2   1  25   1   1   1   1 SOWI   3  75   3 894   3   1
Pudel1  66   1   2   2   1  25   1   1   1   1 SOWI   3  76   6 734   6   1
Pudel1  66   1   2   2   1  25   1   1   1   1 SOWI   3  77   1 735   1   1
Pudel1  66   1   2   2   1  25   1   1   1   1 SOWI   3  78   3 792   3   1
Pudel1  66   1   2   2   1  25   1   1   1   1 SOWI   3  79   2 649   2   1
Pudel1  66   1   2   2   1  25   1   1   1   1 SOWI   3  80   6 780   6   1
Pudel1  66   1   2   2   1  25   1   1   1   1 SOWI   3  81   3 793   3   1
Pudel1  66   1   2   2   1  25   1   1   1   1 SOWI   3  82   5 720   5   1
Pudel1  66   1   2   2   1  25   1   1   1   1 SOWI   3  83   6 735   6   1
Pudel1  66   1   2   2   1  25   1   1   1   1 SOWI   3  84   3 777   3   1
Pudel1  66   1   2   2   1  25   1   1   1   1 SOWI   3  85   2 591   2   1
Pudel1  66   1   2   2   1  25   1   1   1   1 SOWI   3  86   1 706   1   1
Pudel1  66   1   2   2   1  25   1   1   1   1 SOWI   3  87   6 664   6   1
Pudel1  66   1   2   2   1  25   1   1   1   1 SOWI   3  88   4 735   4   1
Pudel1  66   1   2   2   1  25   1   1   1   1 SOWI   3  89   3 1236   3   1
Pudel1  66   1   2   2   1  25   1   1   1   1 SOWI   3  90   6 693   6   1
Pudel1  66   1   2   2   1  25   1   1   1   1 SOWI   3  91   1 776   1   1
Pudel1  66   1   2   2   1  25   1   1   1   1 SOWI   3  92   3 534   3   1
Pudel1  66   1   2   2   1  25   1   1   1   1 SOWI   3  93   5 1051   5   1
Pudel1  66   1   2   2   1  25   1   1   1   1 SOWI   3  94   4 761   4   1
Pudel1  66   1   2   2   1  25   1   1   1   1 SOWI   3  95   6 564   6   1
Pudel1  66   1   2   2   1  25   1   1   1   1 SOWI   3  96   2 848   2   1
Pudel1  66   1   2   2   1  25   1   1   1   1 SOWI   3  97   3 620   3   1
Pudel1  66   1   2   2   1  25   1   1   1   1 SOWI   3  98   6 652   6   1
Pudel1  66   1   2   2   1  25   1   1   1   1 SOWI   3  99   1 804   1   1
Pudel1  66   1   2   2   1  25   1   1   1   1 SOWI   3 100   5 781   5   1
Pudel1  66   1   2   2   1  25   1   1   1   1 SOWI   3 101   3 720   3   1
Pudel1  66   1   2   2   1  25   1   1   1   1 SOWI   3 102   2 605   2   1
Pudel1  66   1   2   2   1  25   1   1   1   1 SOWI   3 103   4 837   4   1
Pudel1  66   1   2   2   1  25   1   1   1   1 SOWI   3 104   6 592   6   1
Pudel1  66   1   2   2   1  25   1   1   1   1 SOWI   3 105   2 806   2   1
Pudel1  66   1   2   2   1  25   1   1   1   1 SOWI   3 106   3 736   3   1
Pudel1  66   1   2   2   1  25   1   1   1   1 SOWI   3 107   4 878   4   1
Pudel1  66   1   2   2   1  25   1   1   1   1 SOWI   3 108   1 762   1   1
Pudel1  66   1   2   2   1  25   1   1   1   1 SOWI   3 109   6 778   6   1
Pudel1  66   1   2   2   1  25   1   1   1   1 SOWI   3 110   4 662   3   0
Pudel1  66   1   2   2   1  25   1   1   1   1 SOWI   3 111   5 2058   5   1
Pudel1  66   1   2   2   1  25   1   1   1   1 SOWI   3 112   6 1095   6   1
Pudel1  66   1   2   2   1  25   1   1   1   1 SOWI   3 113   3 1037   3   1
Pudel1  66   1   2   2   1  25   1   1   1   1 SOWI   3 114   4 1037   4   1
Pudel1  66   1   2   2   1  25   1   1   1   1 SOWI   3 115   6 749   6   1
Pudel1  66   1   2   2   1  25   1   1   1   1 SOWI   3 116   3 1022   3   1
Pudel1  66   1   2   2   1  25   1   1   1   1 SOWI   3 117   1 849   1   1
Pudel1  66   1   2   2   1  25   1   1   1   1 SOWI   3 118   2 734   2   1
Pudel1  66   1   2   2   1  25   1   1   1   1 SOWI   3 119   5 751   5   1
Pudel1  66   1   2   2   1  25   1   1   1   1 SOWI   3 120   6 577   6   1
Pudel1  66   1   2   2   1  25   1   1   1   1 SOWI   3 121   2 731   2   1
Pudel1  66   1   2   2   1  25   1   1   1   1 SOWI   3 122   3 737   3   1
Pudel1  66   1   2   2   1  25   1   1   1   1 SOWI   3 123   6 936   6   1
Pudel1  66   1   2   2   1  25   1   1   1   1 SOWI   3 124   4 734   4   1
Pudel1  66   1   2   2   1  25   1   1   1   1 SOWI   3 125   5 592   5   1
Pudel1  66   1   2   2   1  25   1   1   1   1 SOWI   3 126   6 606   6   1
Pudel1  66   1   2   2   1  25   1   1   1   1 SOWI   3 127   1 1019   1   1
Pudel1  66   1   2   2   1  25   1   1   1   1 SOWI   3 128   3 592   3   1
Pudel1  66   1   2   2   1  25   1   1   1   1 SOWI   3 129   6 735   6   1
Pudel1  66   1   2   2   1  25   1   1   1   1 SOWI   3 130   2 705   2   1
Pudel1  66   1   2   2   1  25   1   1   1   1 SOWI   3 131   3 635   3   1
Pudel1  66   1   2   2   1  25   1   1   1   1 SOWI   3 132   6 677   6   1
Pudel1  66   1   2   2   1  25   1   1   1   1 SOWI   3 133   1 1034   1   1
Pudel1  66   1   2   2   1  25   1   1   1   1 SOWI   3 134   3 622   3   1
Pudel1  66   1   2   2   1  25   1   1   1   1 SOWI   3 135   5 679   5   1
Pudel1  66   1   2   2   1  25   1   1   1   1 SOWI   3 136   4 733   4   1
Pudel1  66   1   2   2   1  25   1   1   1   1 SOWI   3 137   6 664   6   1
Pudel1  66   1   2   2   1  25   1   1   1   1 SOWI   3 138   1 807   1   1
Pudel1  66   1   2   2   1  25   1   1   1   1 SOWI   3 139   3 649   3   1
Pudel1  66   1   2   2   1  25   1   1   1   1 SOWI   3 140   6 1168   6   1
Pudel1  66   1   2   2   1  25   1   1   1   1 SOWI   3 141   5 1123   5   1
Pudel1  66   1   2   2   1  25   1   1   1   1 SOWI   3 142   4 592   4   1
Pudel1  66   1   2   2   1  25   1   1   1   1 SOWI   3 143   3 1166   3   1
Pudel1  66   1   2   2   1  25   1   1   1   1 SOWI   3 144   2 662   2   1
Pudel1  66   1   2   2   1  25   1   1   1   1 SOWI   4   1   5 948   5   1
Pudel1  66   1   2   2   1  25   1   1   1   1 SOWI   4   2   6 592   6   1
Pudel1  66   1   2   2   1  25   1   1   1   1 SOWI   4   3   3 705   3   1
Pudel1  66   1   2   2   1  25   1   1   1   1 SOWI   4   4   4 978   4   1
Pudel1  66   1   2   2   1  25   1   1   1   1 SOWI   4   5   6 651   6   1
Pudel1  66   1   2   2   1  25   1   1   1   1 SOWI   4   6   2 719   2   1
Pudel1  66   1   2   2   1  25   1   1   1   1 SOWI   4   7   3 635   3   1
Pudel1  66   1   2   2   1  25   1   1   1   1 SOWI   4   8   1 793   1   1
Pudel1  66   1   2   2   1  25   1   1   1   1 SOWI   4   9   6 664   6   1
Pudel1  66   1   2   2   1  25   1   1   1   1 SOWI   4  10   3 705   3   1
Pudel1  66   1   2   2   1  25   1   1   1   1 SOWI   4  11   4 722   4   1
Pudel1  66   1   2   2   1  25   1   1   1   1 SOWI   4  12   2 864   2   1
Pudel1  66   1   2   2   1  25   1   1   1   1 SOWI   4  13   3 921   3   1
Pudel1  66   1   2   2   1  25   1   1   1   1 SOWI   4  14   1 893   1   1
Pudel1  66   1   2   2   1  25   1   1   1   1 SOWI   4  15   6 678   6   1
Pudel1  66   1   2   2   1  25   1   1   1   1 SOWI   4  16   5 692   5   1
Pudel1  66   1   2   2   1  25   1   1   1   1 SOWI   4  17   3 720   3   1
Pudel1  66   1   2   2   1  25   1   1   1   1 SOWI   4  18   2 620   2   1
Pudel1  66   1   2   2   1  25   1   1   1   1 SOWI   4  19   1 793   1   1
Pudel1  66   1   2   2   1  25   1   1   1   1 SOWI   4  20   4 1181   4   1
Pudel1  66   1   2   2   1  25   1   1   1   1 SOWI   4  21   6 635   6   1
Pudel1  66   1   2   2   1  25   1   1   1   1 SOWI   4  22   5 561   5   1
Pudel1  66   1   2   2   1  25   1   1   1   1 SOWI   4  23   3 749   3   1
Pudel1  66   1   2   2   1  25   1   1   1   1 SOWI   4  24   6 680   6   1
Pudel1  66   1   2   2   1  25   1   1   1   1 SOWI   4  25   4 692   4   1
Pudel1  66   1   2   2   1  25   1   1   1   1 SOWI   4  26   2 778   2   1
Pudel1  66   1   2   2   1  25   1   1   1   1 SOWI   4  27   6 721   6   1
Pudel1  66   1   2   2   1  25   1   1   1   1 SOWI   4  28   3 907   3   1
Pudel1  66   1   2   2   1  25   1   1   1   1 SOWI   4  29   1 793   1   1
Pudel1  66   1   2   2   1  25   1   1   1   1 SOWI   4  30   6 708   6   1
Pudel1  66   1   2   2   1  25   1   1   1   1 SOWI   4  31   3 1080   3   1
Pudel1  66   1   2   2   1  25   1   1   1   1 SOWI   4  32   5 764   5   1
Pudel1  66   1   2   2   1  25   1   1   1   1 SOWI   4  33   6 592   6   1
Pudel1  66   1   2   2   1  25   1   1   1   1 SOWI   4  34   3 778   3   1
Pudel1  66   1   2   2   1  25   1   1   1   1 SOWI   4  35   4 1036   4   1
Pudel1  66   1   2   2   1  25   1   1   1   1 SOWI   4  36   1 791   1   1
Pudel1  66   1   2   2   1  25   1   1   1   1 SOWI   4  37   5 853   5   1
Pudel1  66   1   2   2   1  25   1   1   1   1 SOWI   4  38   6 591   6   1
Pudel1  66   1   2   2   1  25   1   1   1   1 SOWI   4  39   3 748   3   1
Pudel1  66   1   2   2   1  25   1   1   1   1 SOWI   4  40   2 1152   2   1
Pudel1  66   1   2   2   1  25   1   1   1   1 SOWI   4  41   6 809   6   1
Pudel1  66   1   2   2   1  25   1   1   1   1 SOWI   4  42   3 1122   3   1
Pudel1  66   1   2   2   1  25   1   1   1   1 SOWI   4  43   5 707   5   1
Pudel1  66   1   2   2   1  25   1   1   1   1 SOWI   4  44   1 763   1   1
Pudel1  66   1   2   2   1  25   1   1   1   1 SOWI   4  45   6 551   6   1
Pudel1  66   1   2   2   1  25   1   1   1   1 SOWI   4  46   2 1079   2   1
Pudel1  66   1   2   2   1  25   1   1   1   1 SOWI   4  47   3 936   3   1
Pudel1  66   1   2   2   1  25   1   1   1   1 SOWI   4  48   4 907   4   1
Pudel1  66   1   2   2   1  25   1   1   1   1 SOWI   4  49   6 664   6   1
Pudel1  66   1   2   2   1  25   1   1   1   1 SOWI   4  50   5 678   5   1
Pudel1  66   1   2   2   1  25   1   1   1   1 SOWI   4  51   3 1006   3   1
Pudel1  66   1   2   2   1  25   1   1   1   1 SOWI   4  52   1 820   1   1
Pudel1  66   1   2   2   1  25   1   1   1   1 SOWI   4  53   4 1583   4   1
Pudel1  66   1   2   2   1  25   1   1   1   1 SOWI   4  54   5 651   2   0
Pudel1  66   1   2   2   1  25   1   1   1   1 SOWI   4  55   6 3395   6   1
Pudel1  66   1   2   2   1  25   1   1   1   1 SOWI   4  56   3 835   3   1
Pudel1  66   1   2   2   1  25   1   1   1   1 SOWI   4  57   2 733   2   1
Pudel1  66   1   2   2   1  25   1   1   1   1 SOWI   4  58   5 1011   5   1
Pudel1  66   1   2   2   1  25   1   1   1   1 SOWI   4  59   3 905   3   1
Pudel1  66   1   2   2   1  25   1   1   1   1 SOWI   4  60   4 892   4   1
Pudel1  66   1   2   2   1  25   1   1   1   1 SOWI   4  61   6 795   6   1
Pudel1  66   1   2   2   1  25   1   1   1   1 SOWI   4  62   3 1209   3   1
Pudel1  66   1   2   2   1  25   1   1   1   1 SOWI   4  63   1 892   1   1
Pudel1  66   1   2   2   1  25   1   1   1   1 SOWI   4  64   6 926   6   1
Pudel1  66   1   2   2   1  25   1   1   1   1 SOWI   4  65   3 818   3   1
Pudel1  66   1   2   2   1  25   1   1   1   1 SOWI   4  66   5 679   5   1
Pudel1  66   1   2   2   1  25   1   1   1   1 SOWI   4  67   1 747   1   1
Pudel1  66   1   2   2   1  25   1   1   1   1 SOWI   4  68   6 880   6   1
Pudel1  66   1   2   2   1  25   1   1   1   1 SOWI   4  69   2 893   2   1
Pudel1  66   1   2   2   1  25   1   1   1   1 SOWI   4  70   3 1036   3   1
Pudel1  66   1   2   2   1  25   1   1   1   1 SOWI   4  71   4 922   4   1
Pudel1  66   1   2   2   1  25   1   1   1   1 SOWI   4  72   6 880   6   1
Pudel1  66   1   2   2   1  25   1   1   1   1 SOWI   4  73   5 763   5   1
Pudel1  66   1   2   2   1  25   1   1   1   1 SOWI   4  74   4 677   4   1
Pudel1  66   1   2   2   1  25   1   1   1   1 SOWI   4  75   3 906   3   1
Pudel1  66   1   2   2   1  25   1   1   1   1 SOWI   4  76   6 823   6   1
Pudel1  66   1   2   2   1  25   1   1   1   1 SOWI   4  77   1 790   1   1
Pudel1  66   1   2   2   1  25   1   1   1   1 SOWI   4  78   3 822   3   1
Pudel1  66   1   2   2   1  25   1   1   1   1 SOWI   4  79   2 791   2   1
Pudel1  66   1   2   2   1  25   1   1   1   1 SOWI   4  80   6 794   6   1
Pudel1  66   1   2   2   1  25   1   1   1   1 SOWI   4  81   3 849   3   1
Pudel1  66   1   2   2   1  25   1   1   1   1 SOWI   4  82   5 809   5   1
Pudel1  66   1   2   2   1  25   1   1   1   1 SOWI   4  83   6 809   6   1
Pudel1  66   1   2   2   1  25   1   1   1   1 SOWI   4  84   3 1007   3   1
Pudel1  66   1   2   2   1  25   1   1   1   1 SOWI   4  85   2 850   2   1
Pudel1  66   1   2   2   1  25   1   1   1   1 SOWI   4  86   1 663   1   1
Pudel1  66   1   2   2   1  25   1   1   1   1 SOWI   4  87   6 895   6   1
Pudel1  66   1   2   2   1  25   1   1   1   1 SOWI   4  88   4 808   4   1
Pudel1  66   1   2   2   1  25   1   1   1   1 SOWI   4  89   3 1279   3   1
Pudel1  66   1   2   2   1  25   1   1   1   1 SOWI   4  90   6 938   6   1
Pudel1  66   1   2   2   1  25   1   1   1   1 SOWI   4  91   1 876   1   1
Pudel1  66   1   2   2   1  25   1   1   1   1 SOWI   4  92   3 763   3   1
Pudel1  66   1   2   2   1  25   1   1   1   1 SOWI   4  93   5 895   5   1
Pudel1  66   1   2   2   1  25   1   1   1   1 SOWI   4  94   4 820   4   1
Pudel1  66   1   2   2   1  25   1   1   1   1 SOWI   4  95   6 737   6   1
Pudel1  66   1   2   2   1  25   1   1   1   1 SOWI   4  96   2 1122   2   1
Pudel1  66   1   2   2   1  25   1   1   1   1 SOWI   4  97   3 620   3   1
Pudel1  66   1   2   2   1  25   1   1   1   1 SOWI   4  98   6 751   6   1
Pudel1  66   1   2   2   1  25   1   1   1   1 SOWI   4  99   1 864   1   1
Pudel1  66   1   2   2   1  25   1   1   1   1 SOWI   4 100   5 852   5   1
Pudel1  66   1   2   2   1  25   1   1   1   1 SOWI   4 101   3 891   3   1
Pudel1  66   1   2   2   1  25   1   1   1   1 SOWI   4 102   2 677   2   1
Pudel1  66   1   2   2   1  25   1   1   1   1 SOWI   4 103   4 1068   4   1
Pudel1  66   1   2   2   1  25   1   1   1   1 SOWI   4 104   6 592   6   1
Pudel1  66   1   2   2   1  25   1   1   1   1 SOWI   4 105   2 1064   2   1
Pudel1  66   1   2   2   1  25   1   1   1   1 SOWI   4 106   3 620   3   1
Pudel1  66   1   2   2   1  25   1   1   1   1 SOWI   4 107   4 1065   4   1
Pudel1  66   1   2   2   1  25   1   1   1   1 SOWI   4 108   1 834   1   1
Pudel1  66   1   2   2   1  25   1   1   1   1 SOWI   4 109   6 767   6   1
Pudel1  66   1   2   2   1  25   1   1   1   1 SOWI   4 110   3 964   3   1
Pudel1  66   1   2   2   1  25   1   1   1   1 SOWI   4 111   5 721   5   1
Pudel1  66   1   2   2   1  25   1   1   1   1 SOWI   4 112   6 1067   6   1
Pudel1  66   1   2   2   1  25   1   1   1   1 SOWI   4 113   3 892   3   1
Pudel1  66   1   2   2   1  25   1   1   1   1 SOWI   4 114   4 1137   4   1
Pudel1  66   1   2   2   1  25   1   1   1   1 SOWI   4 115   6 1023   6   1
Pudel1  66   1   2   2   1  25   1   1   1   1 SOWI   4 116   3 1007   3   1
Pudel1  66   1   2   2   1  25   1   1   1   1 SOWI   4 117   1 964   1   1
Pudel1  66   1   2   2   1  25   1   1   1   1 SOWI   4 118   2 865   2   1
Pudel1  66   1   2   2   1  25   1   1   1   1 SOWI   4 119   5 894   5   1
Pudel1  66   1   2   2   1  25   1   1   1   1 SOWI   4 120   6 907   6   1
Pudel1  66   1   2   2   1  25   1   1   1   1 SOWI   4 121   2 993   2   1
Pudel1  66   1   2   2   1  25   1   1   1   1 SOWI   4 122   3 605   3   1
Pudel1  66   1   2   2   1  25   1   1   1   1 SOWI   4 123   6 1110   6   1
Pudel1  66   1   2   2   1  25   1   1   1   1 SOWI   4 124   4 864   4   1
Pudel1  66   1   2   2   1  25   1   1   1   1 SOWI   4 125   5 678   5   1
Pudel1  66   1   2   2   1  25   1   1   1   1 SOWI   4 126   6 620   6   1
Pudel1  66   1   2   2   1  25   1   1   1   1 SOWI   4 127   1 820   1   1
Pudel1  66   1   2   2   1  25   1   1   1   1 SOWI   4 128   3 2975   3   1
Pudel1  66   1   2   2   1  25   1   1   1   1 SOWI   4 129   6 750   6   1
Pudel1  66   1   2   2   1  25   1   1   1   1 SOWI   4 130   2 849   2   1
Pudel1  66   1   2   2   1  25   1   1   1   1 SOWI   4 131   3 978   3   1
Pudel1  66   1   2   2   1  25   1   1   1   1 SOWI   4 132   6 894   6   1
Pudel1  66   1   2   2   1  25   1   1   1   1 SOWI   4 133   1 1078   1   1
Pudel1  66   1   2   2   1  25   1   1   1   1 SOWI   4 134   3 1166   3   1
Pudel1  66   1   2   2   1  25   1   1   1   1 SOWI   4 135   5 793   5   1
Pudel1  66   1   2   2   1  25   1   1   1   1 SOWI   4 136   4 706   4   1
Pudel1  66   1   2   2   1  25   1   1   1   1 SOWI   4 137   6 650   6   1
Pudel1  66   1   2   2   1  25   1   1   1   1 SOWI   4 138   1 747   1   1
Pudel1  66   1   2   2   1  25   1   1   1   1 SOWI   4 139   3 1325   3   1
Pudel1  66   1   2   2   1  25   1   1   1   1 SOWI   4 140   6 1126   6   1
Pudel1  66   1   2   2   1  25   1   1   1   1 SOWI   4 141   5 778   5   1
Pudel1  66   1   2   2   1  25   1   1   1   1 SOWI   4 142   4 734   4   1
Pudel1  66   1   2   2   1  25   1   1   1   1 SOWI   4 143   3 1079   3   1
Pudel1  66   1   2   2   1  25   1   1   1   1 SOWI   4 144   2 662   2   1
Pudel1  66   1   2   2   1  25   1   1   1   1 SOWI   5   1   5 1147   5   1
Pudel1  66   1   2   2   1  25   1   1   1   1 SOWI   5   2   6 5448   6   1
Pudel1  66   1   2   2   1  25   1   1   1   1 SOWI   5   3   3 1049   3   1
Pudel1  66   1   2   2   1  25   1   1   1   1 SOWI   5   4   4 820   4   1
Pudel1  66   1   2   2   1  25   1   1   1   1 SOWI   5   5   6 663   6   1
Pudel1  66   1   2   2   1  25   1   1   1   1 SOWI   5   6   2 748   2   1
Pudel1  66   1   2   2   1  25   1   1   1   1 SOWI   5   7   3 792   3   1
Pudel1  66   1   2   2   1  25   1   1   1   1 SOWI   5   8   1 720   1   1
Pudel1  66   1   2   2   1  25   1   1   1   1 SOWI   5   9   6 651   6   1
Pudel1  66   1   2   2   1  25   1   1   1   1 SOWI   5  10   3 792   3   1
Pudel1  66   1   2   2   1  25   1   1   1   1 SOWI   5  11   4 806   4   1
Pudel1  66   1   2   2   1  25   1   1   1   1 SOWI   5  12   2 892   2   1
Pudel1  66   1   2   2   1  25   1   1   1   1 SOWI   5  13   3 765   3   1
Pudel1  66   1   2   2   1  25   1   1   1   1 SOWI   5  14   1 691   1   1
Pudel1  66   1   2   2   1  25   1   1   1   1 SOWI   5  15   6 710   6   1
Pudel1  66   1   2   2   1  25   1   1   1   1 SOWI   5  16   5 705   5   1
Pudel1  66   1   2   2   1  25   1   1   1   1 SOWI   5  17   3 848   3   1
Pudel1  66   1   2   2   1  25   1   1   1   1 SOWI   5  18   2 691   2   1
Pudel1  66   1   2   2   1  25   1   1   1   1 SOWI   5  19   1 635   1   1
Pudel1  66   1   2   2   1  25   1   1   1   1 SOWI   5  20   4 880   4   1
Pudel1  66   1   2   2   1  25   1   1   1   1 SOWI   5  21   6 764   6   1
Pudel1  66   1   2   2   1  25   1   1   1   1 SOWI   5  22   5 648   5   1
Pudel1  66   1   2   2   1  25   1   1   1   1 SOWI   5  23   3 835   3   1
Pudel1  66   1   2   2   1  25   1   1   1   1 SOWI   5  24   6 706   6   1
Pudel1  66   1   2   2   1  25   1   1   1   1 SOWI   5  25   4 1006   4   1
Pudel1  66   1   2   2   1  25   1   1   1   1 SOWI   5  26   2 735   2   1
Pudel1  66   1   2   2   1  25   1   1   1   1 SOWI   5  27   6 806   6   1
Pudel1  66   1   2   2   1  25   1   1   1   1 SOWI   5  28   3 865   3   1
Pudel1  66   1   2   2   1  25   1   1   1   1 SOWI   5  29   1 790   1   1
Pudel1  66   1   2   2   1  25   1   1   1   1 SOWI   5  30   6 651   6   1
Pudel1  66   1   2   2   1  25   1   1   1   1 SOWI   5  31   3 834   3   1
Pudel1  66   1   2   2   1  25   1   1   1   1 SOWI   5  32   5 763   5   1
Pudel1  66   1   2   2   1  25   1   1   1   1 SOWI   5  33   6 636   6   1
Pudel1  66   1   2   2   1  25   1   1   1   1 SOWI   5  34   3 933   3   1
Pudel1  66   1   2   2   1  25   1   1   1   1 SOWI   5  35   4 923   4   1
Pudel1  66   1   2   2   1  25   1   1   1   1 SOWI   5  36   1 864   1   1
Pudel1  66   1   2   2   1  25   1   1   1   1 SOWI   5  37   5 865   5   1
Pudel1  66   1   2   2   1  25   1   1   1   1 SOWI   5  38   6 663   6   1
Pudel1  66   1   2   2   1  25   1   1   1   1 SOWI   5  39   3 979   3   1
Pudel1  66   1   2   2   1  25   1   1   1   1 SOWI   5  40   2 777   2   1
Pudel1  66   1   2   2   1  25   1   1   1   1 SOWI   5  41   6 722   6   1
Pudel1  66   1   2   2   1  25   1   1   1   1 SOWI   5  42   3 1021   3   1
Pudel1  66   1   2   2   1  25   1   1   1   1 SOWI   5  43   5 952   5   1
Pudel1  66   1   2   2   1  25   1   1   1   1 SOWI   5  44   1 861   1   1
Pudel1  66   1   2   2   1  25   1   1   1   1 SOWI   5  45   6 967   6   1
Pudel1  66   1   2   2   1  25   1   1   1   1 SOWI   5  46   2 891   2   1
Pudel1  66   1   2   2   1  25   1   1   1   1 SOWI   5  47   3 979   3   1
Pudel1  66   1   2   2   1  25   1   1   1   1 SOWI   5  48   4 820   4   1
Pudel1  66   1   2   2   1  25   1   1   1   1 SOWI   5  49   6 679   6   1
Pudel1  66   1   2   2   1  25   1   1   1   1 SOWI   5  50   5 749   5   1
Pudel1  66   1   2   2   1  25   1   1   1   1 SOWI   5  51   3 904   3   1
Pudel1  66   1   2   2   1  25   1   1   1   1 SOWI   5  52   1 735   1   1
Pudel1  66   1   2   2   1  25   1   1   1   1 SOWI   5  53   4 879   4   1
Pudel1  66   1   2   2   1  25   1   1   1   1 SOWI   5  54   2 720   2   1
Pudel1  66   1   2   2   1  25   1   1   1   1 SOWI   5  55   6 865   6   1
Pudel1  66   1   2   2   1  25   1   1   1   1 SOWI   5  56   3 1022   3   1
Pudel1  66   1   2   2   1  25   1   1   1   1 SOWI   5  57   2 677   2   1
Pudel1  66   1   2   2   1  25   1   1   1   1 SOWI   5  58   5 3106   5   1
Pudel1  66   1   2   2   1  25   1   1   1   1 SOWI   5  59   3 849   3   1
Pudel1  66   1   2   2   1  25   1   1   1   1 SOWI   5  60   4 1064   4   1
Pudel1  66   1   2   2   1  25   1   1   1   1 SOWI   5  61   6 707   6   1
Pudel1  66   1   2   2   1  25   1   1   1   1 SOWI   5  62   3 921   3   1
Pudel1  66   1   2   2   1  25   1   1   1   1 SOWI   5  63   1 763   1   1
Pudel1  66   1   2   2   1  25   1   1   1   1 SOWI   5  64   6 894   6   1
Pudel1  66   1   2   2   1  25   1   1   1   1 SOWI   5  65   3 864   3   1
Pudel1  66   1   2   2   1  25   1   1   1   1 SOWI   5  66   5 835   5   1
Pudel1  66   1   2   2   1  25   1   1   1   1 SOWI   5  67   1 806   1   1
Pudel1  66   1   2   2   1  25   1   1   1   1 SOWI   5  68   6 951   6   1
Pudel1  66   1   2   2   1  25   1   1   1   1 SOWI   5  69   2 648   2   1
Pudel1  66   1   2   2   1  25   1   1   1   1 SOWI   5  70   3 922   3   1
Pudel1  66   1   2   2   1  25   1   1   1   1 SOWI   5  71   4 848   4   1
Pudel1  66   1   2   2   1  25   1   1   1   1 SOWI   5  72   6 664   6   1
Pudel1  66   1   2   2   1  25   1   1   1   1 SOWI   5  73   5 823   5   1
Pudel1  66   1   2   2   1  25   1   1   1   1 SOWI   5  74   4 633   4   1
Pudel1  66   1   2   2   1  25   1   1   1   1 SOWI   5  75   3 835   3   1
Pudel1  66   1   2   2   1  25   1   1   1   1 SOWI   5  76   6 723   6   1
Pudel1  66   1   2   2   1  25   1   1   1   1 SOWI   5  77   1 731   1   1
Pudel1  66   1   2   2   1  25   1   1   1   1 SOWI   5  78   3 894   3   1
Pudel1  66   1   2   2   1  25   1   1   1   1 SOWI   5  79   2 792   2   1
Pudel1  66   1   2   2   1  25   1   1   1   1 SOWI   5  80   6 780   6   1
Pudel1  66   1   2   2   1  25   1   1   1   1 SOWI   5  81   3 706   3   1
Pudel1  66   1   2   2   1  25   1   1   1   1 SOWI   5  82   5 663   5   1
Pudel1  66   1   2   2   1  25   1   1   1   1 SOWI   5  83   6 891   6   1
Pudel1  66   1   2   2   1  25   1   1   1   1 SOWI   5  84   3 850   3   1
Pudel1  66   1   2   2   1  25   1   1   1   1 SOWI   5  85   2 648   2   1
Pudel1  66   1   2   2   1  25   1   1   1   1 SOWI   5  86   1 721   1   1
Pudel1  66   1   2   2   1  25   1   1   1   1 SOWI   5  87   6 693   6   1
Pudel1  66   1   2   2   1  25   1   1   1   1 SOWI   5  88   4 820   4   1
Pudel1  66   1   2   2   1  25   1   1   1   1 SOWI   5  89   3 864   3   1
Pudel1  66   1   2   2   1  25   1   1   1   1 SOWI   5  90   6 794   6   1
Pudel1  66   1   2   2   1  25   1   1   1   1 SOWI   5  91   1 790   1   1
Pudel1  66   1   2   2   1  25   1   1   1   1 SOWI   5  92   3 865   3   1
Pudel1  66   1   2   2   1  25   1   1   1   1 SOWI   5  93   5 749   5   1
Pudel1  66   1   2   2   1  25   1   1   1   1 SOWI   5  94   4 921   4   1
Pudel1  66   1   2   2   1  25   1   1   1   1 SOWI   5  95   6 722   6   1
Pudel1  66   1   2   2   1  25   1   1   1   1 SOWI   5  96   2 732   2   1
Pudel1  66   1   2   2   1  25   1   1   1   1 SOWI   5  97   3 679   3   1
Pudel1  66   1   2   2   1  25   1   1   1   1 SOWI   5  98   6 694   6   1
Pudel1  66   1   2   2   1  25   1   1   1   1 SOWI   5  99   1 791   1   1
Pudel1  66   1   2   2   1  25   1   1   1   1 SOWI   5 100   5 878   5   1
Pudel1  66   1   2   2   1  25   1   1   1   1 SOWI   5 101   3 793   3   1
Pudel1  66   1   2   2   1  25   1   1   1   1 SOWI   5 102   2 663   2   1
Pudel1  66   1   2   2   1  25   1   1   1   1 SOWI   5 103   4 1065   4   1
Pudel1  66   1   2   2   1  25   1   1   1   1 SOWI   5 104   6 650   6   1
Pudel1  66   1   2   2   1  25   1   1   1   1 SOWI   5 105   2 906   2   1
Pudel1  66   1   2   2   1  25   1   1   1   1 SOWI   5 106   3 692   3   1
Pudel1  66   1   2   2   1  25   1   1   1   1 SOWI   5 107   4 864   4   1
Pudel1  66   1   2   2   1  25   1   1   1   1 SOWI   5 108   1 791   1   1
Pudel1  66   1   2   2   1  25   1   1   1   1 SOWI   5 109   6 607   6   1
Pudel1  66   1   2   2   1  25   1   1   1   1 SOWI   5 110   3 877   3   1
Pudel1  66   1   2   2   1  25   1   1   1   1 SOWI   5 111   5 792   5   1
Pudel1  66   1   2   2   1  25   1   1   1   1 SOWI   5 112   6 693   6   1
Pudel1  66   1   2   2   1  25   1   1   1   1 SOWI   5 113   3 906   3   1
Pudel1  66   1   2   2   1  25   1   1   1   1 SOWI   5 114   4 978   4   1
Pudel1  66   1   2   2   1  25   1   1   1   1 SOWI   5 115   6 722   6   1
Pudel1  66   1   2   2   1  25   1   1   1   1 SOWI   5 116   3 805   3   1
Pudel1  66   1   2   2   1  25   1   1   1   1 SOWI   5 117   1 792   1   1
Pudel1  66   1   2   2   1  25   1   1   1   1 SOWI   5 118   2 936   2   1
Pudel1  66   1   2   2   1  25   1   1   1   1 SOWI   5 119   5 867   5   1
Pudel1  66   1   2   2   1  25   1   1   1   1 SOWI   5 120   6 621   6   1
Pudel1  66   1   2   2   1  25   1   1   1   1 SOWI   5 121   2 805   2   1
Pudel1  66   1   2   2   1  25   1   1   1   1 SOWI   5 122   3 692   3   1
Pudel1  66   1   2   2   1  25   1   1   1   1 SOWI   5 123   6 649   6   1
Pudel1  66   1   2   2   1  25   1   1   1   1 SOWI   5 124   4 720   4   1
Pudel1  66   1   2   2   1  25   1   1   1   1 SOWI   5 125   5 663   5   1
Pudel1  66   1   2   2   1  25   1   1   1   1 SOWI   5 126   6 679   6   1
Pudel1  66   1   2   2   1  25   1   1   1   1 SOWI   5 127   1 747   1   1
Pudel1  66   1   2   2   1  25   1   1   1   1 SOWI   5 128   3 708   3   1
Pudel1  66   1   2   2   1  25   1   1   1   1 SOWI   5 129   6 736   6   1
Pudel1  66   1   2   2   1  25   1   1   1   1 SOWI   5 130   2 777   2   1
Pudel1  66   1   2   2   1  25   1   1   1   1 SOWI   5 131   3 734   3   1
Pudel1  66   1   2   2   1  25   1   1   1   1 SOWI   5 132   6 707   6   1
Pudel1  66   1   2   2   1  25   1   1   1   1 SOWI   5 133   3 734   1   0
Pudel1  66   1   2   2   1  25   1   1   1   1 SOWI   5 134   3 1241   3   1
Pudel1  66   1   2   2   1  25   1   1   1   1 SOWI   5 135   5 936   5   1
Pudel1  66   1   2   2   1  25   1   1   1   1 SOWI   5 136   4 820   4   1
Pudel1  66   1   2   2   1  25   1   1   1   1 SOWI   5 137   6 605   6   1
Pudel1  66   1   2   2   1  25   1   1   1   1 SOWI   5 138   1 762   1   1
Pudel1  66   1   2   2   1  25   1   1   1   1 SOWI   5 139   3 995   3   1
Pudel1  66   1   2   2   1  25   1   1   1   1 SOWI   5 140   6 650   6   1
Pudel1  66   1   2   2   1  25   1   1   1   1 SOWI   5 141   5 749   5   1
Pudel1  66   1   2   2   1  25   1   1   1   1 SOWI   5 142   4 850   4   1
Pudel1  66   1   2   2   1  25   1   1   1   1 SOWI   5 143   3 721   3   1
Pudel1  66   1   2   2   1  25   1   1   1   1 SOWI   5 144   2 590   2   1
Pudel1  66   1   2   2   1  25   1   1   1   1 SOWI   6   1   5 890   5   1
Pudel1  66   1   2   2   1  25   1   1   1   1 SOWI   6   2   6 763   6   1
Pudel1  66   1   2   2   1  25   1   1   1   1 SOWI   6   3   3 993   3   1
Pudel1  66   1   2   2   1  25   1   1   1   1 SOWI   6   4   4 922   4   1
Pudel1  66   1   2   2   1  25   1   1   1   1 SOWI   6   5   6 1885   6   1
Pudel1  66   1   2   2   1  25   1   1   1   1 SOWI   6   6   2 747   2   1
Pudel1  66   1   2   2   1  25   1   1   1   1 SOWI   6   7   3 634   3   1
Pudel1  66   1   2   2   1  25   1   1   1   1 SOWI   6   8   1 719   1   1
Pudel1  66   1   2   2   1  25   1   1   1   1 SOWI   6   9   6 680   6   1
Pudel1  66   1   2   2   1  25   1   1   1   1 SOWI   6  10   3 748   3   1
Pudel1  66   1   2   2   1  25   1   1   1   1 SOWI   6  11   4 821   4   1
Pudel1  66   1   2   2   1  25   1   1   1   1 SOWI   6  12   2 921   2   1
Pudel1  66   1   2   2   1  25   1   1   1   1 SOWI   6  13   3 1096   3   1
Pudel1  66   1   2   2   1  25   1   1   1   1 SOWI   6  14   1 705   1   1
Pudel1  66   1   2   2   1  25   1   1   1   1 SOWI   6  15   6 635   6   1
Pudel1  66   1   2   2   1  25   1   1   1   1 SOWI   6  16   5 750   5   1
Pudel1  66   1   2   2   1  25   1   1   1   1 SOWI   6  17   3 791   3   1
Pudel1  66   1   2   2   1  25   1   1   1   1 SOWI   6  18   2 718   2   1
Pudel1  66   1   2   2   1  25   1   1   1   1 SOWI   6  19   1 693   1   1
Pudel1  66   1   2   2   1  25   1   1   1   1 SOWI   6  20   4 950   4   1
Pudel1  66   1   2   2   1  25   1   1   1   1 SOWI   6  21   6 679   6   1
Pudel1  66   1   2   2   1  25   1   1   1   1 SOWI   6  22   5 592   5   1
Pudel1  66   1   2   2   1  25   1   1   1   1 SOWI   6  23   3 819   3   1
Pudel1  66   1   2   2   1  25   1   1   1   1 SOWI   6  24   6 751   6   1
Pudel1  66   1   2   2   1  25   1   1   1   1 SOWI   6  25   4 792   4   1
Pudel1  66   1   2   2   1  25   1   1   1   1 SOWI   6  26   2 705   2   1
Pudel1  66   1   2   2   1  25   1   1   1   1 SOWI   6  27   6 764   6   1
Pudel1  66   1   2   2   1  25   1   1   1   1 SOWI   6  28   3 762   3   1
Pudel1  66   1   2   2   1  25   1   1   1   1 SOWI   6  29   1 677   1   1
Pudel1  66   1   2   2   1  25   1   1   1   1 SOWI   6  30   6 1038   6   1
Pudel1  66   1   2   2   1  25   1   1   1   1 SOWI   6  31   3 978   3   1
Pudel1  66   1   2   2   1  25   1   1   1   1 SOWI   6  32   5 708   5   1
Pudel1  66   1   2   2   1  25   1   1   1   1 SOWI   6  33   6 763   6   1
Pudel1  66   1   2   2   1  25   1   1   1   1 SOWI   6  34   3 1194   3   1
Pudel1  66   1   2   2   1  25   1   1   1   1 SOWI   6  35   4 849   4   1
Pudel1  66   1   2   2   1  25   1   1   1   1 SOWI   6  36   1 821   1   1
Pudel1  66   1   2   2   1  25   1   1   1   1 SOWI   6  37   5 939   5   1
Pudel1  66   1   2   2   1  25   1   1   1   1 SOWI   6  38   6 589   6   1
Pudel1  66   1   2   2   1  25   1   1   1   1 SOWI   6  39   3 979   3   1
Pudel1  66   1   2   2   1  25   1   1   1   1 SOWI   6  40   2 677   2   1
Pudel1  66   1   2   2   1  25   1   1   1   1 SOWI   6  41   6 707   6   1
Pudel1  66   1   2   2   1  25   1   1   1   1 SOWI   6  42   3 992   3   1
Pudel1  66   1   2   2   1  25   1   1   1   1 SOWI   6  43   5 807   5   1
Pudel1  66   1   2   2   1  25   1   1   1   1 SOWI   6  44   1 806   1   1
Pudel1  66   1   2   2   1  25   1   1   1   1 SOWI   6  45   6 650   6   1
Pudel1  66   1   2   2   1  25   1   1   1   1 SOWI   6  46   2 907   2   1
Pudel1  66   1   2   2   1  25   1   1   1   1 SOWI   6  47   3 935   3   1
Pudel1  66   1   2   2   1  25   1   1   1   1 SOWI   6  48   4 952   4   1
Pudel1  66   1   2   2   1  25   1   1   1   1 SOWI   6  49   6 692   6   1
Pudel1  66   1   2   2   1  25   1   1   1   1 SOWI   6  50   5 807   5   1
Pudel1  66   1   2   2   1  25   1   1   1   1 SOWI   6  51   3 849   3   1
Pudel1  66   1   2   2   1  25   1   1   1   1 SOWI   6  52   1 820   1   1
Pudel1  66   1   2   2   1  25   1   1   1   1 SOWI   6  53   4 836   4   1
Pudel1  66   1   2   2   1  25   1   1   1   1 SOWI   6  54   2 836   2   1
Pudel1  66   1   2   2   1  25   1   1   1   1 SOWI   6  55   6 807   6   1
Pudel1  66   1   2   2   1  25   1   1   1   1 SOWI   6  56   3 978   3   1
Pudel1  66   1   2   2   1  25   1   1   1   1 SOWI   6  57   2 1067   2   1
Pudel1  66   1   2   2   1  25   1   1   1   1 SOWI   6  58   5 952   5   1
Pudel1  66   1   2   2   1  25   1   1   1   1 SOWI   6  59   3 834   3   1
Pudel1  66   1   2   2   1  25   1   1   1   1 SOWI   6  60   4 923   4   1
Pudel1  66   1   2   2   1  25   1   1   1   1 SOWI   6  61   6 708   6   1
Pudel1  66   1   2   2   1  25   1   1   1   1 SOWI   6  62   3 948   3   1
Pudel1  66   1   2   2   1  25   1   1   1   1 SOWI   6  63   1 706   1   1
Pudel1  66   1   2   2   1  25   1   1   1   1 SOWI   6  64   6 822   6   1
Pudel1  66   1   2   2   1  25   1   1   1   1 SOWI   6  65   3 1167   3   1
Pudel1  66   1   2   2   1  25   1   1   1   1 SOWI   6  66   5 836   5   1
Pudel1  66   1   2   2   1  25   1   1   1   1 SOWI   6  67   1 762   1   1
Pudel1  66   1   2   2   1  25   1   1   1   1 SOWI   6  68   6 1095   6   1
Pudel1  66   1   2   2   1  25   1   1   1   1 SOWI   6  69   2 994   2   1
Pudel1  66   1   2   2   1  25   1   1   1   1 SOWI   6  70   3 692   3   1
Pudel1  66   1   2   2   1  25   1   1   1   1 SOWI   6  71   4 836   4   1
Pudel1  66   1   2   2   1  25   1   1   1   1 SOWI   6  72   6 677   6   1
Pudel1  66   1   2   2   1  25   1   1   1   1 SOWI   6  73   5 749   5   1
Pudel1  66   1   2   2   1  25   1   1   1   1 SOWI   6  74   4 664   4   1
Pudel1  66   1   2   2   1  25   1   1   1   1 SOWI   6  75   3 1036   3   1
Pudel1  66   1   2   2   1  25   1   1   1   1 SOWI   6  76   6 664   6   1
Pudel1  66   1   2   2   1  25   1   1   1   1 SOWI   6  77   1 749   1   1
Pudel1  66   1   2   2   1  25   1   1   1   1 SOWI   6  78   3 749   3   1
Pudel1  66   1   2   2   1  25   1   1   1   1 SOWI   6  79   2 907   2   1
Pudel1  66   1   2   2   1  25   1   1   1   1 SOWI   6  80   6 809   6   1
Pudel1  66   1   2   2   1  25   1   1   1   1 SOWI   6  81   3 820   3   1
Pudel1  66   1   2   2   1  25   1   1   1   1 SOWI   6  82   5 622   5   1
Pudel1  66   1   2   2   1  25   1   1   1   1 SOWI   6  83   6 576   6   1
Pudel1  66   1   2   2   1  25   1   1   1   1 SOWI   6  84   3 764   3   1
Pudel1  66   1   2   2   1  25   1   1   1   1 SOWI   6  85   2 648   2   1
Pudel1  66   1   2   2   1  25   1   1   1   1 SOWI   6  86   1 850   1   1
Pudel1  66   1   2   2   1  25   1   1   1   1 SOWI   6  87   6 649   6   1
Pudel1  66   1   2   2   1  25   1   1   1   1 SOWI   6  88   4 964   4   1
Pudel1  66   1   2   2   1  25   1   1   1   1 SOWI   6  89   3 1036   3   1
Pudel1  66   1   2   2   1  25   1   1   1   1 SOWI   6  90   6 780   6   1
Pudel1  66   1   2   2   1  25   1   1   1   1 SOWI   6  91   1 790   1   1
Pudel1  66   1   2   2   1  25   1   1   1   1 SOWI   6  92   3 748   3   1
Pudel1  66   1   2   2   1  25   1   1   1   1 SOWI   6  93   5 707   5   1
Pudel1  66   1   2   2   1  25   1   1   1   1 SOWI   6  94   4 733   4   1
Pudel1  66   1   2   2   1  25   1   1   1   1 SOWI   6  95   6 649   6   1
Pudel1  66   1   2   2   1  25   1   1   1   1 SOWI   6  96   2 835   2   1
Pudel1  66   1   2   2   1  25   1   1   1   1 SOWI   6  97   3 981   3   1
Pudel1  66   1   2   2   1  25   1   1   1   1 SOWI   6  98   6 605   6   1
Pudel1  66   1   2   2   1  25   1   1   1   1 SOWI   6  99   1 762   1   1
Pudel1  66   1   2   2   1  25   1   1   1   1 SOWI   6 100   5 752   5   1
Pudel1  66   1   2   2   1  25   1   1   1   1 SOWI   6 101   3 747   3   1
Pudel1  66   1   2   2   1  25   1   1   1   1 SOWI   6 102   2 1065   2   1
Pudel1  66   1   2   2   1  25   1   1   1   1 SOWI   6 103   4 865   4   1
Pudel1  66   1   2   2   1  25   1   1   1   1 SOWI   6 104   6 533   6   1
Pudel1  66   1   2   2   1  25   1   1   1   1 SOWI   6 105   2 792   2   1
Pudel1  66   1   2   2   1  25   1   1   1   1 SOWI   6 106   3 577   3   1
Pudel1  66   1   2   2   1  25   1   1   1   1 SOWI   6 107   4 808   4   1
Pudel1  66   1   2   2   1  25   1   1   1   1 SOWI   6 108   1 791   1   1
Pudel1  66   1   2   2   1  25   1   1   1   1 SOWI   6 109   6 535   6   1
Pudel1  66   1   2   2   1  25   1   1   1   1 SOWI   6 110   3 1122   3   1
Pudel1  66   1   2   2   1  25   1   1   1   1 SOWI   6 111   5 723   5   1
Pudel1  66   1   2   2   1  25   1   1   1   1 SOWI   6 112   6 676   6   1
Pudel1  66   1   2   2   1  25   1   1   1   1 SOWI   6 113   3 1021   3   1
Pudel1  66   1   2   2   1  25   1   1   1   1 SOWI   6 114   4 892   4   1
Pudel1  66   1   2   2   1  25   1   1   1   1 SOWI   6 115   6 694   6   1
Pudel1  66   1   2   2   1  25   1   1   1   1 SOWI   6 116   3 1049   3   1
Pudel1  66   1   2   2   1  25   1   1   1   1 SOWI   6 117   1 790   1   1
Pudel1  66   1   2   2   1  25   1   1   1   1 SOWI   6 118   2 1007   2   1
Pudel1  66   1   2   2   1  25   1   1   1   1 SOWI   6 119   5 866   5   1
Pudel1  66   1   2   2   1  25   1   1   1   1 SOWI   6 120   6 589   6   1
Pudel1  66   1   2   2   1  25   1   1   1   1 SOWI   6 121   2 707   2   1
Pudel1  66   1   2   2   1  25   1   1   1   1 SOWI   6 122   3 879   3   1
Pudel1  66   1   2   2   1  25   1   1   1   1 SOWI   6 123   6 779   6   1
Pudel1  66   1   2   2   1  25   1   1   1   1 SOWI   6 124   4 906   4   1
Pudel1  66   1   2   2   1  25   1   1   1   1 SOWI   6 125   5 707   5   1
Pudel1  66   1   2   2   1  25   1   1   1   1 SOWI   6 126   6 807   6   1
Pudel1  66   1   2   2   1  25   1   1   1   1 SOWI   6 127   1 719   1   1
Pudel1  66   1   2   2   1  25   1   1   1   1 SOWI   6 128   3 650   3   1
Pudel1  66   1   2   2   1  25   1   1   1   1 SOWI   6 129   6 693   6   1
Pudel1  66   1   2   2   1  25   1   1   1   1 SOWI   6 130   2 848   2   1
Pudel1  66   1   2   2   1  25   1   1   1   1 SOWI   6 131   3 894   3   1
Pudel1  66   1   2   2   1  25   1   1   1   1 SOWI   6 132   6 808   6   1
Pudel1  66   1   2   2   1  25   1   1   1   1 SOWI   6 133   1 661   1   1
Pudel1  66   1   2   2   1  25   1   1   1   1 SOWI   6 134   3 693   3   1
Pudel1  66   1   2   2   1  25   1   1   1   1 SOWI   6 135   5 707   5   1
Pudel1  66   1   2   2   1  25   1   1   1   1 SOWI   6 136   4 779   4   1
Pudel1  66   1   2   2   1  25   1   1   1   1 SOWI   6 137   6 720   6   1
Pudel1  66   1   2   2   1  25   1   1   1   1 SOWI   6 138   1 790   1   1
Pudel1  66   1   2   2   1  25   1   1   1   1 SOWI   6 139   3 664   3   1
Pudel1  66   1   2   2   1  25   1   1   1   1 SOWI   6 140   6 750   6   1
Pudel1  66   1   2   2   1  25   1   1   1   1 SOWI   6 141   5 792   5   1
Pudel1  66   1   2   2   1  25   1   1   1   1 SOWI   6 142   4 777   4   1
Pudel1  66   1   2   2   1  25   1   1   1   1 SOWI   6 143   3 934   3   1
Pudel1  66   1   2   2   1  25   1   1   1   1 SOWI   6 144   2 634   2   1
Pudel1  66   1   2   2   1  25   1   1   1   1 SOWI   7   1   1   3 3980   0   6   3   5   6   3   2   4
Pudel1  66   1   2   2   1  25   1   1   1   1 SOWI   7   2   1   2 2590   0   5   4   3   6   1   3   5
Pudel1  66   1   2   2   1  25   1   1   1   1 SOWI   7   3   1   3 1240   1   6   1   3   2   6   3   4
Pudel1  66   1   2   2   1  25   1   1   1   1 SOWI   7   4   1   4 3390   0   6   1   3   2   6   3   5
Pudel1  66   1   2   2   1  25   1   1   1   1 SOWI   7   5   1   3 1560   0   3   2   6   3   5   6   3
Pudel1  66   1   2   2   1  25   1   1   1   1 SOWI   7   6   1   4 470   0   4   3   6   1   3   2   5
Pudel1  66   1   2   2   1  25   1   1   1   1 SOWI   7   7   1   5 1350   0   3   2   6   3   5   6   5
Pudel1  66   1   2   2   1  25   1   1   1   1 SOWI   7   8   1   5 3451   0   5   4   3   6   1   3   3
Pudel1  66   1   2   2   1  25   1   1   1   1 SOWI   7   9   1   6 1270   0   2   6   3   5   6   3   4
Pudel1  66   1   2   2   1  25   1   1   1   1 SOWI   7  10   1   5 421   0   2   6   3   5   6   3   5
Pudel1  66   1   2   2   1  25   1   1   1   1 SOWI   7  11   1   5 1070   0   2   6   3   5   6   3   3
Pudel1  66   1   2   2   1  25   1   1   1   1 SOWI   7  12   1   5 1041   0   6   1   3   2   6   3   4
Pudel1  66   1   2   2   1  25   1   1   1   1 SOWI   7  13   1   5 430   0   6   1   3   2   6   3   4
Pudel1  66   1   2   2   1  25   1   1   1   1 SOWI   7  14   1   5 570   1   1   3   2   6   3   5   3
Pudel1  66   1   2   2   1  25   1   1   1   1 SOWI   7  15   1   5 450   0   5   4   3   6   1   3   5
Pudel1  66   1   2   2   1  25   1   1   1   1 SOWI   7  16   1   5 380   0   5   4   3   6   1   3   3
Pudel1  66   1   2   2   1  25   1   1   1   1 SOWI   7  17   1   5 550   1   1   3   2   6   3   5   4
Pudel1  66   1   2   2   1  25   1   1   1   1 SOWI   7  18   1   5 360   0   6   1   3   2   6   3   3
Pudel1  66   1   2   2   1  25   1   1   1   1 SOWI   7  19   1   5 1380   0   6   3   5   6   3   2   5
Pudel1  66   1   2   2   1  25   1   1   1   1 SOWI   7  20   1   5 750   0   3   2   6   3   5   6   3
Pudel1  66   1   2   2   1  25   1   1   1   1 SOWI   7  21   1   6 1800   0   1   3   2   6   3   5   4
Pudel1  66   1   2   2   1  25   1   1   1   1 SOWI   7  22   1   6 1620   0   4   3   6   1   3   2   3
Pudel1  66   1   2   2   1  25   1   1   1   1 SOWI   7  23   1   6 510   0   6   1   3   2   6   3   5
Pudel1  66   1   2   2   1  25   1   1   1   1 SOWI   7  24   1   6 520   0   1   3   2   6   3   5   5
Pudel1  66   1   2   2   1  25   1   1   1   1 SOWI   7  25   1   5 870   0   6   1   3   2   6   3   5
Pudel1  66   1   2   2   1  25   1   1   1   1 SOWI   7  26   1   5 530   0   3   6   1   3   2   6   5
Pudel1  66   1   2   2   1  25   1   1   1   1 SOWI   7  27   1   4 790   0   6   3   5   6   3   2   5
Pudel1  66   1   2   2   1  25   1   1   1   1 SOWI   7  28   1   6 340   1   3   2   6   3   5   6   5
Pudel1  66   1   2   2   1  25   1   1   1   1 SOWI   7  29   1   4 790   0   4   3   6   1   3   2   4
Pudel1  66   1   2   2   1  25   1   1   1   1 SOWI   7  30   1   5 980   0   4   3   6   1   3   2   3
Pudel1  66   1   2   2   1  25   1   1   1   1 SOWI   7  31   1   4 930   0   2   6   3   5   6   3   3
Pudel1  66   1   2   2   1  25   1   1   1   1 SOWI   7  32   1   4 400   0   3   6   1   3   2   6   3
Pudel1  66   1   2   2   1  25   1   1   1   1 SOWI   7  33   1   4 410   0   3   6   1   3   2   6   3
Pudel1  66   1   2   2   1  25   1   1   1   1 SOWI   7  34   1   4 390   0   1   3   2   6   3   5   3
Pudel1  66   1   2   2   1  25   1   1   1   1 SOWI   7  35   1   4 380   0   2   6   3   5   6   3   3
Pudel1  66   1   2   2   1  25   1   1   1   1 SOWI   7  36   1   5 500   0   6   1   3   2   6   3   4
Pudel1  66   1   2   2   1  25   1   1   1   1 SOWI   7  37   1   4 450   0   3   6   1   3   2   6   4
Pudel1  66   1   2   2   1  25   1   1   1   1 SOWI   7  38   1   4 360   0   4   3   6   1   3   2   3
Pudel1  66   1   2   2   1  25   1   1   1   1 SOWI   7  39   1   2 590   0   1   3   2   6   3   5   4
Pudel1  66   1   2   2   1  25   1   1   1   1 SOWI   7  40   1   6 521   0   6   1   3   2   6   3   3
Pudel1  66   1   2   2   1  25   1   1   1   1 SOWI   7  41   1   4 550   0   3   2   6   3   5   6   4
Pudel1  66   1   2   2   1  25   1   1   1   1 SOWI   7  42   1   4 840   0   1   3   2   6   3   5   4
Pudel1  66   1   2   2   1  25   1   1   1   1 SOWI   7  43   1   2 720   1   6   3   5   6   3   2   4
Pudel1  66   1   2   2   1  25   1   1   1   1 SOWI   7  44   1   2 740   1   6   3   5   6   3   2   5
Pudel1  66   1   2   2   1  25   1   1   1   1 SOWI   7  45   1   5 680   0   6   3   5   6   3   2   3
Pudel1  66   1   2   2   1  25   1   1   1   1 SOWI   7  46   1   4 2220   0   3   2   6   3   5   6   3
Pudel1  66   1   2   2   1  25   1   1   1   1 SOWI   7  47   1   4 520   0   3   6   1   3   2   6   4
Pudel1  66   1   2   2   1  25   1   1   1   1 SOWI   7  48   1   2 750   1   4   3   6   1   3   2   5
Pudel1  66   1   2   2   1  25   1   1   1   1 SOWI   7  49   1   6 550   0   6   1   3   2   6   3   3
Pudel1  66   1   2   2   1  25   1   1   1   1 SOWI   7  50   1   1 520   0   3   2   6   3   5   6   3
Pudel1  66   1   2   2   1  25   1   1   1   1 SOWI   7  51   1   5 590   0   5   4   3   6   1   3   3
Pudel1  66   1   2   2   1  25   1   1   1   1 SOWI   7  52   1   2 410   0   5   4   3   6   1   3   3
Pudel1  66   1   2   2   1  25   1   1   1   1 SOWI   7  53   1   4 920   0   2   6   3   5   6   3   4
Pudel1  66   1   2   2   1  25   1   1   1   1 SOWI   7  54   1   2 220   0   3   6   1   3   2   6   5
Pudel1  66   1   2   2   1  25   1   1   1   1 SOWI   7  55   1   5 1280   0   6   1   3   2   6   3   3
Pudel1  66   1   2   2   1  25   1   1   1   1 SOWI   7  56   1   5 560   0   2   6   3   5   6   3   4
Pudel1  66   1   2   2   1  25   1   1   1   1 SOWI   7  57   1   3 520   0   3   6   1   3   2   6   5
Pudel1  66   1   2   2   1  25   1   1   1   1 SOWI   7  58   1   5 500   1   1   3   2   6   3   5   5
Pudel1  66   1   2   2   1  25   1   1   1   1 SOWI   7  59   1   4 740   0   1   3   2   6   3   5   3
Pudel1  66   1   2   2   1  25   1   1   1   1 SOWI   7  60   1   5  20   1   1   3   2   6   3   5   4
Pudel1  66   1   2   2   1  25   1   1   1   1 SOWI   7  61   1   2 420   0   3   6   1   3   2   6   4
Pudel1  66   1   2   2   1  25   1   1   1   1 SOWI   7  62   1   3 660   0   6   3   5   6   3   2   5
Pudel1  66   1   2   2   1  25   1   1   1   1 SOWI   7  63   1   1 700   0   4   3   6   1   3   2   5
Pudel1  66   1   2   2   1  25   1   1   1   1 SOWI   7  64   1   5 780   0   6   1   3   2   6   3   3
Pudel1  66   1   2   2   1  25   1   1   1   1 SOWI   7  65   1   6 1030   0   4   3   6   1   3   2   4
Pudel1  66   1   2   2   1  25   1   1   1   1 SOWI   7  66   1   5 1030   0   5   4   3   6   1   3   4
Pudel1  66   1   2   2   1  25   1   1   1   1 SOWI   7  67   1   5 1600   0   2   6   3   5   6   3   3
Pudel1  66   1   2   2   1  25   1   1   1   1 SOWI   7  68   1   1 850   0   2   6   3   5   6   3   3
Pudel1  66   1   2   2   1  25   1   1   1   1 SOWI   7  69   1   3 680   0   6   3   5   6   3   2   3
Pudel1  66   1   2   2   1  25   1   1   1   1 SOWI   7  70   1   1 380   0   2   6   3   5   6   3   5
Pudel1  66   1   2   2   1  25   1   1   1   1 SOWI   7  71   1   3 560   0   6   3   5   6   3   2   4
Pudel1  66   1   2   2   1  25   1   1   1   1 SOWI   7  72   1   5 450   0   6   1   3   2   6   3   5
Pudel1  66   1   2   2   1  25   1   1   1   1 SOWI   7  73   1   5 360   0   5   4   3   6   1   3   4
Pudel1  66   1   2   2   1  25   1   1   1   1 SOWI   7  74   1   5 420   0   2   6   3   5   6   3   4
Pudel1  66   1   2   2   1  25   1   1   1   1 SOWI   7  75   1   6 360   1   3   6   1   3   2   6   3
Pudel1  66   1   2   2   1  25   1   1   1   1 SOWI   7  76   1   5 240   0   6   3   5   6   3   2   3
Pudel1  66   1   2   2   1  25   1   1   1   1 SOWI   7  77   1   4 400   0   3   6   1   3   2   6   4
Pudel1  66   1   2   2   1  25   1   1   1   1 SOWI   7  78   1   6 350   0   1   3   2   6   3   5   3
Pudel1  66   1   2   2   1  25   1   1   1   1 SOWI   7  79   1   5 260   0   3   6   1   3   2   6   3
Pudel1  66   1   2   2   1  25   1   1   1   1 SOWI   7  80   1   4 220   0   3   2   6   3   5   6   4
Pudel1  66   1   2   2   1  25   1   1   1   1 SOWI   7  81   1   3 190   0   3   6   1   3   2   6   4
Pudel1  66   1   2   2   1  25   1   1   1   1 SOWI   7  82   1   4 460   0   6   1   3   2   6   3   4
Pudel1  66   1   2   2   1  25   1   1   1   1 SOWI   7  83   1   3 420   1   2   6   3   5   6   3   4
Pudel1  66   1   2   2   1  25   1   1   1   1 SOWI   7  84   1   2 371   0   3   2   6   3   5   6   4
Pudel1  66   1   2   2   1  25   1   1   1   1 SOWI   7  85   1   5 430   0   6   3   5   6   3   2   4
Pudel1  66   1   2   2   1  25   1   1   1   1 SOWI   7  86   1   2 330   0   3   2   6   3   5   6   4
Pudel1  66   1   2   2   1  25   1   1   1   1 SOWI   7  87   1   1 300   0   5   4   3   6   1   3   4
Pudel1  66   1   2   2   1  25   1   1   1   1 SOWI   7  88   1   2 590   0   3   2   6   3   5   6   5
Pudel1  66   1   2   2   1  25   1   1   1   1 SOWI   7  89   1   1 290   0   5   4   3   6   1   3   4
Pudel1  66   1   2   2   1  25   1   1   1   1 SOWI   7  90   1   2 350   1   4   3   6   1   3   2   3
Pudel1  66   1   2   2   1  25   1   1   1   1 SOWI   7  91   1   3 480   1   2   6   3   5   6   3   5
Pudel1  66   1   2   2   1  25   1   1   1   1 SOWI   7  92   1   3 280   1   5   4   3   6   1   3   5
Pudel1  66   1   2   2   1  25   1   1   1   1 SOWI   7  93   1   3 480   0   6   3   5   6   3   2   5
Pudel1  66   1   2   2   1  25   1   1   1   1 SOWI   7  94   1   4 250   0   3   6   1   3   2   6   3
Pudel1  66   1   2   2   1  25   1   1   1   1 SOWI   7  95   1   6 250   0   4   3   6   1   3   2   3
Pudel1  66   1   2   2   1  25   1   1   1   1 SOWI   7  96   1   4 390   0   4   3   6   1   3   2   4
Pudel1  66   1   2   2   1  25   1   1   1   1 SOWI   7  97   1   6 270   0   4   3   6   1   3   2   4
Pudel1  66   1   2   2   1  25   1   1   1   1 SOWI   7  98   1   4 400   0   3   6   1   3   2   6   5
Pudel1  66   1   2   2   1  25   1   1   1   1 SOWI   7  99   1   5 260   0   3   2   6   3   5   6   3
Pudel1  66   1   2   2   1  25   1   1   1   1 SOWI   7 100   1   2 390   0   3   2   6   3   5   6   5
Pudel1  66   1   2   2   1  25   1   1   1   1 SOWI   7 101   1   5 350   0   3   6   1   3   2   6   5
Pudel1  66   1   2   2   1  25   1   1   1   1 SOWI   7 102   1   1 360   0   4   3   6   1   3   2   4
Pudel1  66   1   2   2   1  25   1   1   1   1 SOWI   7 103   1   3 380   0   4   3   6   1   3   2   5
Pudel1  66   1   2   2   1  25   1   1   1   1 SOWI   7 104   1   1 351   0   2   6   3   5   6   3   5
Pudel1  66   1   2   2   1  25   1   1   1   1 SOWI   7 105   1   6 280   0   5   4   3   6   1   3   4
Pudel1  66   1   2   2   1  25   1   1   1   1 SOWI   7 106   1   6 240   1   3   2   6   3   5   6   4
Pudel1  66   1   2   2   1  25   1   1   1   1 SOWI   7 107   1   4 340   0   5   4   3   6   1   3   5
Pudel1  66   1   2   2   1  25   1   1   1   1 SOWI   7 108   1   3 390   0   1   3   2   6   3   5   5
Pudel1  66   1   2   2   1  25   1   1   1   1 SOWI   7 109   1   2 260   0   2   6   3   5   6   3   5
Pudel1  66   1   2   2   1  25   1   1   1   1 SOWI   7 110   1   5 270   0   6   3   5   6   3   2   4
Pudel1  66   1   2   2   1  25   1   1   1   1 SOWI   7 111   1   6 240   0   6   3   5   6   3   2   3
Pudel1  66   1   2   2   1  25   1   1   1   1 SOWI   7 112   1   1 350   0   1   3   2   6   3   5   5
Pudel1  66   1   2   2   1  25   1   1   1   1 SOWI   7 113   1   4 430   0   3   2   6   3   5   6   5
Pudel1  66   1   2   2   1  25   1   1   1   1 SOWI   7 114   1   3 320   0   6   3   5   6   3   2   3
Pudel1  66   1   2   2   1  25   1   1   1   1 SOWI   7 115   1   4 410   0   1   3   2   6   3   5   5
Pudel1  66   1   2   2   1  25   1   1   1   1 SOWI   7 116   1   3 230   0   1   3   2   6   3   5   3
Pudel1  66   1   2   2   1  25   1   1   1   1 SOWI   7 117   1   5 300   0   6   1   3   2   6   3   5
Pudel1  66   1   2   2   1  25   1   1   1   1 SOWI   7 118   1   2 400   1   4   3   6   1   3   2   5
Pudel1  66   1   2   2   1  25   1   1   1   1 SOWI   7 119   1   6 230   0   5   4   3   6   1   3   3
Pudel1  66   1   2   2   1  25   1   1   1   1 SOWI   7 120   1   1 370   0   5   4   3   6   1   3   5
Pudel1  66   1   2   2   1  25   1   1   1   1 SOWI   8   1   1   3 3190   0   6   3   5   6   3   2   4
Pudel1  66   1   2   2   1  25   1   1   1   1 SOWI   8   2   1   6 1090   0   5   4   3   6   1   3   5
Pudel1  66   1   2   2   1  25   1   1   1   1 SOWI   8   3   1   1 970   0   6   1   3   2   6   3   4
Pudel1  66   1   2   2   1  25   1   1   1   1 SOWI   8   4   1   3 1590   1   6   1   3   2   6   3   5
Pudel1  66   1   2   2   1  25   1   1   1   1 SOWI   8   5   1   6 1050   1   3   2   6   3   5   6   3
Pudel1  66   1   2   2   1  25   1   1   1   1 SOWI   8   6   1   4 1020   0   4   3   6   1   3   2   5
Pudel1  66   1   2   2   1  25   1   1   1   1 SOWI   8   7   1   3 920   0   3   2   6   3   5   6   5
Pudel1  66   1   2   2   1  25   1   1   1   1 SOWI   8   8   1   3 1460   1   5   4   3   6   1   3   3
Pudel1  66   1   2   2   1  25   1   1   1   1 SOWI   8   9   1   6 740   0   2   6   3   5   6   3   4
Pudel1  66   1   2   2   1  25   1   1   1   1 SOWI   8  10   1   2 530   0   2   6   3   5   6   3   5
Pudel1  66   1   2   2   1  25   1   1   1   1 SOWI   8  11   1   3 580   1   2   6   3   5   6   3   3
Pudel1  66   1   2   2   1  25   1   1   1   1 SOWI   8  12   1   1 440   0   6   1   3   2   6   3   4
Pudel1  66   1   2   2   1  25   1   1   1   1 SOWI   8  13   1   1 530   0   6   1   3   2   6   3   4
Pudel1  66   1   2   2   1  25   1   1   1   1 SOWI   8  14   1   2 850   0   1   3   2   6   3   5   3
Pudel1  66   1   2   2   1  25   1   1   1   1 SOWI   8  15   1   5 470   0   5   4   3   6   1   3   5
Pudel1  66   1   2   2   1  25   1   1   1   1 SOWI   8  16   1   3 960   1   5   4   3   6   1   3   3
Pudel1  66   1   2   2   1  25   1   1   1   1 SOWI   8  17   1   3 460   0   1   3   2   6   3   5   4
Pudel1  66   1   2   2   1  25   1   1   1   1 SOWI   8  18   1   3 660   1   6   1   3   2   6   3   3
Pudel1  66   1   2   2   1  25   1   1   1   1 SOWI   8  19   1   6 520   0   6   3   5   6   3   2   5
Pudel1  66   1   2   2   1  25   1   1   1   1 SOWI   8  20   1   6 790   1   3   2   6   3   5   6   3
Pudel1  66   1   2   2   1  25   1   1   1   1 SOWI   8  21   1   3 490   0   1   3   2   6   3   5   4
Pudel1  66   1   2   2   1  25   1   1   1   1 SOWI   8  22   1   6 1260   0   4   3   6   1   3   2   3
Pudel1  66   1   2   2   1  25   1   1   1   1 SOWI   8  23   1   6 360   0   6   1   3   2   6   3   5
Pudel1  66   1   2   2   1  25   1   1   1   1 SOWI   8  24   1   1 2750   0   1   3   2   6   3   5   5
Pudel1  66   1   2   2   1  25   1   1   1   1 SOWI   8  25   1   2 3160   0   6   1   3   2   6   3   5
Pudel1  66   1   2   2   1  25   1   1   1   1 SOWI   8  26   1   2 4610   0   3   6   1   3   2   6   5
Pudel1  66   1   2   2   1  25   1   1   1   1 SOWI   8  27   1   4 590   0   6   3   5   6   3   2   5
Pudel1  66   1   2   2   1  25   1   1   1   1 SOWI   8  28   1   1 710   0   3   2   6   3   5   6   5
Pudel1  66   1   2   2   1  25   1   1   1   1 SOWI   8  29   1   1 730   0   4   3   6   1   3   2   4
Pudel1  66   1   2   2   1  25   1   1   1   1 SOWI   8  30   1   6 910   0   4   3   6   1   3   2   3
Pudel1  66   1   2   2   1  25   1   1   1   1 SOWI   8  31   1   5 980   0   2   6   3   5   6   3   3
Pudel1  66   1   2   2   1  25   1   1   1   1 SOWI   8  32   1   6 440   1   3   6   1   3   2   6   3
Pudel1  66   1   2   2   1  25   1   1   1   1 SOWI   8  33   1   1 700   0   3   6   1   3   2   6   3
Pudel1  66   1   2   2   1  25   1   1   1   1 SOWI   8  34   1   6 620   0   1   3   2   6   3   5   3
Pudel1  66   1   2   2   1  25   1   1   1   1 SOWI   8  35   1   4 380   0   2   6   3   5   6   3   3
Pudel1  66   1   2   2   1  25   1   1   1   1 SOWI   8  36   1   2 750   0   6   1   3   2   6   3   4
Pudel1  66   1   2   2   1  25   1   1   1   1 SOWI   8  37   1   4 700   0   3   6   1   3   2   6   4
Pudel1  66   1   2   2   1  25   1   1   1   1 SOWI   8  38   1   4 630   0   4   3   6   1   3   2   3
Pudel1  66   1   2   2   1  25   1   1   1   1 SOWI   8  39   1   3 470   0   1   3   2   6   3   5   4
Pudel1  66   1   2   2   1  25   1   1   1   1 SOWI   8  40   1   6 920   0   6   1   3   2   6   3   3
Pudel1  66   1   2   2   1  25   1   1   1   1 SOWI   8  41   1   2 500   0   3   2   6   3   5   6   4
Pudel1  66   1   2   2   1  25   1   1   1   1 SOWI   8  42   1   1 630   0   1   3   2   6   3   5   4
Pudel1  66   1   2   2   1  25   1   1   1   1 SOWI   8  43   1   5 860   0   6   3   5   6   3   2   4
Pudel1  66   1   2   2   1  25   1   1   1   1 SOWI   8  44   1   3 470   0   6   3   5   6   3   2   5
Pudel1  66   1   2   2   1  25   1   1   1   1 SOWI   8  45   1   6 780   0   6   3   5   6   3   2   3
Pudel1  66   1   2   2   1  25   1   1   1   1 SOWI   8  46   1   5 1210   0   3   2   6   3   5   6   3
Pudel1  66   1   2   2   1  25   1   1   1   1 SOWI   8  47   1   1 420   0   3   6   1   3   2   6   4
Pudel1  66   1   2   2   1  25   1   1   1   1 SOWI   8  48   1   3 650   0   4   3   6   1   3   2   5
Pudel1  66   1   2   2   1  25   1   1   1   1 SOWI   8  49   1   2 570   0   6   1   3   2   6   3   3
Pudel1  66   1   2   2   1  25   1   1   1   1 SOWI   8  50   1   1 1400   0   3   2   6   3   5   6   3
Pudel1  66   1   2   2   1  25   1   1   1   1 SOWI   8  51   1   5 550   0   5   4   3   6   1   3   3
Pudel1  66   1   2   2   1  25   1   1   1   1 SOWI   8  52   1   4 1240   0   5   4   3   6   1   3   3
Pudel1  66   1   2   2   1  25   1   1   1   1 SOWI   8  53   1   1 830   0   2   6   3   5   6   3   4
Pudel1  66   1   2   2   1  25   1   1   1   1 SOWI   8  54   1   5 600   0   3   6   1   3   2   6   5
Pudel1  66   1   2   2   1  25   1   1   1   1 SOWI   8  55   1   5 470   0   6   1   3   2   6   3   3
Pudel1  66   1   2   2   1  25   1   1   1   1 SOWI   8  56   1   6 720   0   2   6   3   5   6   3   4
Pudel1  66   1   2   2   1  25   1   1   1   1 SOWI   8  57   1   2 480   0   3   6   1   3   2   6   5
Pudel1  66   1   2   2   1  25   1   1   1   1 SOWI   8  58   1   6 410   0   1   3   2   6   3   5   5
Pudel1  66   1   2   2   1  25   1   1   1   1 SOWI   8  59   1   1 510   0   1   3   2   6   3   5   3
Pudel1  66   1   2   2   1  25   1   1   1   1 SOWI   8  60   1   4 690   0   1   3   2   6   3   5   4
Pudel1  66   1   2   2   1  25   1   1   1   1 SOWI   8  61   1   4 620   0   3   6   1   3   2   6   4
Pudel1  66   1   2   2   1  25   1   1   1   1 SOWI   8  62   1   3 1870   0   6   3   5   6   3   2   5
Pudel1  66   1   2   2   1  25   1   1   1   1 SOWI   8  63   1   6 1540   0   4   3   6   1   3   2   5
Pudel1  66   1   2   2   1  25   1   1   1   1 SOWI   8  64   1   2 690   0   6   1   3   2   6   3   3
Pudel1  66   1   2   2   1  25   1   1   1   1 SOWI   8  65   1   2 620   1   4   3   6   1   3   2   4
Pudel1  66   1   2   2   1  25   1   1   1   1 SOWI   8  66   1   4 950   0   5   4   3   6   1   3   4
Pudel1  66   1   2   2   1  25   1   1   1   1 SOWI   8  67   1   3 960   1   2   6   3   5   6   3   3
Pudel1  66   1   2   2   1  25   1   1   1   1 SOWI   8  68   1   1 710   0   2   6   3   5   6   3   3
Pudel1  66   1   2   2   1  25   1   1   1   1 SOWI   8  69   1   2 610   1   6   3   5   6   3   2   3
Pudel1  66   1   2   2   1  25   1   1   1   1 SOWI   8  70   1   4 790   0   2   6   3   5   6   3   5
Pudel1  66   1   2   2   1  25   1   1   1   1 SOWI   8  71   1   1 890   0   6   3   5   6   3   2   4
Pudel1  66   1   2   2   1  25   1   1   1   1 SOWI   8  72   1   4 760   0   6   1   3   2   6   3   5
Pudel1  66   1   2   2   1  25   1   1   1   1 SOWI   8  73   1   5 851   0   5   4   3   6   1   3   4
Pudel1  66   1   2   2   1  25   1   1   1   1 SOWI   8  74   1   1 620   0   2   6   3   5   6   3   4
Pudel1  66   1   2   2   1  25   1   1   1   1 SOWI   8  75   1   4 960   0   3   6   1   3   2   6   3
Pudel1  66   1   2   2   1  25   1   1   1   1 SOWI   8  76   1   2 930   1   6   3   5   6   3   2   3
Pudel1  66   1   2   2   1  25   1   1   1   1 SOWI   8  77   1   4 921   0   3   6   1   3   2   6   4
Pudel1  66   1   2   2   1  25   1   1   1   1 SOWI   8  78   1   5 1040   1   1   3   2   6   3   5   3
Pudel1  66   1   2   2   1  25   1   1   1   1 SOWI   8  79   1   4 750   0   3   6   1   3   2   6   3
Pudel1  66   1   2   2   1  25   1   1   1   1 SOWI   8  80   1   1 460   0   3   2   6   3   5   6   4
Pudel1  66   1   2   2   1  25   1   1   1   1 SOWI   8  81   1   5 890   0   3   6   1   3   2   6   4
Pudel1  66   1   2   2   1  25   1   1   1   1 SOWI   8  82   1   4 730   0   6   1   3   2   6   3   4
Pudel1  66   1   2   2   1  25   1   1   1   1 SOWI   8  83   1   2 1040   0   2   6   3   5   6   3   4
Pudel1  66   1   2   2   1  25   1   1   1   1 SOWI   8  84   1   4 390   0   3   2   6   3   5   6   4
Pudel1  66   1   2   2   1  25   1   1   1   1 SOWI   8  85   1   1 530   0   6   3   5   6   3   2   4
Pudel1  66   1   2   2   1  25   1   1   1   1 SOWI   8  86   1   1 510   0   3   2   6   3   5   6   4
Pudel1  66   1   2   2   1  25   1   1   1   1 SOWI   8  87   1   2 630   0   5   4   3   6   1   3   4
Pudel1  66   1   2   2   1  25   1   1   1   1 SOWI   8  88   1   4 690   0   3   2   6   3   5   6   5
Pudel1  66   1   2   2   1  25   1   1   1   1 SOWI   8  89   1   2 501   0   5   4   3   6   1   3   4
Pudel1  66   1   2   2   1  25   1   1   1   1 SOWI   8  90   1   2 710   1   4   3   6   1   3   2   3
Pudel1  66   1   2   2   1  25   1   1   1   1 SOWI   8  91   1   4 530   0   2   6   3   5   6   3   5
Pudel1  66   1   2   2   1  25   1   1   1   1 SOWI   8  92   1   2 520   0   5   4   3   6   1   3   5
Pudel1  66   1   2   2   1  25   1   1   1   1 SOWI   8  93   1   4 660   0   6   3   5   6   3   2   5
Pudel1  66   1   2   2   1  25   1   1   1   1 SOWI   8  94   1   4 720   0   3   6   1   3   2   6   3
Pudel1  66   1   2   2   1  25   1   1   1   1 SOWI   8  95   1   6 750   0   4   3   6   1   3   2   3
Pudel1  66   1   2   2   1  25   1   1   1   1 SOWI   8  96   1   5 670   0   4   3   6   1   3   2   4
Pudel1  66   1   2   2   1  25   1   1   1   1 SOWI   8  97   1   2 600   1   4   3   6   1   3   2   4
Pudel1  66   1   2   2   1  25   1   1   1   1 SOWI   8  98   1   5 450   0   3   6   1   3   2   6   5
Pudel1  66   1   2   2   1  25   1   1   1   1 SOWI   8  99   1   4 610   0   3   2   6   3   5   6   3
Pudel1  66   1   2   2   1  25   1   1   1   1 SOWI   8 100   1   2 460   0   3   2   6   3   5   6   5
Pudel1  66   1   2   2   1  25   1   1   1   1 SOWI   8 101   1   4 560   0   3   6   1   3   2   6   5
Pudel1  66   1   2   2   1  25   1   1   1   1 SOWI   8 102   1   5 640   0   4   3   6   1   3   2   4
Pudel1  66   1   2   2   1  25   1   1   1   1 SOWI   8 103   1   2 820   1   4   3   6   1   3   2   5
Pudel1  66   1   2   2   1  25   1   1   1   1 SOWI   8 104   1   1 610   0   2   6   3   5   6   3   5
Pudel1  66   1   2   2   1  25   1   1   1   1 SOWI   8 105   1   4 290   0   5   4   3   6   1   3   4
Pudel1  66   1   2   2   1  25   1   1   1   1 SOWI   8 106   1   2 440   0   3   2   6   3   5   6   4
Pudel1  66   1   2   2   1  25   1   1   1   1 SOWI   8 107   1   1 410   0   5   4   3   6   1   3   5
Pudel1  66   1   2   2   1  25   1   1   1   1 SOWI   8 108   1   2 790   0   1   3   2   6   3   5   5
Pudel1  66   1   2   2   1  25   1   1   1   1 SOWI   8 109   1   4 491   0   2   6   3   5   6   3   5
Pudel1  66   1   2   2   1  25   1   1   1   1 SOWI   8 110   1   1 680   0   6   3   5   6   3   2   4
Pudel1  66   1   2   2   1  25   1   1   1   1 SOWI   8 111   1   2 700   1   6   3   5   6   3   2   3
Pudel1  66   1   2   2   1  25   1   1   1   1 SOWI   8 112   1   2 820   0   1   3   2   6   3   5   5
Pudel1  66   1   2   2   1  25   1   1   1   1 SOWI   8 113   1   1 381   0   3   2   6   3   5   6   5
Pudel1  66   1   2   2   1  25   1   1   1   1 SOWI   8 114   1   1 950   0   6   3   5   6   3   2   3
Pudel1  66   1   2   2   1  25   1   1   1   1 SOWI   8 115   1   2 580   0   1   3   2   6   3   5   5
Pudel1  66   1   2   2   1  25   1   1   1   1 SOWI   8 116   1   4 671   0   1   3   2   6   3   5   3
Pudel1  66   1   2   2   1  25   1   1   1   1 SOWI   8 117   1   4 360   0   6   1   3   2   6   3   5
Pudel1  66   1   2   2   1  25   1   1   1   1 SOWI   8 118   1   5 480   0   4   3   6   1   3   2   5
Pudel1  66   1   2   2   1  25   1   1   1   1 SOWI   8 119   1   6 250   0   5   4   3   6   1   3   3
Pudel1  66   1   2   2   1  25   1   1   1   1 SOWI   8 120   1   2 440   0   5   4   3   6   1   3   5
