Pudel1   7   1   2   2   3  25   2   1   1   1 BWL   1   1   5 692   5   1
Pudel1   7   1   2   2   3  25   2   1   1   1 BWL   1   2   3 1038   3   1
Pudel1   7   1   2   2   3  25   2   1   1   1 BWL   1   3   4 840   4   1
Pudel1   7   1   2   2   3  25   2   1   1   1 BWL   1   4   1 704   1   1
Pudel1   7   1   2   2   3  25   2   1   1   1 BWL   1   5   6 661   6   1
Pudel1   7   1   2   2   3  25   2   1   1   1 BWL   1   6   2 759   2   1
Pudel1   7   1   2   2   3  25   2   1   1   1 BWL   1   7   1 727   1   1
Pudel1   7   1   2   2   3  25   2   1   1   1 BWL   1   8   3 664   3   1
Pudel1   7   1   2   2   3  25   2   1   1   1 BWL   1   9   4 758   4   1
Pudel1   7   1   2   2   3  25   2   1   1   1 BWL   1  10   5 592   5   1
Pudel1   7   1   2   2   3  25   2   1   1   1 BWL   1  11   1 666   1   1
Pudel1   7   1   2   2   3  25   2   1   1   1 BWL   1  12   3 706   3   1
Pudel1   7   1   2   2   3  25   2   1   1   1 BWL   1  13   6 603   6   1
Pudel1   7   1   2   2   3  25   2   1   1   1 BWL   1  14   1 614   1   1
Pudel1   7   1   2   2   3  25   2   1   1   1 BWL   1  15   3 812   3   1
Pudel1   7   1   2   2   3  25   2   1   1   1 BWL   1  16   2 699   2   1
Pudel1   7   1   2   2   3  25   2   1   1   1 BWL   1  17   6 645   6   1
Pudel1   7   1   2   2   3  25   2   1   1   1 BWL   1  18   2 706   3   0
Pudel1   7   1   2   2   3  25   2   1   1   1 BWL   1  19   5 828   5   1
Pudel1   7   1   2   2   3  25   2   1   1   1 BWL   1  20   1 732   1   1
Pudel1   7   1   2   2   3  25   2   1   1   1 BWL   1  21   3 710   3   1
Pudel1   7   1   2   2   3  25   2   1   1   1 BWL   1  22   2 746   2   1
Pudel1   7   1   2   2   3  25   2   1   1   1 BWL   1  23   4 772   4   1
Pudel1   7   1   2   2   3  25   2   1   1   1 BWL   1  24   1 763   1   1
Pudel1   7   1   2   2   3  25   2   1   1   1 BWL   1  25   3 693   3   1
Pudel1   7   1   2   2   3  25   2   1   1   1 BWL   1  26   4 742   4   1
Pudel1   7   1   2   2   3  25   2   1   1   1 BWL   1  27   1 683   1   1
Pudel1   7   1   2   2   3  25   2   1   1   1 BWL   1  28   5 705   5   1
Pudel1   7   1   2   2   3  25   2   1   1   1 BWL   1  29   6 631   6   1
Pudel1   7   1   2   2   3  25   2   1   1   1 BWL   1  30   1 665   1   1
Pudel1   7   1   2   2   3  25   2   1   1   1 BWL   1  31   2 701   2   1
Pudel1   7   1   2   2   3  25   2   1   1   1 BWL   1  32   3 598   3   1
Pudel1   7   1   2   2   3  25   2   1   1   1 BWL   1  33   1 654   1   1
Pudel1   7   1   2   2   3  25   2   1   1   1 BWL   1  34   5 1071   5   1
Pudel1   7   1   2   2   3  25   2   1   1   1 BWL   1  35   6 670   6   1
Pudel1   7   1   2   2   3  25   2   1   1   1 BWL   1  36   3 995   3   1
Pudel1   7   1   2   2   3  25   2   1   1   1 BWL   1  37   2 704   2   1
Pudel1   7   1   2   2   3  25   2   1   1   1 BWL   1  38   1 676   1   1
Pudel1   7   1   2   2   3  25   2   1   1   1 BWL   1  39   4 842   4   1
Pudel1   7   1   2   2   3  25   2   1   1   1 BWL   1  40   3 837   3   1
Pudel1   7   1   2   2   3  25   2   1   1   1 BWL   1  41   1 660   1   1
Pudel1   7   1   2   2   3  25   2   1   1   1 BWL   1  42   5 775   5   1
Pudel1   7   1   2   2   3  25   2   1   1   1 BWL   1  43   3 710   3   1
Pudel1   7   1   2   2   3  25   2   1   1   1 BWL   1  44   1 646   1   1
Pudel1   7   1   2   2   3  25   2   1   1   1 BWL   1  45   6 677   6   1
Pudel1   7   1   2   2   3  25   2   1   1   1 BWL   1  46   2 698   2   1
Pudel1   7   1   2   2   3  25   2   1   1   1 BWL   1  47   4 763   4   1
Pudel1   7   1   2   2   3  25   2   1   1   1 BWL   1  48   3 783   3   1
Pudel1   7   1   2   2   3  25   2   1   1   1 BWL   1  49   1 716   1   1
Pudel1   7   1   2   2   3  25   2   1   1   1 BWL   1  50   6 742   6   1
Pudel1   7   1   2   2   3  25   2   1   1   1 BWL   1  51   3 701   3   1
Pudel1   7   1   2   2   3  25   2   1   1   1 BWL   1  52   5 702   5   1
Pudel1   7   1   2   2   3  25   2   1   1   1 BWL   1  53   4 711   4   1
Pudel1   7   1   2   2   3  25   2   1   1   1 BWL   1  54   1 728   1   1
Pudel1   7   1   2   2   3  25   2   1   1   1 BWL   1  55   2 792   2   1
Pudel1   7   1   2   2   3  25   2   1   1   1 BWL   1  56   2 636   3   0
Pudel1   7   1   2   2   3  25   2   1   1   1 BWL   1  57   1 772   1   1
Pudel1   7   1   2   2   3  25   2   1   1   1 BWL   1  58   2 772   2   1
Pudel1   7   1   2   2   3  25   2   1   1   1 BWL   1  59   5 804   5   1
Pudel1   7   1   2   2   3  25   2   1   1   1 BWL   1  60   3 768   3   1
Pudel1   7   1   2   2   3  25   2   1   1   1 BWL   1  61   1 684   1   1
Pudel1   7   1   2   2   3  25   2   1   1   1 BWL   1  62   4 858   4   1
Pudel1   7   1   2   2   3  25   2   1   1   1 BWL   1  63   3 738   3   1
Pudel1   7   1   2   2   3  25   2   1   1   1 BWL   1  64   6 738   6   1
Pudel1   7   1   2   2   3  25   2   1   1   1 BWL   1  65   1 691   1   1
Pudel1   7   1   2   2   3  25   2   1   1   1 BWL   1  66   5 764   5   1
Pudel1   7   1   2   2   3  25   2   1   1   1 BWL   1  67   6 711   6   1
Pudel1   7   1   2   2   3  25   2   1   1   1 BWL   1  68   1 747   1   1
Pudel1   7   1   2   2   3  25   2   1   1   1 BWL   1  69   3 683   3   1
Pudel1   7   1   2   2   3  25   2   1   1   1 BWL   1  70   4 718   4   1
Pudel1   7   1   2   2   3  25   2   1   1   1 BWL   1  71   2 753   2   1
Pudel1   7   1   2   2   3  25   2   1   1   1 BWL   1  72   3 781   3   1
Pudel1   7   1   2   2   3  25   2   1   1   1 BWL   1  73   1 682   1   1
Pudel1   7   1   2   2   3  25   2   1   1   1 BWL   1  74   4 803   4   1
Pudel1   7   1   2   2   3  25   2   1   1   1 BWL   1  75   6 721   6   1
Pudel1   7   1   2   2   3  25   2   1   1   1 BWL   1  76   3 793   3   1
Pudel1   7   1   2   2   3  25   2   1   1   1 BWL   1  77   5 921   5   1
Pudel1   7   1   2   2   3  25   2   1   1   1 BWL   1  78   1 773   1   1
Pudel1   7   1   2   2   3  25   2   1   1   1 BWL   1  79   2 657   2   1
Pudel1   7   1   2   2   3  25   2   1   1   1 BWL   1  80   3 692   3   1
Pudel1   7   1   2   2   3  25   2   1   1   1 BWL   1  81   4 682   4   1
Pudel1   7   1   2   2   3  25   2   1   1   1 BWL   1  82   2 755   2   1
Pudel1   7   1   2   2   3  25   2   1   1   1 BWL   1  83   1 687   1   1
Pudel1   7   1   2   2   3  25   2   1   1   1 BWL   1  84   6 689   6   1
Pudel1   7   1   2   2   3  25   2   1   1   1 BWL   1  85   3 930   3   1
Pudel1   7   1   2   2   3  25   2   1   1   1 BWL   1  86   1 702   1   1
Pudel1   7   1   2   2   3  25   2   1   1   1 BWL   1  87   5 703   5   1
Pudel1   7   1   2   2   3  25   2   1   1   1 BWL   1  88   3 705   3   1
Pudel1   7   1   2   2   3  25   2   1   1   1 BWL   1  89   2 709   2   1
Pudel1   7   1   2   2   3  25   2   1   1   1 BWL   1  90   1 630   1   1
Pudel1   7   1   2   2   3  25   2   1   1   1 BWL   1  91   5 638   5   1
Pudel1   7   1   2   2   3  25   2   1   1   1 BWL   1  92   4 594   4   1
Pudel1   7   1   2   2   3  25   2   1   1   1 BWL   1  93   3 673   3   1
Pudel1   7   1   2   2   3  25   2   1   1   1 BWL   1  94   1 625   1   1
Pudel1   7   1   2   2   3  25   2   1   1   1 BWL   1  95   6 659   6   1
Pudel1   7   1   2   2   3  25   2   1   1   1 BWL   1  96   3 735   3   1
Pudel1   7   1   2   2   3  25   2   1   1   1 BWL   1  97   2 669   2   1
Pudel1   7   1   2   2   3  25   2   1   1   1 BWL   1  98   1 593   1   1
Pudel1   7   1   2   2   3  25   2   1   1   1 BWL   1  99   4 709   4   1
Pudel1   7   1   2   2   3  25   2   1   1   1 BWL   1 100   3 721   3   1
Pudel1   7   1   2   2   3  25   2   1   1   1 BWL   1 101   6 674   6   1
Pudel1   7   1   2   2   3  25   2   1   1   1 BWL   1 102   1 667   1   1
Pudel1   7   1   2   2   3  25   2   1   1   1 BWL   1 103   3 615   3   1
Pudel1   7   1   2   2   3  25   2   1   1   1 BWL   1 104   5 651   5   1
Pudel1   7   1   2   2   3  25   2   1   1   1 BWL   1 105   2 709   2   1
Pudel1   7   1   2   2   3  25   2   1   1   1 BWL   1 106   3 812   3   1
Pudel1   7   1   2   2   3  25   2   1   1   1 BWL   1 107   6 743   6   1
Pudel1   7   1   2   2   3  25   2   1   1   1 BWL   1 108   4 653   4   1
Pudel1   7   1   2   2   3  25   2   1   1   1 BWL   1 109   1 687   1   1
Pudel1   7   1   2   2   3  25   2   1   1   1 BWL   1 110   3 606   3   1
Pudel1   7   1   2   2   3  25   2   1   1   1 BWL   1 111   5 750   5   1
Pudel1   7   1   2   2   3  25   2   1   1   1 BWL   1 112   1 703   1   1
Pudel1   7   1   2   2   3  25   2   1   1   1 BWL   1 113   6 705   6   1
Pudel1   7   1   2   2   3  25   2   1   1   1 BWL   1 114   2 564   2   1
Pudel1   7   1   2   2   3  25   2   1   1   1 BWL   1 115   1 668   1   1
Pudel1   7   1   2   2   3  25   2   1   1   1 BWL   1 116   4 738   4   1
Pudel1   7   1   2   2   3  25   2   1   1   1 BWL   1 117   3 708   3   1
Pudel1   7   1   2   2   3  25   2   1   1   1 BWL   1 118   1 665   1   1
Pudel1   7   1   2   2   3  25   2   1   1   1 BWL   1 119   5 690   5   1
Pudel1   7   1   2   2   3  25   2   1   1   1 BWL   1 120   3 768   3   1
Pudel1   7   1   2   2   3  25   2   1   1   1 BWL   1 121   1 702   1   1
Pudel1   7   1   2   2   3  25   2   1   1   1 BWL   1 122   5 716   5   1
Pudel1   7   1   2   2   3  25   2   1   1   1 BWL   1 123   3 664   3   1
Pudel1   7   1   2   2   3  25   2   1   1   1 BWL   1 124   4 544   4   1
Pudel1   7   1   2   2   3  25   2   1   1   1 BWL   1 125   2 710   2   1
Pudel1   7   1   2   2   3  25   2   1   1   1 BWL   1 126   6 705   6   1
Pudel1   7   1   2   2   3  25   2   1   1   1 BWL   1 127   1 616   1   1
Pudel1   7   1   2   2   3  25   2   1   1   1 BWL   1 128   3 665   3   1
Pudel1   7   1   2   2   3  25   2   1   1   1 BWL   1 129   6 673   6   1
Pudel1   7   1   2   2   3  25   2   1   1   1 BWL   1 130   1 679   1   1
Pudel1   7   1   2   2   3  25   2   1   1   1 BWL   1 131   5 669   5   1
Pudel1   7   1   2   2   3  25   2   1   1   1 BWL   1 132   3 618   3   1
Pudel1   7   1   2   2   3  25   2   1   1   1 BWL   1 133   1 597   1   1
Pudel1   7   1   2   2   3  25   2   1   1   1 BWL   1 134   4 779   4   1
Pudel1   7   1   2   2   3  25   2   1   1   1 BWL   1 135   3 786   3   1
Pudel1   7   1   2   2   3  25   2   1   1   1 BWL   1 136   2 581   2   1
Pudel1   7   1   2   2   3  25   2   1   1   1 BWL   1 137   1 574   1   1
Pudel1   7   1   2   2   3  25   2   1   1   1 BWL   1 138   3 565   3   1
Pudel1   7   1   2   2   3  25   2   1   1   1 BWL   1 139   5 723   5   1
Pudel1   7   1   2   2   3  25   2   1   1   1 BWL   1 140   6 680   6   1
Pudel1   7   1   2   2   3  25   2   1   1   1 BWL   1 141   4 806   4   1
Pudel1   7   1   2   2   3  25   2   1   1   1 BWL   1 142   3 609   3   1
Pudel1   7   1   2   2   3  25   2   1   1   1 BWL   1 143   1 696   1   1
Pudel1   7   1   2   2   3  25   2   1   1   1 BWL   1 144   2 641   2   1
Pudel1   7   1   2   2   3  25   2   1   1   1 BWL   2   1   1 623   1   1
Pudel1   7   1   2   2   3  25   2   1   1   1 BWL   2   2   6 595   6   1
Pudel1   7   1   2   2   3  25   2   1   1   1 BWL   2   3   3 764   3   1
Pudel1   7   1   2   2   3  25   2   1   1   1 BWL   2   4   5 643   5   1
Pudel1   7   1   2   2   3  25   2   1   1   1 BWL   2   5   2 642   2   1
Pudel1   7   1   2   2   3  25   2   1   1   1 BWL   2   6   4 680   4   1
Pudel1   7   1   2   2   3  25   2   1   1   1 BWL   2   7   6 586   6   1
Pudel1   7   1   2   2   3  25   2   1   1   1 BWL   2   8   4 573   5   0
Pudel1   7   1   2   2   3  25   2   1   1   1 BWL   2   9   2 812   2   1
Pudel1   7   1   2   2   3  25   2   1   1   1 BWL   2  10   6 622   6   1
Pudel1   7   1   2   2   3  25   2   1   1   1 BWL   2  11   5 711   5   1
Pudel1   7   1   2   2   3  25   2   1   1   1 BWL   2  12   4 622   4   1
Pudel1   7   1   2   2   3  25   2   1   1   1 BWL   2  13   6 591   6   1
Pudel1   7   1   2   2   3  25   2   1   1   1 BWL   2  14   1 680   1   1
Pudel1   7   1   2   2   3  25   2   1   1   1 BWL   2  15   3 685   3   1
Pudel1   7   1   2   2   3  25   2   1   1   1 BWL   2  16   5 654   5   1
Pudel1   7   1   2   2   3  25   2   1   1   1 BWL   2  17   6 520   6   1
Pudel1   7   1   2   2   3  25   2   1   1   1 BWL   2  18   3 688   3   1
Pudel1   7   1   2   2   3  25   2   1   1   1 BWL   2  19   5 620   5   1
Pudel1   7   1   2   2   3  25   2   1   1   1 BWL   2  20   6 614   6   1
Pudel1   7   1   2   2   3  25   2   1   1   1 BWL   2  21   4 678   4   1
Pudel1   7   1   2   2   3  25   2   1   1   1 BWL   2  22   1 734   1   1
Pudel1   7   1   2   2   3  25   2   1   1   1 BWL   2  23   5 660   5   1
Pudel1   7   1   2   2   3  25   2   1   1   1 BWL   2  24   2 722   2   1
Pudel1   7   1   2   2   3  25   2   1   1   1 BWL   2  25   3 667   3   1
Pudel1   7   1   2   2   3  25   2   1   1   1 BWL   2  26   6 711   6   1
Pudel1   7   1   2   2   3  25   2   1   1   1 BWL   2  27   5 650   5   1
Pudel1   7   1   2   2   3  25   2   1   1   1 BWL   2  28   2 742   2   1
Pudel1   7   1   2   2   3  25   2   1   1   1 BWL   2  29   6 637   6   1
Pudel1   7   1   2   2   3  25   2   1   1   1 BWL   2  30   1 673   1   1
Pudel1   7   1   2   2   3  25   2   1   1   1 BWL   2  31   4 745   4   1
Pudel1   7   1   2   2   3  25   2   1   1   1 BWL   2  32   5 697   5   1
Pudel1   7   1   2   2   3  25   2   1   1   1 BWL   2  33   3 706   3   1
Pudel1   7   1   2   2   3  25   2   1   1   1 BWL   2  34   2 681   2   1
Pudel1   7   1   2   2   3  25   2   1   1   1 BWL   2  35   6 590   6   1
Pudel1   7   1   2   2   3  25   2   1   1   1 BWL   2  36   5 711   5   1
Pudel1   7   1   2   2   3  25   2   1   1   1 BWL   2  37   1 656   1   1
Pudel1   7   1   2   2   3  25   2   1   1   1 BWL   2  38   6 651   6   1
Pudel1   7   1   2   2   3  25   2   1   1   1 BWL   2  39   4 606   4   1
Pudel1   7   1   2   2   3  25   2   1   1   1 BWL   2  40   5 592   5   1
Pudel1   7   1   2   2   3  25   2   1   1   1 BWL   2  41   6 530   6   1
Pudel1   7   1   2   2   3  25   2   1   1   1 BWL   2  42   3 711   3   1
Pudel1   7   1   2   2   3  25   2   1   1   1 BWL   2  43   5 605   5   1
Pudel1   7   1   2   2   3  25   2   1   1   1 BWL   2  44   6 646   6   1
Pudel1   7   1   2   2   3  25   2   1   1   1 BWL   2  45   2 727   2   1
Pudel1   7   1   2   2   3  25   2   1   1   1 BWL   2  46   5 602   4   0
Pudel1   7   1   2   2   3  25   2   1   1   1 BWL   2  47   4 491   1   0
Pudel1   7   1   2   2   3  25   2   1   1   1 BWL   2  48   5 823   5   1
Pudel1   7   1   2   2   3  25   2   1   1   1 BWL   2  49   6 653   6   1
Pudel1   7   1   2   2   3  25   2   1   1   1 BWL   2  50   1 713   1   1
Pudel1   7   1   2   2   3  25   2   1   1   1 BWL   2  51   5 732   5   1
Pudel1   7   1   2   2   3  25   2   1   1   1 BWL   2  52   4 973   4   1
Pudel1   7   1   2   2   3  25   2   1   1   1 BWL   2  53   2 648   2   1
Pudel1   7   1   2   2   3  25   2   1   1   1 BWL   2  54   5 715   5   1
Pudel1   7   1   2   2   3  25   2   1   1   1 BWL   2  55   3 723   3   1
Pudel1   7   1   2   2   3  25   2   1   1   1 BWL   2  56   6 667   6   1
Pudel1   7   1   2   2   3  25   2   1   1   1 BWL   2  57   4 756   4   1
Pudel1   7   1   2   2   3  25   2   1   1   1 BWL   2  58   1 675   1   1
Pudel1   7   1   2   2   3  25   2   1   1   1 BWL   2  59   5 684   5   1
Pudel1   7   1   2   2   3  25   2   1   1   1 BWL   2  60   3 723   3   1
Pudel1   7   1   2   2   3  25   2   1   1   1 BWL   2  61   6 704   6   1
Pudel1   7   1   2   2   3  25   2   1   1   1 BWL   2  62   2 708   2   1
Pudel1   7   1   2   2   3  25   2   1   1   1 BWL   2  63   5 766   5   1
Pudel1   7   1   2   2   3  25   2   1   1   1 BWL   2  64   6 596   6   1
Pudel1   7   1   2   2   3  25   2   1   1   1 BWL   2  65   4 739   4   1
Pudel1   7   1   2   2   3  25   2   1   1   1 BWL   2  66   5 614   5   1
Pudel1   7   1   2   2   3  25   2   1   1   1 BWL   2  67   2 679   2   1
Pudel1   7   1   2   2   3  25   2   1   1   1 BWL   2  68   6 615   6   1
Pudel1   7   1   2   2   3  25   2   1   1   1 BWL   2  69   4 718   3   0
Pudel1   7   1   2   2   3  25   2   1   1   1 BWL   2  70   5 651   5   1
Pudel1   7   1   2   2   3  25   2   1   1   1 BWL   2  71   1 648   1   1
Pudel1   7   1   2   2   3  25   2   1   1   1 BWL   2  72   6 606   6   1
Pudel1   7   1   2   2   3  25   2   1   1   1 BWL   2  73   4 631   4   1
Pudel1   7   1   2   2   3  25   2   1   1   1 BWL   2  74   5 606   5   1
Pudel1   7   1   2   2   3  25   2   1   1   1 BWL   2  75   6 573   6   1
Pudel1   7   1   2   2   3  25   2   1   1   1 BWL   2  76   1 690   1   1
Pudel1   7   1   2   2   3  25   2   1   1   1 BWL   2  77   2 659   2   1
Pudel1   7   1   2   2   3  25   2   1   1   1 BWL   2  78   6 578   6   1
Pudel1   7   1   2   2   3  25   2   1   1   1 BWL   2  79   5 642   5   1
Pudel1   7   1   2   2   3  25   2   1   1   1 BWL   2  80   3 684   3   1
Pudel1   7   1   2   2   3  25   2   1   1   1 BWL   2  81   1 682   1   1
Pudel1   7   1   2   2   3  25   2   1   1   1 BWL   2  82   6 612   6   1
Pudel1   7   1   2   2   3  25   2   1   1   1 BWL   2  83   2 1050   2   1
Pudel1   7   1   2   2   3  25   2   1   1   1 BWL   2  84   5 854   5   1
Pudel1   7   1   2   2   3  25   2   1   1   1 BWL   2  85   4 712   4   1
Pudel1   7   1   2   2   3  25   2   1   1   1 BWL   2  86   6 650   6   1
Pudel1   7   1   2   2   3  25   2   1   1   1 BWL   2  87   5 682   5   1
Pudel1   7   1   2   2   3  25   2   1   1   1 BWL   2  88   3 729   3   1
Pudel1   7   1   2   2   3  25   2   1   1   1 BWL   2  89   5 640   4   0
Pudel1   7   1   2   2   3  25   2   1   1   1 BWL   2  90   1 718   1   1
Pudel1   7   1   2   2   3  25   2   1   1   1 BWL   2  91   6 666   6   1
Pudel1   7   1   2   2   3  25   2   1   1   1 BWL   2  92   5 702   5   1
Pudel1   7   1   2   2   3  25   2   1   1   1 BWL   2  93   2 707   2   1
Pudel1   7   1   2   2   3  25   2   1   1   1 BWL   2  94   6 617   6   1
Pudel1   7   1   2   2   3  25   2   1   1   1 BWL   2  95   3 824   3   1
Pudel1   7   1   2   2   3  25   2   1   1   1 BWL   2  96   5 632   5   1
Pudel1   7   1   2   2   3  25   2   1   1   1 BWL   2  97   2 766   2   1
Pudel1   7   1   2   2   3  25   2   1   1   1 BWL   2  98   1 653   1   1
Pudel1   7   1   2   2   3  25   2   1   1   1 BWL   2  99   5 657   5   1
Pudel1   7   1   2   2   3  25   2   1   1   1 BWL   2 100   4 679   4   1
Pudel1   7   1   2   2   3  25   2   1   1   1 BWL   2 101   6 560   6   1
Pudel1   7   1   2   2   3  25   2   1   1   1 BWL   2 102   4 705   3   0
Pudel1   7   1   2   2   3  25   2   1   1   1 BWL   2 103   5 773   5   1
Pudel1   7   1   2   2   3  25   2   1   1   1 BWL   2 104   6 599   6   1
Pudel1   7   1   2   2   3  25   2   1   1   1 BWL   2 105   1 685   1   1
Pudel1   7   1   2   2   3  25   2   1   1   1 BWL   2 106   3 815   3   1
Pudel1   7   1   2   2   3  25   2   1   1   1 BWL   2 107   6 660   6   1
Pudel1   7   1   2   2   3  25   2   1   1   1 BWL   2 108   5 704   5   1
Pudel1   7   1   2   2   3  25   2   1   1   1 BWL   2 109   4 858   4   1
Pudel1   7   1   2   2   3  25   2   1   1   1 BWL   2 110   2 738   2   1
Pudel1   7   1   2   2   3  25   2   1   1   1 BWL   2 111   5 727   5   1
Pudel1   7   1   2   2   3  25   2   1   1   1 BWL   2 112   6 580   6   1
Pudel1   7   1   2   2   3  25   2   1   1   1 BWL   2 113   4 630   4   1
Pudel1   7   1   2   2   3  25   2   1   1   1 BWL   2 114   5 542   5   1
Pudel1   7   1   2   2   3  25   2   1   1   1 BWL   2 115   6 536   6   1
Pudel1   7   1   2   2   3  25   2   1   1   1 BWL   2 116   2 634   2   1
Pudel1   7   1   2   2   3  25   2   1   1   1 BWL   2 117   1 595   1   1
Pudel1   7   1   2   2   3  25   2   1   1   1 BWL   2 118   3 564   3   1
Pudel1   7   1   2   2   3  25   2   1   1   1 BWL   2 119   5 647   5   1
Pudel1   7   1   2   2   3  25   2   1   1   1 BWL   2 120   6 556   6   1
Pudel1   7   1   2   2   3  25   2   1   1   1 BWL   2 121   2 568   2   1
Pudel1   7   1   2   2   3  25   2   1   1   1 BWL   2 122   5 602   5   1
Pudel1   7   1   2   2   3  25   2   1   1   1 BWL   2 123   6 554   6   1
Pudel1   7   1   2   2   3  25   2   1   1   1 BWL   2 124   4 651   4   1
Pudel1   7   1   2   2   3  25   2   1   1   1 BWL   2 125   1 706   1   1
Pudel1   7   1   2   2   3  25   2   1   1   1 BWL   2 126   6 620   6   1
Pudel1   7   1   2   2   3  25   2   1   1   1 BWL   2 127   3 799   3   1
Pudel1   7   1   2   2   3  25   2   1   1   1 BWL   2 128   5 671   5   1
Pudel1   7   1   2   2   3  25   2   1   1   1 BWL   2 129   2 719   2   1
Pudel1   7   1   2   2   3  25   2   1   1   1 BWL   2 130   2 663   1   0
Pudel1   7   1   2   2   3  25   2   1   1   1 BWL   2 131   1   8   6   0
Pudel1   7   1   2   2   3  25   2   1   1   1 BWL   2 132   5 734   5   1
Pudel1   7   1   2   2   3  25   2   1   1   1 BWL   2 133   3 1024   3   1
Pudel1   7   1   2   2   3  25   2   1   1   1 BWL   2 134   4 788   4   1
Pudel1   7   1   2   2   3  25   2   1   1   1 BWL   2 135   5 698   5   1
Pudel1   7   1   2   2   3  25   2   1   1   1 BWL   2 136   6 634   6   1
Pudel1   7   1   2   2   3  25   2   1   1   1 BWL   2 137   3 757   3   1
Pudel1   7   1   2   2   3  25   2   1   1   1 BWL   2 138   4 772   4   1
Pudel1   7   1   2   2   3  25   2   1   1   1 BWL   2 139   6 675   6   1
Pudel1   7   1   2   2   3  25   2   1   1   1 BWL   2 140   5 682   5   1
Pudel1   7   1   2   2   3  25   2   1   1   1 BWL   2 141   1 645   1   1
Pudel1   7   1   2   2   3  25   2   1   1   1 BWL   2 142   6 619   6   1
Pudel1   7   1   2   2   3  25   2   1   1   1 BWL   2 143   5 716   5   1
Pudel1   7   1   2   2   3  25   2   1   1   1 BWL   2 144   3 684   2   0
Pudel1   7   1   2   2   3  25   2   1   1   1 BWL   3   1   2 647   2   1
Pudel1   7   1   2   2   3  25   2   1   1   1 BWL   3   2   5 505   4   0
Pudel1   7   1   2   2   3  25   2   1   1   1 BWL   3   3   5 657   5   1
Pudel1   7   1   2   2   3  25   2   1   1   1 BWL   3   4   6 683   6   1
Pudel1   7   1   2   2   3  25   2   1   1   1 BWL   3   5   2 630   2   1
Pudel1   7   1   2   2   3  25   2   1   1   1 BWL   3   6   4 661   4   1
Pudel1   7   1   2   2   3  25   2   1   1   1 BWL   3   7   1 639   1   1
Pudel1   7   1   2   2   3  25   2   1   1   1 BWL   3   8   3 663   3   1
Pudel1   7   1   2   2   3  25   2   1   1   1 BWL   3   9   2 661   2   1
Pudel1   7   1   2   2   3  25   2   1   1   1 BWL   3  10   5 576   5   1
Pudel1   7   1   2   2   3  25   2   1   1   1 BWL   3  11   6 532   6   1
Pudel1   7   1   2   2   3  25   2   1   1   1 BWL   3  12   1 643   1   1
Pudel1   7   1   2   2   3  25   2   1   1   1 BWL   3  13   4 735   4   1
Pudel1   7   1   2   2   3  25   2   1   1   1 BWL   3  14   3 726   3   1
Pudel1   7   1   2   2   3  25   2   1   1   1 BWL   3  15   2 586   2   1
Pudel1   7   1   2   2   3  25   2   1   1   1 BWL   3  16   4 736   4   1
Pudel1   7   1   2   2   3  25   2   1   1   1 BWL   3  17   6 659   6   1
Pudel1   7   1   2   2   3  25   2   1   1   1 BWL   3  18   2 648   2   1
Pudel1   7   1   2   2   3  25   2   1   1   1 BWL   3  19   4 983   4   1
Pudel1   7   1   2   2   3  25   2   1   1   1 BWL   3  20   1 669   1   1
Pudel1   7   1   2   2   3  25   2   1   1   1 BWL   3  21   3 734   3   1
Pudel1   7   1   2   2   3  25   2   1   1   1 BWL   3  22   5 594   5   1
Pudel1   7   1   2   2   3  25   2   1   1   1 BWL   3  23   2 676   2   1
Pudel1   7   1   2   2   3  25   2   1   1   1 BWL   3  24   4 810   4   1
Pudel1   7   1   2   2   3  25   2   1   1   1 BWL   3  25   3 750   3   1
Pudel1   7   1   2   2   3  25   2   1   1   1 BWL   3  26   2 680   2   1
Pudel1   7   1   2   2   3  25   2   1   1   1 BWL   3  27   5 661   4   0
Pudel1   7   1   2   2   3  25   2   1   1   1 BWL   3  28   1 729   1   1
Pudel1   7   1   2   2   3  25   2   1   1   1 BWL   3  29   2 747   2   1
Pudel1   7   1   2   2   3  25   2   1   1   1 BWL   3  30   4 655   4   1
Pudel1   7   1   2   2   3  25   2   1   1   1 BWL   3  31   5 648   5   1
Pudel1   7   1   2   2   3  25   2   1   1   1 BWL   3  32   6 554   6   1
Pudel1   7   1   2   2   3  25   2   1   1   1 BWL   3  33   3 669   3   1
Pudel1   7   1   2   2   3  25   2   1   1   1 BWL   3  34   4 740   4   1
Pudel1   7   1   2   2   3  25   2   1   1   1 BWL   3  35   6 658   6   1
Pudel1   7   1   2   2   3  25   2   1   1   1 BWL   3  36   2 679   2   1
Pudel1   7   1   2   2   3  25   2   1   1   1 BWL   3  37   5 539   5   1
Pudel1   7   1   2   2   3  25   2   1   1   1 BWL   3  38   4 709   4   1
Pudel1   7   1   2   2   3  25   2   1   1   1 BWL   3  39   3 638   1   0
Pudel1   7   1   2   2   3  25   2   1   1   1 BWL   3  40   1   3   2   0
Pudel1   7   1   2   2   3  25   2   1   1   1 BWL   3  41   5 734   5   1
Pudel1   7   1   2   2   3  25   2   1   1   1 BWL   3  42   3 744   3   1
Pudel1   7   1   2   2   3  25   2   1   1   1 BWL   3  43   2 874   2   1
Pudel1   7   1   2   2   3  25   2   1   1   1 BWL   3  44   4 708   4   1
Pudel1   7   1   2   2   3  25   2   1   1   1 BWL   3  45   1 651   1   1
Pudel1   7   1   2   2   3  25   2   1   1   1 BWL   3  46   6 709   6   1
Pudel1   7   1   2   2   3  25   2   1   1   1 BWL   3  47   2 737   2   1
Pudel1   7   1   2   2   3  25   2   1   1   1 BWL   3  48   4 771   4   1
Pudel1   7   1   2   2   3  25   2   1   1   1 BWL   3  49   6 645   6   1
Pudel1   7   1   2   2   3  25   2   1   1   1 BWL   3  50   1 680   1   1
Pudel1   7   1   2   2   3  25   2   1   1   1 BWL   3  51   4 632   4   1
Pudel1   7   1   2   2   3  25   2   1   1   1 BWL   3  52   2 771   2   1
Pudel1   7   1   2   2   3  25   2   1   1   1 BWL   3  53   5 611   5   1
Pudel1   7   1   2   2   3  25   2   1   1   1 BWL   3  54   4 730   4   1
Pudel1   7   1   2   2   3  25   2   1   1   1 BWL   3  55   2 647   2   1
Pudel1   7   1   2   2   3  25   2   1   1   1 BWL   3  56   3 545   3   1
Pudel1   7   1   2   2   3  25   2   1   1   1 BWL   3  57   4 674   4   1
Pudel1   7   1   2   2   3  25   2   1   1   1 BWL   3  58   1 649   1   1
Pudel1   7   1   2   2   3  25   2   1   1   1 BWL   3  59   2 649   2   1
Pudel1   7   1   2   2   3  25   2   1   1   1 BWL   3  60   6 648   6   1
Pudel1   7   1   2   2   3  25   2   1   1   1 BWL   3  61   4 633   5   0
Pudel1   7   1   2   2   3  25   2   1   1   1 BWL   3  62   2 690   2   1
Pudel1   7   1   2   2   3  25   2   1   1   1 BWL   3  63   4 706   4   1
Pudel1   7   1   2   2   3  25   2   1   1   1 BWL   3  64   3 574   3   1
Pudel1   7   1   2   2   3  25   2   1   1   1 BWL   3  65   1 677   1   1
Pudel1   7   1   2   2   3  25   2   1   1   1 BWL   3  66   4 781   4   1
Pudel1   7   1   2   2   3  25   2   1   1   1 BWL   3  67   3 855   3   1
Pudel1   7   1   2   2   3  25   2   1   1   1 BWL   3  68   2 772   2   1
Pudel1   7   1   2   2   3  25   2   1   1   1 BWL   3  69   5 581   5   1
Pudel1   7   1   2   2   3  25   2   1   1   1 BWL   3  70   4 604   4   1
Pudel1   7   1   2   2   3  25   2   1   1   1 BWL   3  71   2 636   2   1
Pudel1   7   1   2   2   3  25   2   1   1   1 BWL   3  72   6 748   6   1
Pudel1   7   1   2   2   3  25   2   1   1   1 BWL   3  73   5 608   5   1
Pudel1   7   1   2   2   3  25   2   1   1   1 BWL   3  74   2 660   2   1
Pudel1   7   1   2   2   3  25   2   1   1   1 BWL   3  75   4 780   4   1
Pudel1   7   1   2   2   3  25   2   1   1   1 BWL   3  76   6 599   6   1
Pudel1   7   1   2   2   3  25   2   1   1   1 BWL   3  77   1 671   1   1
Pudel1   7   1   2   2   3  25   2   1   1   1 BWL   3  78   2 715   2   1
Pudel1   7   1   2   2   3  25   2   1   1   1 BWL   3  79   4 676   4   1
Pudel1   7   1   2   2   3  25   2   1   1   1 BWL   3  80   3 595   3   1
Pudel1   7   1   2   2   3  25   2   1   1   1 BWL   3  81   5 586   5   1
Pudel1   7   1   2   2   3  25   2   1   1   1 BWL   3  82   2 675   2   1
Pudel1   7   1   2   2   3  25   2   1   1   1 BWL   3  83   4 736   4   1
Pudel1   7   1   2   2   3  25   2   1   1   1 BWL   3  84   3 801   3   1
Pudel1   7   1   2   2   3  25   2   1   1   1 BWL   3  85   1 657   1   1
Pudel1   7   1   2   2   3  25   2   1   1   1 BWL   3  86   2 849   2   1
Pudel1   7   1   2   2   3  25   2   1   1   1 BWL   3  87   6 723   6   1
Pudel1   7   1   2   2   3  25   2   1   1   1 BWL   3  88   4 665   4   1
Pudel1   7   1   2   2   3  25   2   1   1   1 BWL   3  89   1 764   1   1
Pudel1   7   1   2   2   3  25   2   1   1   1 BWL   3  90   2 623   2   1
Pudel1   7   1   2   2   3  25   2   1   1   1 BWL   3  91   3 542   3   1
Pudel1   7   1   2   2   3  25   2   1   1   1 BWL   3  92   5 655   5   1
Pudel1   7   1   2   2   3  25   2   1   1   1 BWL   3  93   4 591   4   1
Pudel1   7   1   2   2   3  25   2   1   1   1 BWL   3  94   6 575   6   1
Pudel1   7   1   2   2   3  25   2   1   1   1 BWL   3  95   2 654   2   1
Pudel1   7   1   2   2   3  25   2   1   1   1 BWL   3  96   4 657   4   1
Pudel1   7   1   2   2   3  25   2   1   1   1 BWL   3  97   5 654   5   1
Pudel1   7   1   2   2   3  25   2   1   1   1 BWL   3  98   2 686   2   1
Pudel1   7   1   2   2   3  25   2   1   1   1 BWL   3  99   4 641   4   1
Pudel1   7   1   2   2   3  25   2   1   1   1 BWL   3 100   3 592   3   1
Pudel1   7   1   2   2   3  25   2   1   1   1 BWL   3 101   1 588   1   1
Pudel1   7   1   2   2   3  25   2   1   1   1 BWL   3 102   5 602   4   0
Pudel1   7   1   2   2   3  25   2   1   1   1 BWL   3 103   6 691   6   1
Pudel1   7   1   2   2   3  25   2   1   1   1 BWL   3 104   2 642   2   1
Pudel1   7   1   2   2   3  25   2   1   1   1 BWL   3 105   4 711   4   1
Pudel1   7   1   2   2   3  25   2   1   1   1 BWL   3 106   6 591   6   1
Pudel1   7   1   2   2   3  25   2   1   1   1 BWL   3 107   1 632   1   1
Pudel1   7   1   2   2   3  25   2   1   1   1 BWL   3 108   2 784   2   1
Pudel1   7   1   2   2   3  25   2   1   1   1 BWL   3 109   5 766   5   1
Pudel1   7   1   2   2   3  25   2   1   1   1 BWL   3 110   4 733   4   1
Pudel1   7   1   2   2   3  25   2   1   1   1 BWL   3 111   2 668   2   1
Pudel1   7   1   2   2   3  25   2   1   1   1 BWL   3 112   3 751   3   1
Pudel1   7   1   2   2   3  25   2   1   1   1 BWL   3 113   5 758   5   1
Pudel1   7   1   2   2   3  25   2   1   1   1 BWL   3 114   4 722   4   1
Pudel1   7   1   2   2   3  25   2   1   1   1 BWL   3 115   6 671   6   1
Pudel1   7   1   2   2   3  25   2   1   1   1 BWL   3 116   2 741   2   1
Pudel1   7   1   2   2   3  25   2   1   1   1 BWL   3 117   1 1061   1   1
Pudel1   7   1   2   2   3  25   2   1   1   1 BWL   3 118   3 599   3   1
Pudel1   7   1   2   2   3  25   2   1   1   1 BWL   3 119   4 1605   4   1
Pudel1   7   1   2   2   3  25   2   1   1   1 BWL   3 120   2 696   2   1
Pudel1   7   1   2   2   3  25   2   1   1   1 BWL   3 121   6 773   6   1
Pudel1   7   1   2   2   3  25   2   1   1   1 BWL   3 122   5 831   5   1
Pudel1   7   1   2   2   3  25   2   1   1   1 BWL   3 123   4 647   4   1
Pudel1   7   1   2   2   3  25   2   1   1   1 BWL   3 124   2 667   2   1
Pudel1   7   1   2   2   3  25   2   1   1   1 BWL   3 125   2 698   1   0
Pudel1   7   1   2   2   3  25   2   1   1   1 BWL   3 126   1   8   4   0
Pudel1   7   1   2   2   3  25   2   1   1   1 BWL   3 127   3 986   3   1
Pudel1   7   1   2   2   3  25   2   1   1   1 BWL   3 128   2 737   2   1
Pudel1   7   1   2   2   3  25   2   1   1   1 BWL   3 129   4 655   4   1
Pudel1   7   1   2   2   3  25   2   1   1   1 BWL   3 130   5 616   5   1
Pudel1   7   1   2   2   3  25   2   1   1   1 BWL   3 131   2 691   2   1
Pudel1   7   1   2   2   3  25   2   1   1   1 BWL   3 132   6 648   6   1
Pudel1   7   1   2   2   3  25   2   1   1   1 BWL   3 133   4 640   4   1
Pudel1   7   1   2   2   3  25   2   1   1   1 BWL   3 134   2 663   2   1
Pudel1   7   1   2   2   3  25   2   1   1   1 BWL   3 135   1 648   1   1
Pudel1   7   1   2   2   3  25   2   1   1   1 BWL   3 136   3 820   3   1
Pudel1   7   1   2   2   3  25   2   1   1   1 BWL   3 137   2 699   2   1
Pudel1   7   1   2   2   3  25   2   1   1   1 BWL   3 138   4 687   4   1
Pudel1   7   1   2   2   3  25   2   1   1   1 BWL   3 139   5 669   5   1
Pudel1   7   1   2   2   3  25   2   1   1   1 BWL   3 140   3 737   3   1
Pudel1   7   1   2   2   3  25   2   1   1   1 BWL   3 141   6 627   6   1
Pudel1   7   1   2   2   3  25   2   1   1   1 BWL   3 142   1 633   1   1
Pudel1   7   1   2   2   3  25   2   1   1   1 BWL   3 143   4 737   4   1
Pudel1   7   1   2   2   3  25   2   1   1   1 BWL   3 144   2 686   2   1
Pudel1   7   1   2   2   3  25   2   1   1   1 BWL   4   1   6 661   6   1
Pudel1   7   1   2   2   3  25   2   1   1   1 BWL   4   2   4 588   3   0
Pudel1   7   1   2   2   3  25   2   1   1   1 BWL   4   3   1 662   1   1
Pudel1   7   1   2   2   3  25   2   1   1   1 BWL   4   4   2 707   2   1
Pudel1   7   1   2   2   3  25   2   1   1   1 BWL   4   5   3 523   3   1
Pudel1   7   1   2   2   3  25   2   1   1   1 BWL   4   6   4 584   4   1
Pudel1   7   1   2   2   3  25   2   1   1   1 BWL   4   7   6 597   6   1
Pudel1   7   1   2   2   3  25   2   1   1   1 BWL   4   8   5 655   5   1
Pudel1   7   1   2   2   3  25   2   1   1   1 BWL   4   9   2 656   2   1
Pudel1   7   1   2   2   3  25   2   1   1   1 BWL   4  10   4 698   4   1
Pudel1   7   1   2   2   3  25   2   1   1   1 BWL   4  11   3 638   3   1
Pudel1   7   1   2   2   3  25   2   1   1   1 BWL   4  12   6 716   6   1
Pudel1   7   1   2   2   3  25   2   1   1   1 BWL   4  13   5 697   5   1
Pudel1   7   1   2   2   3  25   2   1   1   1 BWL   4  14   1 653   1   1
Pudel1   7   1   2   2   3  25   2   1   1   1 BWL   4  15   6 713   6   1
Pudel1   7   1   2   2   3  25   2   1   1   1 BWL   4  16   2 571   3   0
Pudel1   7   1   2   2   3  25   2   1   1   1 BWL   4  17   2 741   2   1
Pudel1   7   1   2   2   3  25   2   1   1   1 BWL   4  18   4 607   6   0
Pudel1   7   1   2   2   3  25   2   1   1   1 BWL   4  19   3 813   3   1
Pudel1   7   1   2   2   3  25   2   1   1   1 BWL   4  20   1 676   1   1
Pudel1   7   1   2   2   3  25   2   1   1   1 BWL   4  21   5 694   5   1
Pudel1   7   1   2   2   3  25   2   1   1   1 BWL   4  22   6 598   6   1
Pudel1   7   1   2   2   3  25   2   1   1   1 BWL   4  23   3 687   3   1
Pudel1   7   1   2   2   3  25   2   1   1   1 BWL   4  24   4 611   4   1
Pudel1   7   1   2   2   3  25   2   1   1   1 BWL   4  25   5 563   5   1
Pudel1   7   1   2   2   3  25   2   1   1   1 BWL   4  26   2 793   2   1
Pudel1   7   1   2   2   3  25   2   1   1   1 BWL   4  27   6 633   6   1
Pudel1   7   1   2   2   3  25   2   1   1   1 BWL   4  28   3 668   3   1
Pudel1   7   1   2   2   3  25   2   1   1   1 BWL   4  29   1 672   1   1
Pudel1   7   1   2   2   3  25   2   1   1   1 BWL   4  30   4 675   4   1
Pudel1   7   1   2   2   3  25   2   1   1   1 BWL   4  31   3 758   3   1
Pudel1   7   1   2   2   3  25   2   1   1   1 BWL   4  32   6 643   6   1
Pudel1   7   1   2   2   3  25   2   1   1   1 BWL   4  33   4 781   4   1
Pudel1   7   1   2   2   3  25   2   1   1   1 BWL   4  34   2 714   2   1
Pudel1   7   1   2   2   3  25   2   1   1   1 BWL   4  35   3 719   3   1
Pudel1   7   1   2   2   3  25   2   1   1   1 BWL   4  36   5 688   5   1
Pudel1   7   1   2   2   3  25   2   1   1   1 BWL   4  37   6 586   6   1
Pudel1   7   1   2   2   3  25   2   1   1   1 BWL   4  38   3 761   3   1
Pudel1   7   1   2   2   3  25   2   1   1   1 BWL   4  39   1 680   1   1
Pudel1   7   1   2   2   3  25   2   1   1   1 BWL   4  40   6 681   6   1
Pudel1   7   1   2   2   3  25   2   1   1   1 BWL   4  41   2 713   2   1
Pudel1   7   1   2   2   3  25   2   1   1   1 BWL   4  42   2 668   3   0
Pudel1   7   1   2   2   3  25   2   1   1   1 BWL   4  43   6 680   6   1
Pudel1   7   1   2   2   3  25   2   1   1   1 BWL   4  44   1 701   1   1
Pudel1   7   1   2   2   3  25   2   1   1   1 BWL   4  45   3 680   4   0
Pudel1   7   1   2   2   3  25   2   1   1   1 BWL   4  46   3 1340   3   1
Pudel1   7   1   2   2   3  25   2   1   1   1 BWL   4  47   6 691   6   1
Pudel1   7   1   2   2   3  25   2   1   1   1 BWL   4  48   5 925   5   1
Pudel1   7   1   2   2   3  25   2   1   1   1 BWL   4  49   3 733   3   1
Pudel1   7   1   2   2   3  25   2   1   1   1 BWL   4  50   6 834   6   1
Pudel1   7   1   2   2   3  25   2   1   1   1 BWL   4  51   5 738   5   1
Pudel1   7   1   2   2   3  25   2   1   1   1 BWL   4  52   3 742   3   1
Pudel1   7   1   2   2   3  25   2   1   1   1 BWL   4  53   4 795   4   1
Pudel1   7   1   2   2   3  25   2   1   1   1 BWL   4  54   1 696   1   1
Pudel1   7   1   2   2   3  25   2   1   1   1 BWL   4  55   3 812   2   0
Pudel1   7   1   2   2   3  25   2   1   1   1 BWL   4  56   6 712   6   1
Pudel1   7   1   2   2   3  25   2   1   1   1 BWL   4  57   3 668   3   1
Pudel1   7   1   2   2   3  25   2   1   1   1 BWL   4  58   1 699   1   1
Pudel1   7   1   2   2   3  25   2   1   1   1 BWL   4  59   6 692   6   1
Pudel1   7   1   2   2   3  25   2   1   1   1 BWL   4  60   3 698   3   1
Pudel1   7   1   2   2   3  25   2   1   1   1 BWL   4  61   2 775   2   1
Pudel1   7   1   2   2   3  25   2   1   1   1 BWL   4  62   4 722   4   1
Pudel1   7   1   2   2   3  25   2   1   1   1 BWL   4  63   5 677   5   1
Pudel1   7   1   2   2   3  25   2   1   1   1 BWL   4  64   6 539   6   1
Pudel1   7   1   2   2   3  25   2   1   1   1 BWL   4  65   3 713   3   1
Pudel1   7   1   2   2   3  25   2   1   1   1 BWL   4  66   4 751   4   1
Pudel1   7   1   2   2   3  25   2   1   1   1 BWL   4  67   6 615   6   1
Pudel1   7   1   2   2   3  25   2   1   1   1 BWL   4  68   5 676   5   1
Pudel1   7   1   2   2   3  25   2   1   1   1 BWL   4  69   3 689   3   1
Pudel1   7   1   2   2   3  25   2   1   1   1 BWL   4  70   2 613   2   1
Pudel1   7   1   2   2   3  25   2   1   1   1 BWL   4  71   6 553   6   1
Pudel1   7   1   2   2   3  25   2   1   1   1 BWL   4  72   1 605   1   1
Pudel1   7   1   2   2   3  25   2   1   1   1 BWL   4  73   5 683   5   1
Pudel1   7   1   2   2   3  25   2   1   1   1 BWL   4  74   3 670   3   1
Pudel1   7   1   2   2   3  25   2   1   1   1 BWL   4  75   6 632   6   1
Pudel1   7   1   2   2   3  25   2   1   1   1 BWL   4  76   2 634   2   1
Pudel1   7   1   2   2   3  25   2   1   1   1 BWL   4  77   1 582   1   1
Pudel1   7   1   2   2   3  25   2   1   1   1 BWL   4  78   3 583   3   1
Pudel1   7   1   2   2   3  25   2   1   1   1 BWL   4  79   4 587   4   1
Pudel1   7   1   2   2   3  25   2   1   1   1 BWL   4  80   6 617   6   1
Pudel1   7   1   2   2   3  25   2   1   1   1 BWL   4  81   1 658   1   1
Pudel1   7   1   2   2   3  25   2   1   1   1 BWL   4  82   3 592   3   1
Pudel1   7   1   2   2   3  25   2   1   1   1 BWL   4  83   6 565   6   1
Pudel1   7   1   2   2   3  25   2   1   1   1 BWL   4  84   5 722   5   1
Pudel1   7   1   2   2   3  25   2   1   1   1 BWL   4  85   2 678   2   1
Pudel1   7   1   2   2   3  25   2   1   1   1 BWL   4  86   3 585   3   1
Pudel1   7   1   2   2   3  25   2   1   1   1 BWL   4  87   6 601   6   1
Pudel1   7   1   2   2   3  25   2   1   1   1 BWL   4  88   4 582   4   1
Pudel1   7   1   2   2   3  25   2   1   1   1 BWL   4  89   2 627   2   1
Pudel1   7   1   2   2   3  25   2   1   1   1 BWL   4  90   3 609   3   1
Pudel1   7   1   2   2   3  25   2   1   1   1 BWL   4  91   5 581   4   0
Pudel1   7   1   2   2   3  25   2   1   1   1 BWL   4  92   1 674   1   1
Pudel1   7   1   2   2   3  25   2   1   1   1 BWL   4  93   6 615   6   1
Pudel1   7   1   2   2   3  25   2   1   1   1 BWL   4  94   3 677   3   1
Pudel1   7   1   2   2   3  25   2   1   1   1 BWL   4  95   5 631   5   1
Pudel1   7   1   2   2   3  25   2   1   1   1 BWL   4  96   6 678   6   1
Pudel1   7   1   2   2   3  25   2   1   1   1 BWL   4  97   3 691   3   1
Pudel1   7   1   2   2   3  25   2   1   1   1 BWL   4  98   5 651   5   1
Pudel1   7   1   2   2   3  25   2   1   1   1 BWL   4  99   6 612   6   1
Pudel1   7   1   2   2   3  25   2   1   1   1 BWL   4 100   3 637   3   1
Pudel1   7   1   2   2   3  25   2   1   1   1 BWL   4 101   5 703   4   0
Pudel1   7   1   2   2   3  25   2   1   1   1 BWL   4 102   1 756   1   1
Pudel1   7   1   2   2   3  25   2   1   1   1 BWL   4 103   2 755   2   1
Pudel1   7   1   2   2   3  25   2   1   1   1 BWL   4 104   6 613   6   1
Pudel1   7   1   2   2   3  25   2   1   1   1 BWL   4 105   5 761   5   1
Pudel1   7   1   2   2   3  25   2   1   1   1 BWL   4 106   3 606   3   1
Pudel1   7   1   2   2   3  25   2   1   1   1 BWL   4 107   6 847   6   1
Pudel1   7   1   2   2   3  25   2   1   1   1 BWL   4 108   4 656   4   1
Pudel1   7   1   2   2   3  25   2   1   1   1 BWL   4 109   1 655   1   1
Pudel1   7   1   2   2   3  25   2   1   1   1 BWL   4 110   6 646   6   1
Pudel1   7   1   2   2   3  25   2   1   1   1 BWL   4 111   3 650   3   1
Pudel1   7   1   2   2   3  25   2   1   1   1 BWL   4 112   2 676   2   1
Pudel1   7   1   2   2   3  25   2   1   1   1 BWL   4 113   6 676   6   1
Pudel1   7   1   2   2   3  25   2   1   1   1 BWL   4 114   5 688   5   1
Pudel1   7   1   2   2   3  25   2   1   1   1 BWL   4 115   2 636   3   0
Pudel1   7   1   2   2   3  25   2   1   1   1 BWL   4 116   1 680   1   1
Pudel1   7   1   2   2   3  25   2   1   1   1 BWL   4 117   6 540   6   1
Pudel1   7   1   2   2   3  25   2   1   1   1 BWL   4 118   2 768   2   1
Pudel1   7   1   2   2   3  25   2   1   1   1 BWL   4 119   3 596   3   1
Pudel1   7   1   2   2   3  25   2   1   1   1 BWL   4 120   3 721   4   0
Pudel1   7   1   2   2   3  25   2   1   1   1 BWL   4 121   1 737   1   1
Pudel1   7   1   2   2   3  25   2   1   1   1 BWL   4 122   2 730   3   0
Pudel1   7   1   2   2   3  25   2   1   1   1 BWL   4 123   6 767   6   1
Pudel1   7   1   2   2   3  25   2   1   1   1 BWL   4 124   5 669   5   1
Pudel1   7   1   2   2   3  25   2   1   1   1 BWL   4 125   2 678   2   1
Pudel1   7   1   2   2   3  25   2   1   1   1 BWL   4 126   6 786   6   1
Pudel1   7   1   2   2   3  25   2   1   1   1 BWL   4 127   3 715   3   1
Pudel1   7   1   2   2   3  25   2   1   1   1 BWL   4 128   4 618   4   1
Pudel1   7   1   2   2   3  25   2   1   1   1 BWL   4 129   6 652   6   1
Pudel1   7   1   2   2   3  25   2   1   1   1 BWL   4 130   3 598   3   1
Pudel1   7   1   2   2   3  25   2   1   1   1 BWL   4 131   5 658   5   1
Pudel1   7   1   2   2   3  25   2   1   1   1 BWL   4 132   4 656   4   1
Pudel1   7   1   2   2   3  25   2   1   1   1 BWL   4 133   3 718   3   1
Pudel1   7   1   2   2   3  25   2   1   1   1 BWL   4 134   6 574   6   1
Pudel1   7   1   2   2   3  25   2   1   1   1 BWL   4 135   2 623   2   1
Pudel1   7   1   2   2   3  25   2   1   1   1 BWL   4 136   1 585   1   1
Pudel1   7   1   2   2   3  25   2   1   1   1 BWL   4 137   6 670   6   1
Pudel1   7   1   2   2   3  25   2   1   1   1 BWL   4 138   4 604   4   1
Pudel1   7   1   2   2   3  25   2   1   1   1 BWL   4 139   3 566   3   1
Pudel1   7   1   2   2   3  25   2   1   1   1 BWL   4 140   6 635   5   0
Pudel1   7   1   2   2   3  25   2   1   1   1 BWL   4 141   2 718   2   1
Pudel1   7   1   2   2   3  25   2   1   1   1 BWL   4 142   6 640   6   1
Pudel1   7   1   2   2   3  25   2   1   1   1 BWL   4 143   3 618   1   0
Pudel1   7   1   2   2   3  25   2   1   1   1 BWL   4 144   3 851   3   1
Pudel1   7   1   2   2   3  25   2   1   1   1 BWL   5   1   5 659   5   1
Pudel1   7   1   2   2   3  25   2   1   1   1 BWL   5   2   2 583   2   1
Pudel1   7   1   2   2   3  25   2   1   1   1 BWL   5   3   6 528   6   1
Pudel1   7   1   2   2   3  25   2   1   1   1 BWL   5   4   1 581   1   1
Pudel1   7   1   2   2   3  25   2   1   1   1 BWL   5   5   4 646   4   1
Pudel1   7   1   2   2   3  25   2   1   1   1 BWL   5   6   6 582   6   1
Pudel1   7   1   2   2   3  25   2   1   1   1 BWL   5   7   5 618   5   1
Pudel1   7   1   2   2   3  25   2   1   1   1 BWL   5   8   3 632   3   1
Pudel1   7   1   2   2   3  25   2   1   1   1 BWL   5   9   6 639   6   1
Pudel1   7   1   2   2   3  25   2   1   1   1 BWL   5  10   5 640   5   1
Pudel1   7   1   2   2   3  25   2   1   1   1 BWL   5  11   3 608   3   1
Pudel1   7   1   2   2   3  25   2   1   1   1 BWL   5  12   4 636   4   1
Pudel1   7   1   2   2   3  25   2   1   1   1 BWL   5  13   1 686   1   1
Pudel1   7   1   2   2   3  25   2   1   1   1 BWL   5  14   5 605   5   1
Pudel1   7   1   2   2   3  25   2   1   1   1 BWL   5  15   2 685   2   1
Pudel1   7   1   2   2   3  25   2   1   1   1 BWL   5  16   6 573   6   1
Pudel1   7   1   2   2   3  25   2   1   1   1 BWL   5  17   5 727   5   1
Pudel1   7   1   2   2   3  25   2   1   1   1 BWL   5  18   2 609   2   1
Pudel1   7   1   2   2   3  25   2   1   1   1 BWL   5  19   6 581   6   1
Pudel1   7   1   2   2   3  25   2   1   1   1 BWL   5  20   1 557   1   1
Pudel1   7   1   2   2   3  25   2   1   1   1 BWL   5  21   5 689   5   1
Pudel1   7   1   2   2   3  25   2   1   1   1 BWL   5  22   4 658   4   1
Pudel1   7   1   2   2   3  25   2   1   1   1 BWL   5  23   6 674   6   1
Pudel1   7   1   2   2   3  25   2   1   1   1 BWL   5  24   3 560   3   1
Pudel1   7   1   2   2   3  25   2   1   1   1 BWL   5  25   5 675   5   1
Pudel1   7   1   2   2   3  25   2   1   1   1 BWL   5  26   4 750   4   1
Pudel1   7   1   2   2   3  25   2   1   1   1 BWL   5  27   6 600   6   1
Pudel1   7   1   2   2   3  25   2   1   1   1 BWL   5  28   5 680   5   1
Pudel1   7   1   2   2   3  25   2   1   1   1 BWL   5  29   3 680   3   1
Pudel1   7   1   2   2   3  25   2   1   1   1 BWL   5  30   2 568   2   1
Pudel1   7   1   2   2   3  25   2   1   1   1 BWL   5  31   1 565   1   1
Pudel1   7   1   2   2   3  25   2   1   1   1 BWL   5  32   6 652   6   1
Pudel1   7   1   2   2   3  25   2   1   1   1 BWL   5  33   3 755   3   1
Pudel1   7   1   2   2   3  25   2   1   1   1 BWL   5  34   5 577   5   1
Pudel1   7   1   2   2   3  25   2   1   1   1 BWL   5  35   6 637   6   1
Pudel1   7   1   2   2   3  25   2   1   1   1 BWL   5  36   4 731   4   1
Pudel1   7   1   2   2   3  25   2   1   1   1 BWL   5  37   1 728   1   1
Pudel1   7   1   2   2   3  25   2   1   1   1 BWL   5  38   2 706   2   1
Pudel1   7   1   2   2   3  25   2   1   1   1 BWL   5  39   6 645   6   1
Pudel1   7   1   2   2   3  25   2   1   1   1 BWL   5  40   5 745   5   1
Pudel1   7   1   2   2   3  25   2   1   1   1 BWL   5  41   3 958   3   1
Pudel1   7   1   2   2   3  25   2   1   1   1 BWL   5  42   6 797   6   1
Pudel1   7   1   2   2   3  25   2   1   1   1 BWL   5  43   1 817   1   1
Pudel1   7   1   2   2   3  25   2   1   1   1 BWL   5  44   5 658   5   1
Pudel1   7   1   2   2   3  25   2   1   1   1 BWL   5  45   2 695   2   1
Pudel1   7   1   2   2   3  25   2   1   1   1 BWL   5  46   6 605   6   1
Pudel1   7   1   2   2   3  25   2   1   1   1 BWL   5  47   4 747   4   1
Pudel1   7   1   2   2   3  25   2   1   1   1 BWL   5  48   5 798   5   1
Pudel1   7   1   2   2   3  25   2   1   1   1 BWL   5  49   1 660   1   1
Pudel1   7   1   2   2   3  25   2   1   1   1 BWL   5  50   3 757   3   1
Pudel1   7   1   2   2   3  25   2   1   1   1 BWL   5  51   5 614   5   1
Pudel1   7   1   2   2   3  25   2   1   1   1 BWL   5  52   4 735   4   1
Pudel1   7   1   2   2   3  25   2   1   1   1 BWL   5  53   6 580   6   1
Pudel1   7   1   2   2   3  25   2   1   1   1 BWL   5  54   2 612   2   1
Pudel1   7   1   2   2   3  25   2   1   1   1 BWL   5  55   5 680   5   1
Pudel1   7   1   2   2   3  25   2   1   1   1 BWL   5  56   6 605   6   1
Pudel1   7   1   2   2   3  25   2   1   1   1 BWL   5  57   4 702   4   1
Pudel1   7   1   2   2   3  25   2   1   1   1 BWL   5  58   1 649   1   1
Pudel1   7   1   2   2   3  25   2   1   1   1 BWL   5  59   5 710   5   1
Pudel1   7   1   2   2   3  25   2   1   1   1 BWL   5  60   2 899   2   1
Pudel1   7   1   2   2   3  25   2   1   1   1 BWL   5  61   6 669   6   1
Pudel1   7   1   2   2   3  25   2   1   1   1 BWL   5  62   3 833   3   1
Pudel1   7   1   2   2   3  25   2   1   1   1 BWL   5  63   5 646   5   1
Pudel1   7   1   2   2   3  25   2   1   1   1 BWL   5  64   6 544   6   1
Pudel1   7   1   2   2   3  25   2   1   1   1 BWL   5  65   4 686   4   1
Pudel1   7   1   2   2   3  25   2   1   1   1 BWL   5  66   2 675   2   1
Pudel1   7   1   2   2   3  25   2   1   1   1 BWL   5  67   6 606   6   1
Pudel1   7   1   2   2   3  25   2   1   1   1 BWL   5  68   4 612   3   0
Pudel1   7   1   2   2   3  25   2   1   1   1 BWL   5  69   5 691   5   1
Pudel1   7   1   2   2   3  25   2   1   1   1 BWL   5  70   6 654   6   1
Pudel1   7   1   2   2   3  25   2   1   1   1 BWL   5  71   1 640   1   1
Pudel1   7   1   2   2   3  25   2   1   1   1 BWL   5  72   5 750   5   1
Pudel1   7   1   2   2   3  25   2   1   1   1 BWL   5  73   3 639   3   1
Pudel1   7   1   2   2   3  25   2   1   1   1 BWL   5  74   3 656   2   0
Pudel1   7   1   2   2   3  25   2   1   1   1 BWL   5  75   2  30   1   0
Pudel1   7   1   2   2   3  25   2   1   1   1 BWL   5  76   5 718   5   1
Pudel1   7   1   2   2   3  25   2   1   1   1 BWL   5  77   6 596   6   1
Pudel1   7   1   2   2   3  25   2   1   1   1 BWL   5  78   4 636   4   1
Pudel1   7   1   2   2   3  25   2   1   1   1 BWL   5  79   5 649   5   1
Pudel1   7   1   2   2   3  25   2   1   1   1 BWL   5  80   6 561   6   1
Pudel1   7   1   2   2   3  25   2   1   1   1 BWL   5  81   1 721   1   1
Pudel1   7   1   2   2   3  25   2   1   1   1 BWL   5  82   4 1185   4   1
Pudel1   7   1   2   2   3  25   2   1   1   1 BWL   5  83   5 605   5   1
Pudel1   7   1   2   2   3  25   2   1   1   1 BWL   5  84   6 576   6   1
Pudel1   7   1   2   2   3  25   2   1   1   1 BWL   5  85   2 644   2   1
Pudel1   7   1   2   2   3  25   2   1   1   1 BWL   5  86   5 572   5   1
Pudel1   7   1   2   2   3  25   2   1   1   1 BWL   5  87   3 612   3   1
Pudel1   7   1   2   2   3  25   2   1   1   1 BWL   5  88   6 726   6   1
Pudel1   7   1   2   2   3  25   2   1   1   1 BWL   5  89   5 795   5   1
Pudel1   7   1   2   2   3  25   2   1   1   1 BWL   5  90   3 829   3   1
Pudel1   7   1   2   2   3  25   2   1   1   1 BWL   5  91   6 674   6   1
Pudel1   7   1   2   2   3  25   2   1   1   1 BWL   5  92   5 784   5   1
Pudel1   7   1   2   2   3  25   2   1   1   1 BWL   5  93   1 576   1   1
Pudel1   7   1   2   2   3  25   2   1   1   1 BWL   5  94   2 727   2   1
Pudel1   7   1   2   2   3  25   2   1   1   1 BWL   5  95   6 690   6   1
Pudel1   7   1   2   2   3  25   2   1   1   1 BWL   5  96   4 652   4   1
Pudel1   7   1   2   2   3  25   2   1   1   1 BWL   5  97   2 582   2   1
Pudel1   7   1   2   2   3  25   2   1   1   1 BWL   5  98   5 545   5   1
Pudel1   7   1   2   2   3  25   2   1   1   1 BWL   5  99   6 548   6   1
Pudel1   7   1   2   2   3  25   2   1   1   1 BWL   5 100   3 755   3   1
Pudel1   7   1   2   2   3  25   2   1   1   1 BWL   5 101   3 619   1   0
Pudel1   7   1   2   2   3  25   2   1   1   1 BWL   5 102   1  50   4   0
Pudel1   7   1   2   2   3  25   2   1   1   1 BWL   5 103   5 673   5   1
Pudel1   7   1   2   2   3  25   2   1   1   1 BWL   5 104   6 561   6   1
Pudel1   7   1   2   2   3  25   2   1   1   1 BWL   5 105   1 736   1   1
Pudel1   7   1   2   2   3  25   2   1   1   1 BWL   5 106   5 561   5   1
Pudel1   7   1   2   2   3  25   2   1   1   1 BWL   5 107   4 875   3   0
Pudel1   7   1   2   2   3  25   2   1   1   1 BWL   5 108   5 688   4   0
Pudel1   7   1   2   2   3  25   2   1   1   1 BWL   5 109   6 635   6   1
Pudel1   7   1   2   2   3  25   2   1   1   1 BWL   5 110   5 693   5   1
Pudel1   7   1   2   2   3  25   2   1   1   1 BWL   5 111   2 800   2   1
Pudel1   7   1   2   2   3  25   2   1   1   1 BWL   5 112   6 813   6   1
Pudel1   7   1   2   2   3  25   2   1   1   1 BWL   5 113   5 674   5   1
Pudel1   7   1   2   2   3  25   2   1   1   1 BWL   5 114   4 1010   4   1
Pudel1   7   1   2   2   3  25   2   1   1   1 BWL   5 115   6 618   6   1
Pudel1   7   1   2   2   3  25   2   1   1   1 BWL   5 116   5 560   5   1
Pudel1   7   1   2   2   3  25   2   1   1   1 BWL   5 117   1 634   1   1
Pudel1   7   1   2   2   3  25   2   1   1   1 BWL   5 118   5 846   2   0
Pudel1   7   1   2   2   3  25   2   1   1   1 BWL   5 119   6 748   6   1
Pudel1   7   1   2   2   3  25   2   1   1   1 BWL   5 120   3 726   3   1
Pudel1   7   1   2   2   3  25   2   1   1   1 BWL   5 121   1 730   1   1
Pudel1   7   1   2   2   3  25   2   1   1   1 BWL   5 122   5 631   5   1
Pudel1   7   1   2   2   3  25   2   1   1   1 BWL   5 123   6 550   6   1
Pudel1   7   1   2   2   3  25   2   1   1   1 BWL   5 124   3 714   3   1
Pudel1   7   1   2   2   3  25   2   1   1   1 BWL   5 125   5 636   5   1
Pudel1   7   1   2   2   3  25   2   1   1   1 BWL   5 126   2 801   2   1
Pudel1   7   1   2   2   3  25   2   1   1   1 BWL   5 127   4 651   4   1
Pudel1   7   1   2   2   3  25   2   1   1   1 BWL   5 128   6 598   6   1
Pudel1   7   1   2   2   3  25   2   1   1   1 BWL   5 129   1 739   1   1
Pudel1   7   1   2   2   3  25   2   1   1   1 BWL   5 130   3 819   3   1
Pudel1   7   1   2   2   3  25   2   1   1   1 BWL   5 131   5 563   5   1
Pudel1   7   1   2   2   3  25   2   1   1   1 BWL   5 132   4 670   4   1
Pudel1   7   1   2   2   3  25   2   1   1   1 BWL   5 133   6 679   6   1
Pudel1   7   1   2   2   3  25   2   1   1   1 BWL   5 134   2 646   2   1
Pudel1   7   1   2   2   3  25   2   1   1   1 BWL   5 135   5 697   5   1
Pudel1   7   1   2   2   3  25   2   1   1   1 BWL   5 136   6 554   6   1
Pudel1   7   1   2   2   3  25   2   1   1   1 BWL   5 137   4 721   3   0
Pudel1   7   1   2   2   3  25   2   1   1   1 BWL   5 138   5 661   5   1
Pudel1   7   1   2   2   3  25   2   1   1   1 BWL   5 139   4 749   4   1
Pudel1   7   1   2   2   3  25   2   1   1   1 BWL   5 140   1 680   1   1
Pudel1   7   1   2   2   3  25   2   1   1   1 BWL   5 141   6 633   6   1
Pudel1   7   1   2   2   3  25   2   1   1   1 BWL   5 142   5 573   5   1
Pudel1   7   1   2   2   3  25   2   1   1   1 BWL   5 143   2 654   2   1
Pudel1   7   1   2   2   3  25   2   1   1   1 BWL   5 144   6 634   6   1
Pudel1   7   1   2   2   3  25   2   1   1   1 BWL   6   1   2 657   2   1
Pudel1   7   1   2   2   3  25   2   1   1   1 BWL   6   2   1 612   1   1
Pudel1   7   1   2   2   3  25   2   1   1   1 BWL   6   3   5 544   4   0
Pudel1   7   1   2   2   3  25   2   1   1   1 BWL   6   4   6 529   6   1
Pudel1   7   1   2   2   3  25   2   1   1   1 BWL   6   5   5 533   5   1
Pudel1   7   1   2   2   3  25   2   1   1   1 BWL   6   6   2 618   2   1
Pudel1   7   1   2   2   3  25   2   1   1   1 BWL   6   7   1 681   1   1
Pudel1   7   1   2   2   3  25   2   1   1   1 BWL   6   8   3 724   3   1
Pudel1   7   1   2   2   3  25   2   1   1   1 BWL   6   9   6 592   6   1
Pudel1   7   1   2   2   3  25   2   1   1   1 BWL   6  10   1 708   1   1
Pudel1   7   1   2   2   3  25   2   1   1   1 BWL   6  11   2 658   2   1
Pudel1   7   1   2   2   3  25   2   1   1   1 BWL   6  12   5 590   5   1
Pudel1   7   1   2   2   3  25   2   1   1   1 BWL   6  13   4 609   4   1
Pudel1   7   1   2   2   3  25   2   1   1   1 BWL   6  14   1 688   1   1
Pudel1   7   1   2   2   3  25   2   1   1   1 BWL   6  15   3 618   3   1
Pudel1   7   1   2   2   3  25   2   1   1   1 BWL   6  16   2 679   2   1
Pudel1   7   1   2   2   3  25   2   1   1   1 BWL   6  17   1 619   1   1
Pudel1   7   1   2   2   3  25   2   1   1   1 BWL   6  18   3 559   3   1
Pudel1   7   1   2   2   3  25   2   1   1   1 BWL   6  19   6 593   6   1
Pudel1   7   1   2   2   3  25   2   1   1   1 BWL   6  20   2 587   2   1
Pudel1   7   1   2   2   3  25   2   1   1   1 BWL   6  21   4 671   4   1
Pudel1   7   1   2   2   3  25   2   1   1   1 BWL   6  22   5 548   5   1
Pudel1   7   1   2   2   3  25   2   1   1   1 BWL   6  23   2 743   2   1
Pudel1   7   1   2   2   3  25   2   1   1   1 BWL   6  24   1 629   1   1
Pudel1   7   1   2   2   3  25   2   1   1   1 BWL   6  25   5 589   5   1
Pudel1   7   1   2   2   3  25   2   1   1   1 BWL   6  26   1 593   2   0
Pudel1   7   1   2   2   3  25   2   1   1   1 BWL   6  27   1 638   1   1
Pudel1   7   1   2   2   3  25   2   1   1   1 BWL   6  28   6 704   6   1
Pudel1   7   1   2   2   3  25   2   1   1   1 BWL   6  29   2 630   2   1
Pudel1   7   1   2   2   3  25   2   1   1   1 BWL   6  30   1 601   1   1
Pudel1   7   1   2   2   3  25   2   1   1   1 BWL   6  31   3 808   3   1
Pudel1   7   1   2   2   3  25   2   1   1   1 BWL   6  32   4 617   4   1
Pudel1   7   1   2   2   3  25   2   1   1   1 BWL   6  33   6 624   6   1
Pudel1   7   1   2   2   3  25   2   1   1   1 BWL   6  34   1 604   1   1
Pudel1   7   1   2   2   3  25   2   1   1   1 BWL   6  35   2 600   2   1
Pudel1   7   1   2   2   3  25   2   1   1   1 BWL   6  36   4 717   4   1
Pudel1   7   1   2   2   3  25   2   1   1   1 BWL   6  37   5 628   5   1
Pudel1   7   1   2   2   3  25   2   1   1   1 BWL   6  38   2 647   2   1
Pudel1   7   1   2   2   3  25   2   1   1   1 BWL   6  39   1 628   1   1
Pudel1   7   1   2   2   3  25   2   1   1   1 BWL   6  40   3 634   3   1
Pudel1   7   1   2   2   3  25   2   1   1   1 BWL   6  41   5 626   5   1
Pudel1   7   1   2   2   3  25   2   1   1   1 BWL   6  42   4 580   4   1
Pudel1   7   1   2   2   3  25   2   1   1   1 BWL   6  43   2 755   2   1
Pudel1   7   1   2   2   3  25   2   1   1   1 BWL   6  44   1 640   1   1
Pudel1   7   1   2   2   3  25   2   1   1   1 BWL   6  45   6 594   6   1
Pudel1   7   1   2   2   3  25   2   1   1   1 BWL   6  46   3 606   3   1
Pudel1   7   1   2   2   3  25   2   1   1   1 BWL   6  47   1 703   1   1
Pudel1   7   1   2   2   3  25   2   1   1   1 BWL   6  48   3 723   2   0
Pudel1   7   1   2   2   3  25   2   1   1   1 BWL   6  49   5 701   5   1
Pudel1   7   1   2   2   3  25   2   1   1   1 BWL   6  50   1 668   1   1
Pudel1   7   1   2   2   3  25   2   1   1   1 BWL   6  51   4 713   4   1
Pudel1   7   1   2   2   3  25   2   1   1   1 BWL   6  52   2 660   2   1
Pudel1   7   1   2   2   3  25   2   1   1   1 BWL   6  53   6 637   6   1
Pudel1   7   1   2   2   3  25   2   1   1   1 BWL   6  54   1 750   1   1
Pudel1   7   1   2   2   3  25   2   1   1   1 BWL   6  55   2 746   2   1
Pudel1   7   1   2   2   3  25   2   1   1   1 BWL   6  56   3 684   3   1
Pudel1   7   1   2   2   3  25   2   1   1   1 BWL   6  57   6 670   6   1
Pudel1   7   1   2   2   3  25   2   1   1   1 BWL   6  58   4 698   4   1
Pudel1   7   1   2   2   3  25   2   1   1   1 BWL   6  59   2 598   2   1
Pudel1   7   1   2   2   3  25   2   1   1   1 BWL   6  60   5 606   5   1
Pudel1   7   1   2   2   3  25   2   1   1   1 BWL   6  61   1 720   1   1
Pudel1   7   1   2   2   3  25   2   1   1   1 BWL   6  62   3 540   3   1
Pudel1   7   1   2   2   3  25   2   1   1   1 BWL   6  63   2 650   2   1
Pudel1   7   1   2   2   3  25   2   1   1   1 BWL   6  64   1 601   1   1
Pudel1   7   1   2   2   3  25   2   1   1   1 BWL   6  65   4 771   4   1
Pudel1   7   1   2   2   3  25   2   1   1   1 BWL   6  66   2 590   2   1
Pudel1   7   1   2   2   3  25   2   1   1   1 BWL   6  67   5 637   5   1
Pudel1   7   1   2   2   3  25   2   1   1   1 BWL   6  68   1 553   1   1
Pudel1   7   1   2   2   3  25   2   1   1   1 BWL   6  69   6 556   6   1
Pudel1   7   1   2   2   3  25   2   1   1   1 BWL   6  70   2 554   2   1
Pudel1   7   1   2   2   3  25   2   1   1   1 BWL   6  71   1 651   1   1
Pudel1   7   1   2   2   3  25   2   1   1   1 BWL   6  72   3 673   3   1
Pudel1   7   1   2   2   3  25   2   1   1   1 BWL   6  73   4 577   4   1
Pudel1   7   1   2   2   3  25   2   1   1   1 BWL   6  74   5 516   5   1
Pudel1   7   1   2   2   3  25   2   1   1   1 BWL   6  75   1 610   1   1
Pudel1   7   1   2   2   3  25   2   1   1   1 BWL   6  76   2 630   2   1
Pudel1   7   1   2   2   3  25   2   1   1   1 BWL   6  77   3 560   3   1
Pudel1   7   1   2   2   3  25   2   1   1   1 BWL   6  78   6 700   6   1
Pudel1   7   1   2   2   3  25   2   1   1   1 BWL   6  79   2 607   2   1
Pudel1   7   1   2   2   3  25   2   1   1   1 BWL   6  80   1 571   1   1
Pudel1   7   1   2   2   3  25   2   1   1   1 BWL   6  81   5 657   5   1
Pudel1   7   1   2   2   3  25   2   1   1   1 BWL   6  82   2 766   2   1
Pudel1   7   1   2   2   3  25   2   1   1   1 BWL   6  83   3 867   3   1
Pudel1   7   1   2   2   3  25   2   1   1   1 BWL   6  84   4 940   4   1
Pudel1   7   1   2   2   3  25   2   1   1   1 BWL   6  85   1 699   1   1
Pudel1   7   1   2   2   3  25   2   1   1   1 BWL   6  86   2 726   2   1
Pudel1   7   1   2   2   3  25   2   1   1   1 BWL   6  87   6 682   6   1
Pudel1   7   1   2   2   3  25   2   1   1   1 BWL   6  88   1 691   1   1
Pudel1   7   1   2   2   3  25   2   1   1   1 BWL   6  89   3 683   3   1
Pudel1   7   1   2   2   3  25   2   1   1   1 BWL   6  90   5 680   5   1
Pudel1   7   1   2   2   3  25   2   1   1   1 BWL   6  91   4 1095   4   1
Pudel1   7   1   2   2   3  25   2   1   1   1 BWL   6  92   1 693   1   1
Pudel1   7   1   2   2   3  25   2   1   1   1 BWL   6  93   2 654   2   1
Pudel1   7   1   2   2   3  25   2   1   1   1 BWL   6  94   6 690   6   1
Pudel1   7   1   2   2   3  25   2   1   1   1 BWL   6  95   1 644   1   1
Pudel1   7   1   2   2   3  25   2   1   1   1 BWL   6  96   2 649   2   1
Pudel1   7   1   2   2   3  25   2   1   1   1 BWL   6  97   4 703   4   1
Pudel1   7   1   2   2   3  25   2   1   1   1 BWL   6  98   1 702   1   1
Pudel1   7   1   2   2   3  25   2   1   1   1 BWL   6  99   3 662   3   1
Pudel1   7   1   2   2   3  25   2   1   1   1 BWL   6 100   6 574   6   1
Pudel1   7   1   2   2   3  25   2   1   1   1 BWL   6 101   2 870   2   1
Pudel1   7   1   2   2   3  25   2   1   1   1 BWL   6 102   1 644   1   1
Pudel1   7   1   2   2   3  25   2   1   1   1 BWL   6 103   5 638   5   1
Pudel1   7   1   2   2   3  25   2   1   1   1 BWL   6 104   2 686   2   1
Pudel1   7   1   2   2   3  25   2   1   1   1 BWL   6 105   1 645   1   1
Pudel1   7   1   2   2   3  25   2   1   1   1 BWL   6 106   6 651   6   1
Pudel1   7   1   2   2   3  25   2   1   1   1 BWL   6 107   3 675   3   1
Pudel1   7   1   2   2   3  25   2   1   1   1 BWL   6 108   2 645   2   1
Pudel1   7   1   2   2   3  25   2   1   1   1 BWL   6 109   4 682   4   1
Pudel1   7   1   2   2   3  25   2   1   1   1 BWL   6 110   5 600   5   1
Pudel1   7   1   2   2   3  25   2   1   1   1 BWL   6 111   2 801   2   1
Pudel1   7   1   2   2   3  25   2   1   1   1 BWL   6 112   1 630   1   1
Pudel1   7   1   2   2   3  25   2   1   1   1 BWL   6 113   4 760   4   1
Pudel1   7   1   2   2   3  25   2   1   1   1 BWL   6 114   2 625   2   1
Pudel1   7   1   2   2   3  25   2   1   1   1 BWL   6 115   5 562   5   1
Pudel1   7   1   2   2   3  25   2   1   1   1 BWL   6 116   1 600   1   1
Pudel1   7   1   2   2   3  25   2   1   1   1 BWL   6 117   2 749   2   1
Pudel1   7   1   2   2   3  25   2   1   1   1 BWL   6 118   6 750   6   1
Pudel1   7   1   2   2   3  25   2   1   1   1 BWL   6 119   3 770   3   1
Pudel1   7   1   2   2   3  25   2   1   1   1 BWL   6 120   1 838   1   1
Pudel1   7   1   2   2   3  25   2   1   1   1 BWL   6 121   4 669   4   1
Pudel1   7   1   2   2   3  25   2   1   1   1 BWL   6 122   2 573   2   1
Pudel1   7   1   2   2   3  25   2   1   1   1 BWL   6 123   6 569   6   1
Pudel1   7   1   2   2   3  25   2   1   1   1 BWL   6 124   1 878   1   1
Pudel1   7   1   2   2   3  25   2   1   1   1 BWL   6 125   2 588   2   1
Pudel1   7   1   2   2   3  25   2   1   1   1 BWL   6 126   5 632   5   1
Pudel1   7   1   2   2   3  25   2   1   1   1 BWL   6 127   1 651   1   1
Pudel1   7   1   2   2   3  25   2   1   1   1 BWL   6 128   2 613   3   0
Pudel1   7   1   2   2   3  25   2   1   1   1 BWL   6 129   4 754   4   1
Pudel1   7   1   2   2   3  25   2   1   1   1 BWL   6 130   2 600   2   1
Pudel1   7   1   2   2   3  25   2   1   1   1 BWL   6 131   1 567   1   1
Pudel1   7   1   2   2   3  25   2   1   1   1 BWL   6 132   6 690   6   1
Pudel1   7   1   2   2   3  25   2   1   1   1 BWL   6 133   5 638   5   1
Pudel1   7   1   2   2   3  25   2   1   1   1 BWL   6 134   2 669   2   1
Pudel1   7   1   2   2   3  25   2   1   1   1 BWL   6 135   3 627   3   1
Pudel1   7   1   2   2   3  25   2   1   1   1 BWL   6 136   1 624   1   1
Pudel1   7   1   2   2   3  25   2   1   1   1 BWL   6 137   5 630   5   1
Pudel1   7   1   2   2   3  25   2   1   1   1 BWL   6 138   4 932   4   1
Pudel1   7   1   2   2   3  25   2   1   1   1 BWL   6 139   1 811   1   1
Pudel1   7   1   2   2   3  25   2   1   1   1 BWL   6 140   6 688   6   1
Pudel1   7   1   2   2   3  25   2   1   1   1 BWL   6 141   2 672   2   1
Pudel1   7   1   2   2   3  25   2   1   1   1 BWL   6 142   2 562   3   0
Pudel1   7   1   2   2   3  25   2   1   1   1 BWL   6 143   1 697   1   1
Pudel1   7   1   2   2   3  25   2   1   1   1 BWL   6 144   2 671   2   1
Pudel1   7   1   2   2   3  25   2   1   1   1 BWL   7   1   1   3 640   0   1   2   4   3   5   2   4
Pudel1   7   1   2   2   3  25   2   1   1   1 BWL   7   2   1   2 490   1   1   2   4   3   5   2   3
Pudel1   7   1   2   2   3  25   2   1   1   1 BWL   7   3   1   4 420   0   3   5   2   4   3   1   5
Pudel1   7   1   2   2   3  25   2   1   1   1 BWL   7   4   1   3 600   0   1   2   4   3   5   2   4
Pudel1   7   1   2   2   3  25   2   1   1   1 BWL   7   5   1   5 830   0   5   2   4   6   1   2   4
Pudel1   7   1   2   2   3  25   2   1   1   1 BWL   7   6   1   4 470   0   5   2   4   6   1   2   5
Pudel1   7   1   2   2   3  25   2   1   1   1 BWL   7   7   1   4 460   0   6   1   2   4   3   5   3
Pudel1   7   1   2   2   3  25   2   1   1   1 BWL   7   8   1   4 520   1   2   4   6   1   2   4   4
Pudel1   7   1   2   2   3  25   2   1   1   1 BWL   7   9   1   3 590   1   4   6   1   2   4   3   3
Pudel1   7   1   2   2   3  25   2   1   1   1 BWL   7  10   1   5 440   0   2   4   6   1   2   4   5
Pudel1   7   1   2   2   3  25   2   1   1   1 BWL   7  11   1   4 370   0   3   5   2   4   3   1   4
Pudel1   7   1   2   2   3  25   2   1   1   1 BWL   7  12   1   3 510   1   4   6   1   2   4   3   5
Pudel1   7   1   2   2   3  25   2   1   1   1 BWL   7  13   1   5 490   1   6   1   2   4   3   5   3
Pudel1   7   1   2   2   3  25   2   1   1   1 BWL   7  14   1   4 1170   0   6   1   2   4   3   5   3
Pudel1   7   1   2   2   3  25   2   1   1   1 BWL   7  15   1   6 750   0   1   2   4   3   5   2   4
Pudel1   7   1   2   2   3  25   2   1   1   1 BWL   7  16   1   5 520   0   1   2   4   3   5   2   4
Pudel1   7   1   2   2   3  25   2   1   1   1 BWL   7  17   1   3 710   1   4   6   1   2   4   3   4
Pudel1   7   1   2   2   3  25   2   1   1   1 BWL   7  18   1   2 430   0   4   3   5   2   4   3   5
Pudel1   7   1   2   2   3  25   2   1   1   1 BWL   7  19   1   3 490   1   4   3   5   2   4   3   3
Pudel1   7   1   2   2   3  25   2   1   1   1 BWL   7  20   1   4 520   1   2   4   3   5   2   4   5
Pudel1   7   1   2   2   3  25   2   1   1   1 BWL   7  21   1   4 750   1   2   4   6   1   2   4   3
Pudel1   7   1   2   2   3  25   2   1   1   1 BWL   7  22   1   1 550   0   2   4   3   5   2   4   5
Pudel1   7   1   2   2   3  25   2   1   1   1 BWL   7  23   1   3 490   0   3   5   2   4   3   1   3
Pudel1   7   1   2   2   3  25   2   1   1   1 BWL   7  24   1   5 620   0   3   5   2   4   3   1   3
Pudel1   7   1   2   2   3  25   2   1   1   1 BWL   7  25   1   4 480   1   2   4   3   5   2   4   4
Pudel1   7   1   2   2   3  25   2   1   1   1 BWL   7  26   1   5 510   0   2   4   6   1   2   4   4
Pudel1   7   1   2   2   3  25   2   1   1   1 BWL   7  27   1   5 480   1   6   1   2   4   3   5   4
Pudel1   7   1   2   2   3  25   2   1   1   1 BWL   7  28   1   5 500   0   2   4   6   1   2   4   4
Pudel1   7   1   2   2   3  25   2   1   1   1 BWL   7  29   1   5 650   1   6   1   2   4   3   5   4
Pudel1   7   1   2   2   3  25   2   1   1   1 BWL   7  30   1   4 480   1   2   4   6   1   2   4   4
Pudel1   7   1   2   2   3  25   2   1   1   1 BWL   7  31   1   5 450   0   3   5   2   4   3   1   4
Pudel1   7   1   2   2   3  25   2   1   1   1 BWL   7  32   1   4 580   1   2   4   6   1   2   4   3
Pudel1   7   1   2   2   3  25   2   1   1   1 BWL   7  33   1   4 1310   1   2   4   3   5   2   4   5
Pudel1   7   1   2   2   3  25   2   1   1   1 BWL   7  34   1   5 570   0   2   4   6   1   2   4   4
Pudel1   7   1   2   2   3  25   2   1   1   1 BWL   7  35   1   2 380   1   1   2   4   3   5   2   4
Pudel1   7   1   2   2   3  25   2   1   1   1 BWL   7  36   1   5 490   1   6   1   2   4   3   5   4
Pudel1   7   1   2   2   3  25   2   1   1   1 BWL   7  37   1   4 620   0   5   2   4   6   1   2   5
Pudel1   7   1   2   2   3  25   2   1   1   1 BWL   7  38   1   4 530   0   5   2   4   6   1   2   3
Pudel1   7   1   2   2   3  25   2   1   1   1 BWL   7  39   1   3 420   1   4   3   5   2   4   3   3
Pudel1   7   1   2   2   3  25   2   1   1   1 BWL   7  40   1   4 610   0   5   2   4   6   1   2   4
Pudel1   7   1   2   2   3  25   2   1   1   1 BWL   7  41   1   4 430   1   2   4   3   5   2   4   5
Pudel1   7   1   2   2   3  25   2   1   1   1 BWL   7  42   1   3 440   1   4   6   1   2   4   3   5
Pudel1   7   1   2   2   3  25   2   1   1   1 BWL   7  43   1   4 560   0   3   5   2   4   3   1   5
Pudel1   7   1   2   2   3  25   2   1   1   1 BWL   7  44   1   5 1070   0   5   2   4   6   1   2   4
Pudel1   7   1   2   2   3  25   2   1   1   1 BWL   7  45   1   5 540   0   2   4   3   5   2   4   5
Pudel1   7   1   2   2   3  25   2   1   1   1 BWL   7  46   1   4 390   0   5   2   4   6   1   2   5
Pudel1   7   1   2   2   3  25   2   1   1   1 BWL   7  47   1   3 400   1   4   3   5   2   4   3   5
Pudel1   7   1   2   2   3  25   2   1   1   1 BWL   7  48   1   5 560   0   2   4   6   1   2   4   3
Pudel1   7   1   2   2   3  25   2   1   1   1 BWL   7  49   1   3 561   0   1   2   4   3   5   2   5
Pudel1   7   1   2   2   3  25   2   1   1   1 BWL   7  50   1   6 520   0   2   4   3   5   2   4   5
Pudel1   7   1   2   2   3  25   2   1   1   1 BWL   7  51   1   3 380   1   4   6   1   2   4   3   5
Pudel1   7   1   2   2   3  25   2   1   1   1 BWL   7  52   1   4 510   1   2   4   3   5   2   4   3
Pudel1   7   1   2   2   3  25   2   1   1   1 BWL   7  53   1   5 470   1   6   1   2   4   3   5   3
Pudel1   7   1   2   2   3  25   2   1   1   1 BWL   7  54   1   3 440   1   4   6   1   2   4   3   4
Pudel1   7   1   2   2   3  25   2   1   1   1 BWL   7  55   1   4 490   1   2   4   6   1   2   4   5
Pudel1   7   1   2   2   3  25   2   1   1   1 BWL   7  56   1   5 600   0   2   4   3   5   2   4   5
Pudel1   7   1   2   2   3  25   2   1   1   1 BWL   7  57   1   6 710   0   1   2   4   3   5   2   4
Pudel1   7   1   2   2   3  25   2   1   1   1 BWL   7  58   1   5 410   1   6   1   2   4   3   5   4
Pudel1   7   1   2   2   3  25   2   1   1   1 BWL   7  59   1   5 340   0   1   2   4   3   5   2   4
Pudel1   7   1   2   2   3  25   2   1   1   1 BWL   7  60   1   3 450   1   4   3   5   2   4   3   3
Pudel1   7   1   2   2   3  25   2   1   1   1 BWL   7  61   1   4 390   0   5   2   4   6   1   2   5
Pudel1   7   1   2   2   3  25   2   1   1   1 BWL   7  62   1   4 440   1   2   4   3   5   2   4   3
Pudel1   7   1   2   2   3  25   2   1   1   1 BWL   7  63   1   3 460   0   5   2   4   6   1   2   5
Pudel1   7   1   2   2   3  25   2   1   1   1 BWL   7  64   1   5 851   0   3   5   2   4   3   1   3
Pudel1   7   1   2   2   3  25   2   1   1   1 BWL   7  65   1   4 2920   0   5   2   4   6   1   2   4
Pudel1   7   1   2   2   3  25   2   1   1   1 BWL   7  66   1   3 480   1   4   3   5   2   4   3   3
Pudel1   7   1   2   2   3  25   2   1   1   1 BWL   7  67   1   4 360   0   3   5   2   4   3   1   5
Pudel1   7   1   2   2   3  25   2   1   1   1 BWL   7  68   1   2 480   0   6   1   2   4   3   5   4
Pudel1   7   1   2   2   3  25   2   1   1   1 BWL   7  69   1   4 460   0   5   2   4   6   1   2   5
Pudel1   7   1   2   2   3  25   2   1   1   1 BWL   7  70   1   3 570   1   4   6   1   2   4   3   4
Pudel1   7   1   2   2   3  25   2   1   1   1 BWL   7  71   1   4 440   1   2   4   6   1   2   4   4
Pudel1   7   1   2   2   3  25   2   1   1   1 BWL   7  72   1   5 520   0   3   5   2   4   3   1   4
Pudel1   7   1   2   2   3  25   2   1   1   1 BWL   7  73   1   5 730   0   3   5   2   4   3   1   4
Pudel1   7   1   2   2   3  25   2   1   1   1 BWL   7  74   1   3 640   1   4   3   5   2   4   3   4
Pudel1   7   1   2   2   3  25   2   1   1   1 BWL   7  75   1   3 720   1   4   6   1   2   4   3   3
Pudel1   7   1   2   2   3  25   2   1   1   1 BWL   7  76   1   4 510   0   5   2   4   6   1   2   3
Pudel1   7   1   2   2   3  25   2   1   1   1 BWL   7  77   1   3 550   1   4   6   1   2   4   3   3
Pudel1   7   1   2   2   3  25   2   1   1   1 BWL   7  78   1   4 310   0   3   5   2   4   3   1   5
Pudel1   7   1   2   2   3  25   2   1   1   1 BWL   7  79   1   3 420   1   4   3   5   2   4   3   3
Pudel1   7   1   2   2   3  25   2   1   1   1 BWL   7  80   1   3 570   1   4   6   1   2   4   3   5
Pudel1   7   1   2   2   3  25   2   1   1   1 BWL   7  81   1   3 540   1   4   3   5   2   4   3   3
Pudel1   7   1   2   2   3  25   2   1   1   1 BWL   7  82   1   3 300   1   4   3   5   2   4   3   5
Pudel1   7   1   2   2   3  25   2   1   1   1 BWL   7  83   1   4 740   0   6   1   2   4   3   5   5
Pudel1   7   1   2   2   3  25   2   1   1   1 BWL   7  84   1   3 520   1   4   3   5   2   4   3   3
Pudel1   7   1   2   2   3  25   2   1   1   1 BWL   7  85   1   3 370   1   4   6   1   2   4   3   5
Pudel1   7   1   2   2   3  25   2   1   1   1 BWL   7  86   1   4 550   0   5   2   4   6   1   2   4
Pudel1   7   1   2   2   3  25   2   1   1   1 BWL   7  87   1   5 630   0   2   4   6   1   2   4   3
Pudel1   7   1   2   2   3  25   2   1   1   1 BWL   7  88   1   4 390   0   6   1   2   4   3   5   4
Pudel1   7   1   2   2   3  25   2   1   1   1 BWL   7  89   1   4 490   0   5   2   4   6   1   2   3
Pudel1   7   1   2   2   3  25   2   1   1   1 BWL   7  90   1   2 560   1   1   2   4   3   5   2   3
Pudel1   7   1   2   2   3  25   2   1   1   1 BWL   7  91   1   2 400   1   1   2   4   3   5   2   3
Pudel1   7   1   2   2   3  25   2   1   1   1 BWL   7  92   1   2 520   0   4   6   1   2   4   3   3
Pudel1   7   1   2   2   3  25   2   1   1   1 BWL   7  93   1   3 460   1   4   6   1   2   4   3   3
Pudel1   7   1   2   2   3  25   2   1   1   1 BWL   7  94   1   4 490   0   6   1   2   4   3   5   5
Pudel1   7   1   2   2   3  25   2   1   1   1 BWL   7  95   1   4 400   0   3   5   2   4   3   1   5
Pudel1   7   1   2   2   3  25   2   1   1   1 BWL   7  96   1   2 751   1   1   2   4   3   5   2   5
Pudel1   7   1   2   2   3  25   2   1   1   1 BWL   7  97   1   4 500   0   5   2   4   6   1   2   4
Pudel1   7   1   2   2   3  25   2   1   1   1 BWL   7  98   1   5 490   0   3   5   2   4   3   1   4
Pudel1   7   1   2   2   3  25   2   1   1   1 BWL   7  99   1   4 440   1   2   4   6   1   2   4   3
Pudel1   7   1   2   2   3  25   2   1   1   1 BWL   7 100   1   4 590   0   6   1   2   4   3   5   3
Pudel1   7   1   2   2   3  25   2   1   1   1 BWL   7 101   1   4 441   0   3   5   2   4   3   1   3
Pudel1   7   1   2   2   3  25   2   1   1   1 BWL   7 102   1   3 380   1   4   3   5   2   4   3   5
Pudel1   7   1   2   2   3  25   2   1   1   1 BWL   7 103   1   3 790   0   1   2   4   3   5   2   4
Pudel1   7   1   2   2   3  25   2   1   1   1 BWL   7 104   1   3 460   1   4   3   5   2   4   3   4
Pudel1   7   1   2   2   3  25   2   1   1   1 BWL   7 105   1   4 480   1   2   4   3   5   2   4   5
Pudel1   7   1   2   2   3  25   2   1   1   1 BWL   7 106   1   5 1680   0   4   6   1   2   4   3   3
Pudel1   7   1   2   2   3  25   2   1   1   1 BWL   7 107   1   5 420   0   2   4   6   1   2   4   5
Pudel1   7   1   2   2   3  25   2   1   1   1 BWL   7 108   1   2 570   1   1   2   4   3   5   2   4
Pudel1   7   1   2   2   3  25   2   1   1   1 BWL   7 109   1   4 380   0   6   1   2   4   3   5   5
Pudel1   7   1   2   2   3  25   2   1   1   1 BWL   7 110   1   4 560   1   2   4   3   5   2   4   5
Pudel1   7   1   2   2   3  25   2   1   1   1 BWL   7 111   1   4 441   1   2   4   3   5   2   4   3
Pudel1   7   1   2   2   3  25   2   1   1   1 BWL   7 112   1   4 410   1   2   4   3   5   2   4   5
Pudel1   7   1   2   2   3  25   2   1   1   1 BWL   7 113   1   3 460   1   4   3   5   2   4   3   3
Pudel1   7   1   2   2   3  25   2   1   1   1 BWL   7 114   1   3 510   1   4   3   5   2   4   3   3
Pudel1   7   1   2   2   3  25   2   1   1   1 BWL   7 115   1   3 1130   1   4   6   1   2   4   3   5
Pudel1   7   1   2   2   3  25   2   1   1   1 BWL   7 116   1   4 540   0   3   5   2   4   3   1   3
Pudel1   7   1   2   2   3  25   2   1   1   1 BWL   7 117   1   3 600   0   6   1   2   4   3   5   5
Pudel1   7   1   2   2   3  25   2   1   1   1 BWL   7 118   1   2 520   1   1   2   4   3   5   2   3
Pudel1   7   1   2   2   3  25   2   1   1   1 BWL   7 119   1   4 530   1   2   4   6   1   2   4   3
Pudel1   7   1   2   2   3  25   2   1   1   1 BWL   7 120   1   4 440   1   2   4   3   5   2   4   5
Pudel1   7   1   2   2   3  25   2   1   1   1 BWL   8   1   1   6 1090   0   1   2   4   3   5   2   4
Pudel1   7   1   2   2   3  25   2   1   1   1 BWL   8   2   1   1 810   0   1   2   4   3   5   2   3
Pudel1   7   1   2   2   3  25   2   1   1   1 BWL   8   3   1   3 690   0   3   5   2   4   3   1   5
Pudel1   7   1   2   2   3  25   2   1   1   1 BWL   8   4   1   6 630   0   1   2   4   3   5   2   4
Pudel1   7   1   2   2   3  25   2   1   1   1 BWL   8   5   1   3 780   0   5   2   4   6   1   2   4
Pudel1   7   1   2   2   3  25   2   1   1   1 BWL   8   6   1   5 900   0   5   2   4   6   1   2   5
Pudel1   7   1   2   2   3  25   2   1   1   1 BWL   8   7   1   1 700   0   6   1   2   4   3   5   3
Pudel1   7   1   2   2   3  25   2   1   1   1 BWL   8   8   1   5 590   0   2   4   6   1   2   4   4
Pudel1   7   1   2   2   3  25   2   1   1   1 BWL   8   9   1   5 540   0   4   6   1   2   4   3   3
Pudel1   7   1   2   2   3  25   2   1   1   1 BWL   8  10   1   4 510   1   2   4   6   1   2   4   5
Pudel1   7   1   2   2   3  25   2   1   1   1 BWL   8  11   1   1 561   1   3   5   2   4   3   1   4
Pudel1   7   1   2   2   3  25   2   1   1   1 BWL   8  12   1   2 600   0   4   6   1   2   4   3   5
Pudel1   7   1   2   2   3  25   2   1   1   1 BWL   8  13   1   4 550   0   6   1   2   4   3   5   3
Pudel1   7   1   2   2   3  25   2   1   1   1 BWL   8  14   1   6 500   0   6   1   2   4   3   5   3
Pudel1   7   1   2   2   3  25   2   1   1   1 BWL   8  15   1   6 460   0   1   2   4   3   5   2   4
Pudel1   7   1   2   2   3  25   2   1   1   1 BWL   8  16   1   2 1110   1   1   2   4   3   5   2   4
Pudel1   7   1   2   2   3  25   2   1   1   1 BWL   8  17   1   3 660   1   4   6   1   2   4   3   4
Pudel1   7   1   2   2   3  25   2   1   1   1 BWL   8  18   1   5 540   0   4   3   5   2   4   3   5
Pudel1   7   1   2   2   3  25   2   1   1   1 BWL   8  19   1   3 520   1   4   3   5   2   4   3   3
Pudel1   7   1   2   2   3  25   2   1   1   1 BWL   8  20   1   3 580   0   2   4   3   5   2   4   5
Pudel1   7   1   2   2   3  25   2   1   1   1 BWL   8  21   1   4 580   1   2   4   6   1   2   4   3
Pudel1   7   1   2   2   3  25   2   1   1   1 BWL   8  22   1   6 440   0   2   4   3   5   2   4   5
Pudel1   7   1   2   2   3  25   2   1   1   1 BWL   8  23   1   5 550   0   3   5   2   4   3   1   3
Pudel1   7   1   2   2   3  25   2   1   1   1 BWL   8  24   1   1 590   1   3   5   2   4   3   1   3
Pudel1   7   1   2   2   3  25   2   1   1   1 BWL   8  25   1   6 510   0   2   4   3   5   2   4   4
Pudel1   7   1   2   2   3  25   2   1   1   1 BWL   8  26   1   6 640   0   2   4   6   1   2   4   4
Pudel1   7   1   2   2   3  25   2   1   1   1 BWL   8  27   1   2 550   0   6   1   2   4   3   5   4
Pudel1   7   1   2   2   3  25   2   1   1   1 BWL   8  28   1   5 690   0   2   4   6   1   2   4   4
Pudel1   7   1   2   2   3  25   2   1   1   1 BWL   8  29   1   5 790   1   6   1   2   4   3   5   4
Pudel1   7   1   2   2   3  25   2   1   1   1 BWL   8  30   1   4 570   1   2   4   6   1   2   4   4
Pudel1   7   1   2   2   3  25   2   1   1   1 BWL   8  31   1   5 500   0   3   5   2   4   3   1   4
Pudel1   7   1   2   2   3  25   2   1   1   1 BWL   8  32   1   4 540   1   2   4   6   1   2   4   3
Pudel1   7   1   2   2   3  25   2   1   1   1 BWL   8  33   1   1 510   0   2   4   3   5   2   4   5
Pudel1   7   1   2   2   3  25   2   1   1   1 BWL   8  34   1   4 470   1   2   4   6   1   2   4   4
Pudel1   7   1   2   2   3  25   2   1   1   1 BWL   8  35   1   4 600   0   1   2   4   3   5   2   4
Pudel1   7   1   2   2   3  25   2   1   1   1 BWL   8  36   1   6 510   0   6   1   2   4   3   5   4
Pudel1   7   1   2   2   3  25   2   1   1   1 BWL   8  37   1   3 510   0   5   2   4   6   1   2   5
Pudel1   7   1   2   2   3  25   2   1   1   1 BWL   8  38   1   2 550   1   5   2   4   6   1   2   3
Pudel1   7   1   2   2   3  25   2   1   1   1 BWL   8  39   1   6 650   0   4   3   5   2   4   3   3
Pudel1   7   1   2   2   3  25   2   1   1   1 BWL   8  40   1   2 470   1   5   2   4   6   1   2   4
Pudel1   7   1   2   2   3  25   2   1   1   1 BWL   8  41   1   2 730   0   2   4   3   5   2   4   5
Pudel1   7   1   2   2   3  25   2   1   1   1 BWL   8  42   1   5 500   0   4   6   1   2   4   3   5
Pudel1   7   1   2   2   3  25   2   1   1   1 BWL   8  43   1   6 441   0   3   5   2   4   3   1   5
Pudel1   7   1   2   2   3  25   2   1   1   1 BWL   8  44   1   5 540   0   5   2   4   6   1   2   4
Pudel1   7   1   2   2   3  25   2   1   1   1 BWL   8  45   1   6 460   0   2   4   3   5   2   4   5
Pudel1   7   1   2   2   3  25   2   1   1   1 BWL   8  46   1   3 420   0   5   2   4   6   1   2   5
Pudel1   7   1   2   2   3  25   2   1   1   1 BWL   8  47   1   1 450   0   4   3   5   2   4   3   5
Pudel1   7   1   2   2   3  25   2   1   1   1 BWL   8  48   1   4 460   1   2   4   6   1   2   4   3
Pudel1   7   1   2   2   3  25   2   1   1   1 BWL   8  49   1   4 530   0   1   2   4   3   5   2   5
Pudel1   7   1   2   2   3  25   2   1   1   1 BWL   8  50   1   3 510   0   2   4   3   5   2   4   5
Pudel1   7   1   2   2   3  25   2   1   1   1 BWL   8  51   1   2 4330   0   4   6   1   2   4   3   5
Pudel1   7   1   2   2   3  25   2   1   1   1 BWL   8  52   1   5 530   0   2   4   3   5   2   4   3
Pudel1   7   1   2   2   3  25   2   1   1   1 BWL   8  53   1   1 510   0   6   1   2   4   3   5   3
Pudel1   7   1   2   2   3  25   2   1   1   1 BWL   8  54   1   3 500   1   4   6   1   2   4   3   4
Pudel1   7   1   2   2   3  25   2   1   1   1 BWL   8  55   1   4 460   1   2   4   6   1   2   4   5
Pudel1   7   1   2   2   3  25   2   1   1   1 BWL   8  56   1   6 450   0   2   4   3   5   2   4   5
Pudel1   7   1   2   2   3  25   2   1   1   1 BWL   8  57   1   6 450   0   1   2   4   3   5   2   4
Pudel1   7   1   2   2   3  25   2   1   1   1 BWL   8  58   1   5 500   1   6   1   2   4   3   5   4
Pudel1   7   1   2   2   3  25   2   1   1   1 BWL   8  59   1   1 440   0   1   2   4   3   5   2   4
Pudel1   7   1   2   2   3  25   2   1   1   1 BWL   8  60   1   1 600   0   4   3   5   2   4   3   3
Pudel1   7   1   2   2   3  25   2   1   1   1 BWL   8  61   1   6 410   0   5   2   4   6   1   2   5
Pudel1   7   1   2   2   3  25   2   1   1   1 BWL   8  62   1   6 600   0   2   4   3   5   2   4   3
Pudel1   7   1   2   2   3  25   2   1   1   1 BWL   8  63   1   5 540   0   5   2   4   6   1   2   5
Pudel1   7   1   2   2   3  25   2   1   1   1 BWL   8  64   1   5 530   0   3   5   2   4   3   1   3
Pudel1   7   1   2   2   3  25   2   1   1   1 BWL   8  65   1   4 420   0   5   2   4   6   1   2   4
Pudel1   7   1   2   2   3  25   2   1   1   1 BWL   8  66   1   2 570   0   4   3   5   2   4   3   3
Pudel1   7   1   2   2   3  25   2   1   1   1 BWL   8  67   1   5 520   0   3   5   2   4   3   1   5
Pudel1   7   1   2   2   3  25   2   1   1   1 BWL   8  68   1   5 460   1   6   1   2   4   3   5   4
Pudel1   7   1   2   2   3  25   2   1   1   1 BWL   8  69   1   5 400   0   5   2   4   6   1   2   5
Pudel1   7   1   2   2   3  25   2   1   1   1 BWL   8  70   1   4 600   0   4   6   1   2   4   3   4
Pudel1   7   1   2   2   3  25   2   1   1   1 BWL   8  71   1   2 510   0   2   4   6   1   2   4   4
Pudel1   7   1   2   2   3  25   2   1   1   1 BWL   8  72   1   6 410   0   3   5   2   4   3   1   4
Pudel1   7   1   2   2   3  25   2   1   1   1 BWL   8  73   1   6 460   0   3   5   2   4   3   1   4
Pudel1   7   1   2   2   3  25   2   1   1   1 BWL   8  74   1   6 410   0   4   3   5   2   4   3   4
Pudel1   7   1   2   2   3  25   2   1   1   1 BWL   8  75   1   1 580   0   4   6   1   2   4   3   3
Pudel1   7   1   2   2   3  25   2   1   1   1 BWL   8  76   1   4 440   0   5   2   4   6   1   2   3
Pudel1   7   1   2   2   3  25   2   1   1   1 BWL   8  77   1   1 460   0   4   6   1   2   4   3   3
Pudel1   7   1   2   2   3  25   2   1   1   1 BWL   8  78   1   6 380   0   3   5   2   4   3   1   5
Pudel1   7   1   2   2   3  25   2   1   1   1 BWL   8  79   1   1 740   0   4   3   5   2   4   3   3
Pudel1   7   1   2   2   3  25   2   1   1   1 BWL   8  80   1   1 490   0   4   6   1   2   4   3   5
Pudel1   7   1   2   2   3  25   2   1   1   1 BWL   8  81   1   1 760   0   4   3   5   2   4   3   3
Pudel1   7   1   2   2   3  25   2   1   1   1 BWL   8  82   1   3 400   1   4   3   5   2   4   3   5
Pudel1   7   1   2   2   3  25   2   1   1   1 BWL   8  83   1   5 500   1   6   1   2   4   3   5   5
Pudel1   7   1   2   2   3  25   2   1   1   1 BWL   8  84   1   1 680   0   4   3   5   2   4   3   3
Pudel1   7   1   2   2   3  25   2   1   1   1 BWL   8  85   1   3 530   1   4   6   1   2   4   3   5
Pudel1   7   1   2   2   3  25   2   1   1   1 BWL   8  86   1   6 651   0   5   2   4   6   1   2   4
Pudel1   7   1   2   2   3  25   2   1   1   1 BWL   8  87   1   6 600   0   2   4   6   1   2   4   3
Pudel1   7   1   2   2   3  25   2   1   1   1 BWL   8  88   1   4 550   0   6   1   2   4   3   5   4
Pudel1   7   1   2   2   3  25   2   1   1   1 BWL   8  89   1   6 680   0   5   2   4   6   1   2   3
Pudel1   7   1   2   2   3  25   2   1   1   1 BWL   8  90   1   2 520   1   1   2   4   3   5   2   3
Pudel1   7   1   2   2   3  25   2   1   1   1 BWL   8  91   1   2 460   1   1   2   4   3   5   2   3
Pudel1   7   1   2   2   3  25   2   1   1   1 BWL   8  92   1   2 640   0   4   6   1   2   4   3   3
Pudel1   7   1   2   2   3  25   2   1   1   1 BWL   8  93   1   2 730   0   4   6   1   2   4   3   3
Pudel1   7   1   2   2   3  25   2   1   1   1 BWL   8  94   1   4 440   0   6   1   2   4   3   5   5
Pudel1   7   1   2   2   3  25   2   1   1   1 BWL   8  95   1   5 460   0   3   5   2   4   3   1   5
Pudel1   7   1   2   2   3  25   2   1   1   1 BWL   8  96   1   3 700   0   1   2   4   3   5   2   5
Pudel1   7   1   2   2   3  25   2   1   1   1 BWL   8  97   1   4 540   0   5   2   4   6   1   2   4
Pudel1   7   1   2   2   3  25   2   1   1   1 BWL   8  98   1   5 530   0   3   5   2   4   3   1   4
Pudel1   7   1   2   2   3  25   2   1   1   1 BWL   8  99   1   4 720   1   2   4   6   1   2   4   3
Pudel1   7   1   2   2   3  25   2   1   1   1 BWL   8 100   1   5 580   1   6   1   2   4   3   5   3
Pudel1   7   1   2   2   3  25   2   1   1   1 BWL   8 101   1   5 460   0   3   5   2   4   3   1   3
Pudel1   7   1   2   2   3  25   2   1   1   1 BWL   8 102   1   3 400   1   4   3   5   2   4   3   5
Pudel1   7   1   2   2   3  25   2   1   1   1 BWL   8 103   1   3 640   0   1   2   4   3   5   2   4
Pudel1   7   1   2   2   3  25   2   1   1   1 BWL   8 104   1   3 490   1   4   3   5   2   4   3   4
Pudel1   7   1   2   2   3  25   2   1   1   1 BWL   8 105   1   4 510   1   2   4   3   5   2   4   5
Pudel1   7   1   2   2   3  25   2   1   1   1 BWL   8 106   1   2 940   0   4   6   1   2   4   3   3
Pudel1   7   1   2   2   3  25   2   1   1   1 BWL   8 107   1   4 560   1   2   4   6   1   2   4   5
Pudel1   7   1   2   2   3  25   2   1   1   1 BWL   8 108   1   5 570   0   1   2   4   3   5   2   4
Pudel1   7   1   2   2   3  25   2   1   1   1 BWL   8 109   1   5 430   1   6   1   2   4   3   5   5
Pudel1   7   1   2   2   3  25   2   1   1   1 BWL   8 110   1   4 530   1   2   4   3   5   2   4   5
Pudel1   7   1   2   2   3  25   2   1   1   1 BWL   8 111   1   2 470   0   2   4   3   5   2   4   3
Pudel1   7   1   2   2   3  25   2   1   1   1 BWL   8 112   1   3 410   0   2   4   3   5   2   4   5
Pudel1   7   1   2   2   3  25   2   1   1   1 BWL   8 113   1   3 380   1   4   3   5   2   4   3   3
Pudel1   7   1   2   2   3  25   2   1   1   1 BWL   8 114   1   3 470   1   4   3   5   2   4   3   3
Pudel1   7   1   2   2   3  25   2   1   1   1 BWL   8 115   1   3 451   1   4   6   1   2   4   3   5
Pudel1   7   1   2   2   3  25   2   1   1   1 BWL   8 116   1   4 620   0   3   5   2   4   3   1   3
Pudel1   7   1   2   2   3  25   2   1   1   1 BWL   8 117   1   4 420   0   6   1   2   4   3   5   5
Pudel1   7   1   2   2   3  25   2   1   1   1 BWL   8 118   1   2 550   1   1   2   4   3   5   2   3
Pudel1   7   1   2   2   3  25   2   1   1   1 BWL   8 119   1   4 530   1   2   4   6   1   2   4   3
Pudel1   7   1   2   2   3  25   2   1   1   1 BWL   8 120   1   4 1160   1   2   4   3   5   2   4   5
