Pudel1  76   1   1   1   1  23   1   1   1   1 BWLB   1   1   3 994   3   1
Pudel1  76   1   1   1   1  23   1   1   1   1 BWLB   1   2   2 771   2   1
Pudel1  76   1   1   1   1  23   1   1   1   1 BWLB   1   3   5 812   5   1
Pudel1  76   1   1   1   1  23   1   1   1   1 BWLB   1   4   6 582   6   1
Pudel1  76   1   1   1   1  23   1   1   1   1 BWLB   1   5   1 717   1   1
Pudel1  76   1   1   1   1  23   1   1   1   1 BWLB   1   6   2 706   2   1
Pudel1  76   1   1   1   1  23   1   1   1   1 BWLB   1   7   5 995   4   0
Pudel1  76   1   1   1   1  23   1   1   1   1 BWLB   1   8   1 977   1   1
Pudel1  76   1   1   1   1  23   1   1   1   1 BWLB   1   9   2 911   2   1
Pudel1  76   1   1   1   1  23   1   1   1   1 BWLB   1  10   5 1090   5   1
Pudel1  76   1   1   1   1  23   1   1   1   1 BWLB   1  11   5 224   1   0
Pudel1  76   1   1   1   1  23   1   1   1   1 BWLB   1  12   6 741   6   1
Pudel1  76   1   1   1   1  23   1   1   1   1 BWLB   1  13   2 687   2   1
Pudel1  76   1   1   1   1  23   1   1   1   1 BWLB   1  14   1 843   1   1
Pudel1  76   1   1   1   1  23   1   1   1   1 BWLB   1  15   4 1207   4   1
Pudel1  76   1   1   1   1  23   1   1   1   1 BWLB   1  16   3 801   3   1
Pudel1  76   1   1   1   1  23   1   1   1   1 BWLB   1  17   2 796   2   1
Pudel1  76   1   1   1   1  23   1   1   1   1 BWLB   1  18   1 706   1   1
Pudel1  76   1   1   1   1  23   1   1   1   1 BWLB   1  19   4 2148   4   1
Pudel1  76   1   1   1   1  23   1   1   1   1 BWLB   1  20   6 796   6   1
Pudel1  76   1   1   1   1  23   1   1   1   1 BWLB   1  21   5 826   5   1
Pudel1  76   1   1   1   1  23   1   1   1   1 BWLB   1  22   2 796   2   1
Pudel1  76   1   1   1   1  23   1   1   1   1 BWLB   1  23   1 749   1   1
Pudel1  76   1   1   1   1  23   1   1   1   1 BWLB   1  24   3 922   3   1
Pudel1  76   1   1   1   1  23   1   1   1   1 BWLB   1  25   6 846   6   1
Pudel1  76   1   1   1   1  23   1   1   1   1 BWLB   1  26   4 988   4   1
Pudel1  76   1   1   1   1  23   1   1   1   1 BWLB   1  27   2 732   2   1
Pudel1  76   1   1   1   1  23   1   1   1   1 BWLB   1  28   1 688   1   1
Pudel1  76   1   1   1   1  23   1   1   1   1 BWLB   1  29   3 891   3   1
Pudel1  76   1   1   1   1  23   1   1   1   1 BWLB   1  30   5 755   5   1
Pudel1  76   1   1   1   1  23   1   1   1   1 BWLB   1  31   3 697   2   0
Pudel1  76   1   1   1   1  23   1   1   1   1 BWLB   1  32   1 862   1   1
Pudel1  76   1   1   1   1  23   1   1   1   1 BWLB   1  33   3 891   3   1
Pudel1  76   1   1   1   1  23   1   1   1   1 BWLB   1  34   6 830   6   1
Pudel1  76   1   1   1   1  23   1   1   1   1 BWLB   1  35   4 1093   4   1
Pudel1  76   1   1   1   1  23   1   1   1   1 BWLB   1  36   2 961   2   1
Pudel1  76   1   1   1   1  23   1   1   1   1 BWLB   1  37   1 705   1   1
Pudel1  76   1   1   1   1  23   1   1   1   1 BWLB   1  38   5 781   5   1
Pudel1  76   1   1   1   1  23   1   1   1   1 BWLB   1  39   2 727   2   1
Pudel1  76   1   1   1   1  23   1   1   1   1 BWLB   1  40   1 716   1   1
Pudel1  76   1   1   1   1  23   1   1   1   1 BWLB   1  41   4 960   4   1
Pudel1  76   1   1   1   1  23   1   1   1   1 BWLB   1  42   3 710   3   1
Pudel1  76   1   1   1   1  23   1   1   1   1 BWLB   1  43   1 618   1   1
Pudel1  76   1   1   1   1  23   1   1   1   1 BWLB   1  44   5 978   5   1
Pudel1  76   1   1   1   1  23   1   1   1   1 BWLB   1  45   2 789   2   1
Pudel1  76   1   1   1   1  23   1   1   1   1 BWLB   1  46   1 682   1   1
Pudel1  76   1   1   1   1  23   1   1   1   1 BWLB   1  47   6 779   6   1
Pudel1  76   1   1   1   1  23   1   1   1   1 BWLB   1  48   2 692   2   1
Pudel1  76   1   1   1   1  23   1   1   1   1 BWLB   1  49   4 852   4   1
Pudel1  76   1   1   1   1  23   1   1   1   1 BWLB   1  50   5 826   5   1
Pudel1  76   1   1   1   1  23   1   1   1   1 BWLB   1  51   3 983   3   1
Pudel1  76   1   1   1   1  23   1   1   1   1 BWLB   1  52   2 697   2   1
Pudel1  76   1   1   1   1  23   1   1   1   1 BWLB   1  53   1 687   1   1
Pudel1  76   1   1   1   1  23   1   1   1   1 BWLB   1  54   6 693   6   1
Pudel1  76   1   1   1   1  23   1   1   1   1 BWLB   1  55   2 748   2   1
Pudel1  76   1   1   1   1  23   1   1   1   1 BWLB   1  56   1 657   1   1
Pudel1  76   1   1   1   1  23   1   1   1   1 BWLB   1  57   5 831   5   1
Pudel1  76   1   1   1   1  23   1   1   1   1 BWLB   1  58   2 754   2   1
Pudel1  76   1   1   1   1  23   1   1   1   1 BWLB   1  59   1 914   1   1
Pudel1  76   1   1   1   1  23   1   1   1   1 BWLB   1  60   4 920   4   1
Pudel1  76   1   1   1   1  23   1   1   1   1 BWLB   1  61   2 701   2   1
Pudel1  76   1   1   1   1  23   1   1   1   1 BWLB   1  62   1 690   1   1
Pudel1  76   1   1   1   1  23   1   1   1   1 BWLB   1  63   3 819   3   1
Pudel1  76   1   1   1   1  23   1   1   1   1 BWLB   1  64   6 657   6   1
Pudel1  76   1   1   1   1  23   1   1   1   1 BWLB   1  65   1 699   1   1
Pudel1  76   1   1   1   1  23   1   1   1   1 BWLB   1  66   4 858   4   1
Pudel1  76   1   1   1   1  23   1   1   1   1 BWLB   1  67   2 699   2   1
Pudel1  76   1   1   1   1  23   1   1   1   1 BWLB   1  68   3 800   3   1
Pudel1  76   1   1   1   1  23   1   1   1   1 BWLB   1  69   6 657   6   1
Pudel1  76   1   1   1   1  23   1   1   1   1 BWLB   1  70   2 835   2   1
Pudel1  76   1   1   1   1  23   1   1   1   1 BWLB   1  71   5 687   5   1
Pudel1  76   1   1   1   1  23   1   1   1   1 BWLB   1  72   1 783   1   1
Pudel1  76   1   1   1   1  23   1   1   1   1 BWLB   1  73   3 734   2   0
Pudel1  76   1   1   1   1  23   1   1   1   1 BWLB   1  74   3 844   3   1
Pudel1  76   1   1   1   1  23   1   1   1   1 BWLB   1  75   4 801   4   1
Pudel1  76   1   1   1   1  23   1   1   1   1 BWLB   1  76   1 695   1   1
Pudel1  76   1   1   1   1  23   1   1   1   1 BWLB   1  77   6 722   6   1
Pudel1  76   1   1   1   1  23   1   1   1   1 BWLB   1  78   5 655   5   1
Pudel1  76   1   1   1   1  23   1   1   1   1 BWLB   1  79   1 725   1   1
Pudel1  76   1   1   1   1  23   1   1   1   1 BWLB   1  80   3 593   2   0
Pudel1  76   1   1   1   1  23   1   1   1   1 BWLB   1  81   6 714   6   1
Pudel1  76   1   1   1   1  23   1   1   1   1 BWLB   1  82   1 647   1   1
Pudel1  76   1   1   1   1  23   1   1   1   1 BWLB   1  83   2 629   2   1
Pudel1  76   1   1   1   1  23   1   1   1   1 BWLB   1  84   3 616   3   1
Pudel1  76   1   1   1   1  23   1   1   1   1 BWLB   1  85   5 823   5   1
Pudel1  76   1   1   1   1  23   1   1   1   1 BWLB   1  86   4 765   4   1
Pudel1  76   1   1   1   1  23   1   1   1   1 BWLB   1  87   1 910   1   1
Pudel1  76   1   1   1   1  23   1   1   1   1 BWLB   1  88   2 659   2   1
Pudel1  76   1   1   1   1  23   1   1   1   1 BWLB   1  89   4 1059   4   1
Pudel1  76   1   1   1   1  23   1   1   1   1 BWLB   1  90   1 612   1   1
Pudel1  76   1   1   1   1  23   1   1   1   1 BWLB   1  91   2 756   2   1
Pudel1  76   1   1   1   1  23   1   1   1   1 BWLB   1  92   3 997   3   1
Pudel1  76   1   1   1   1  23   1   1   1   1 BWLB   1  93   1 687   1   1
Pudel1  76   1   1   1   1  23   1   1   1   1 BWLB   1  94   2 771   2   1
Pudel1  76   1   1   1   1  23   1   1   1   1 BWLB   1  95   6 690   6   1
Pudel1  76   1   1   1   1  23   1   1   1   1 BWLB   1  96   5 770   5   1
Pudel1  76   1   1   1   1  23   1   1   1   1 BWLB   1  97   3 739   3   1
Pudel1  76   1   1   1   1  23   1   1   1   1 BWLB   1  98   1 618   1   1
Pudel1  76   1   1   1   1  23   1   1   1   1 BWLB   1  99   5 741   5   1
Pudel1  76   1   1   1   1  23   1   1   1   1 BWLB   1 100   2 842   2   1
Pudel1  76   1   1   1   1  23   1   1   1   1 BWLB   1 101   6 648   6   1
Pudel1  76   1   1   1   1  23   1   1   1   1 BWLB   1 102   4 871   4   1
Pudel1  76   1   1   1   1  23   1   1   1   1 BWLB   1 103   1 564   1   1
Pudel1  76   1   1   1   1  23   1   1   1   1 BWLB   1 104   2 857   2   1
Pudel1  76   1   1   1   1  23   1   1   1   1 BWLB   1 105   4 888   4   1
Pudel1  76   1   1   1   1  23   1   1   1   1 BWLB   1 106   1 596   1   1
Pudel1  76   1   1   1   1  23   1   1   1   1 BWLB   1 107   2 734   2   1
Pudel1  76   1   1   1   1  23   1   1   1   1 BWLB   1 108   3 819   3   1
Pudel1  76   1   1   1   1  23   1   1   1   1 BWLB   1 109   6 601   6   1
Pudel1  76   1   1   1   1  23   1   1   1   1 BWLB   1 110   2 697   2   1
Pudel1  76   1   1   1   1  23   1   1   1   1 BWLB   1 111   5 764   5   1
Pudel1  76   1   1   1   1  23   1   1   1   1 BWLB   1 112   1 729   1   1
Pudel1  76   1   1   1   1  23   1   1   1   1 BWLB   1 113   4 938   4   1
Pudel1  76   1   1   1   1  23   1   1   1   1 BWLB   1 114   3 864   3   1
Pudel1  76   1   1   1   1  23   1   1   1   1 BWLB   1 115   2 666   2   1
Pudel1  76   1   1   1   1  23   1   1   1   1 BWLB   1 116   1 590   1   1
Pudel1  76   1   1   1   1  23   1   1   1   1 BWLB   1 117   4 790   5   0
Pudel1  76   1   1   1   1  23   1   1   1   1 BWLB   1 118   2 830   2   1
Pudel1  76   1   1   1   1  23   1   1   1   1 BWLB   1 119   1 727   1   1
Pudel1  76   1   1   1   1  23   1   1   1   1 BWLB   1 120   6 763   6   1
Pudel1  76   1   1   1   1  23   1   1   1   1 BWLB   1 121   4 712   4   1
Pudel1  76   1   1   1   1  23   1   1   1   1 BWLB   1 122   1 658   1   1
Pudel1  76   1   1   1   1  23   1   1   1   1 BWLB   1 123   2 772   2   1
Pudel1  76   1   1   1   1  23   1   1   1   1 BWLB   1 124   3 770   3   1
Pudel1  76   1   1   1   1  23   1   1   1   1 BWLB   1 125   6 649   6   1
Pudel1  76   1   1   1   1  23   1   1   1   1 BWLB   1 126   2 615   2   1
Pudel1  76   1   1   1   1  23   1   1   1   1 BWLB   1 127   5 754   5   1
Pudel1  76   1   1   1   1  23   1   1   1   1 BWLB   1 128   1 744   1   1
Pudel1  76   1   1   1   1  23   1   1   1   1 BWLB   1 129   6 751   6   1
Pudel1  76   1   1   1   1  23   1   1   1   1 BWLB   1 130   5 699   5   1
Pudel1  76   1   1   1   1  23   1   1   1   1 BWLB   1 131   3 1017   3   1
Pudel1  76   1   1   1   1  23   1   1   1   1 BWLB   1 132   1 604   1   1
Pudel1  76   1   1   1   1  23   1   1   1   1 BWLB   1 133   2 830   2   1
Pudel1  76   1   1   1   1  23   1   1   1   1 BWLB   1 134   5 708   4   0
Pudel1  76   1   1   1   1  23   1   1   1   1 BWLB   1 135   1 681   1   1
Pudel1  76   1   1   1   1  23   1   1   1   1 BWLB   1 136   2 770   2   1
Pudel1  76   1   1   1   1  23   1   1   1   1 BWLB   1 137   6 654   6   1
Pudel1  76   1   1   1   1  23   1   1   1   1 BWLB   1 138   1 709   1   1
Pudel1  76   1   1   1   1  23   1   1   1   1 BWLB   1 139   4 857   4   1
Pudel1  76   1   1   1   1  23   1   1   1   1 BWLB   1 140   2 754   2   1
Pudel1  76   1   1   1   1  23   1   1   1   1 BWLB   1 141   1 693   1   1
Pudel1  76   1   1   1   1  23   1   1   1   1 BWLB   1 142   5 748   5   1
Pudel1  76   1   1   1   1  23   1   1   1   1 BWLB   1 143   3 801   3   1
Pudel1  76   1   1   1   1  23   1   1   1   1 BWLB   1 144   2 739   2   1
Pudel1  76   1   1   1   1  23   1   1   1   1 BWLB   2   1   3 815   3   1
Pudel1  76   1   1   1   1  23   1   1   1   1 BWLB   2   2   2 610   2   1
Pudel1  76   1   1   1   1  23   1   1   1   1 BWLB   2   3   5 655   5   1
Pudel1  76   1   1   1   1  23   1   1   1   1 BWLB   2   4   6 700   6   1
Pudel1  76   1   1   1   1  23   1   1   1   1 BWLB   2   5   1 674   1   1
Pudel1  76   1   1   1   1  23   1   1   1   1 BWLB   2   6   2 730   2   1
Pudel1  76   1   1   1   1  23   1   1   1   1 BWLB   2   7   5 601   4   0
Pudel1  76   1   1   1   1  23   1   1   1   1 BWLB   2   8   1 759   1   1
Pudel1  76   1   1   1   1  23   1   1   1   1 BWLB   2   9   2 728   2   1
Pudel1  76   1   1   1   1  23   1   1   1   1 BWLB   2  10   5 720   5   1
Pudel1  76   1   1   1   1  23   1   1   1   1 BWLB   2  11   1 638   1   1
Pudel1  76   1   1   1   1  23   1   1   1   1 BWLB   2  12   6 733   6   1
Pudel1  76   1   1   1   1  23   1   1   1   1 BWLB   2  13   2 631   2   1
Pudel1  76   1   1   1   1  23   1   1   1   1 BWLB   2  14   1 741   1   1
Pudel1  76   1   1   1   1  23   1   1   1   1 BWLB   2  15   4 652   4   1
Pudel1  76   1   1   1   1  23   1   1   1   1 BWLB   2  16   3 737   3   1
Pudel1  76   1   1   1   1  23   1   1   1   1 BWLB   2  17   2 618   2   1
Pudel1  76   1   1   1   1  23   1   1   1   1 BWLB   2  18   1 578   1   1
Pudel1  76   1   1   1   1  23   1   1   1   1 BWLB   2  19   4 699   4   1
Pudel1  76   1   1   1   1  23   1   1   1   1 BWLB   2  20   6 658   6   1
Pudel1  76   1   1   1   1  23   1   1   1   1 BWLB   2  21   5 872   5   1
Pudel1  76   1   1   1   1  23   1   1   1   1 BWLB   2  22   2 708   2   1
Pudel1  76   1   1   1   1  23   1   1   1   1 BWLB   2  23   1 659   1   1
Pudel1  76   1   1   1   1  23   1   1   1   1 BWLB   2  24   3 837   3   1
Pudel1  76   1   1   1   1  23   1   1   1   1 BWLB   2  25   6 604   6   1
Pudel1  76   1   1   1   1  23   1   1   1   1 BWLB   2  26   5 633   4   0
Pudel1  76   1   1   1   1  23   1   1   1   1 BWLB   2  27   2 658   2   1
Pudel1  76   1   1   1   1  23   1   1   1   1 BWLB   2  28   1 604   1   1
Pudel1  76   1   1   1   1  23   1   1   1   1 BWLB   2  29   3 670   3   1
Pudel1  76   1   1   1   1  23   1   1   1   1 BWLB   2  30   5 785   5   1
Pudel1  76   1   1   1   1  23   1   1   1   1 BWLB   2  31   2 714   2   1
Pudel1  76   1   1   1   1  23   1   1   1   1 BWLB   2  32   1 707   1   1
Pudel1  76   1   1   1   1  23   1   1   1   1 BWLB   2  33   3 627   3   1
Pudel1  76   1   1   1   1  23   1   1   1   1 BWLB   2  34   6 606   6   1
Pudel1  76   1   1   1   1  23   1   1   1   1 BWLB   2  35   4 949   4   1
Pudel1  76   1   1   1   1  23   1   1   1   1 BWLB   2  36   2 804   2   1
Pudel1  76   1   1   1   1  23   1   1   1   1 BWLB   2  37   1 612   1   1
Pudel1  76   1   1   1   1  23   1   1   1   1 BWLB   2  38   5 864   5   1
Pudel1  76   1   1   1   1  23   1   1   1   1 BWLB   2  39   2 742   2   1
Pudel1  76   1   1   1   1  23   1   1   1   1 BWLB   2  40   1 657   1   1
Pudel1  76   1   1   1   1  23   1   1   1   1 BWLB   2  41   4 925   4   1
Pudel1  76   1   1   1   1  23   1   1   1   1 BWLB   2  42   3 653   3   1
Pudel1  76   1   1   1   1  23   1   1   1   1 BWLB   2  43   1 574   1   1
Pudel1  76   1   1   1   1  23   1   1   1   1 BWLB   2  44   5 809   5   1
Pudel1  76   1   1   1   1  23   1   1   1   1 BWLB   2  45   2 749   2   1
Pudel1  76   1   1   1   1  23   1   1   1   1 BWLB   2  46   1 699   1   1
Pudel1  76   1   1   1   1  23   1   1   1   1 BWLB   2  47   6 649   6   1
Pudel1  76   1   1   1   1  23   1   1   1   1 BWLB   2  48   2 811   2   1
Pudel1  76   1   1   1   1  23   1   1   1   1 BWLB   2  49   4 732   4   1
Pudel1  76   1   1   1   1  23   1   1   1   1 BWLB   2  50   5 740   5   1
Pudel1  76   1   1   1   1  23   1   1   1   1 BWLB   2  51   3 733   3   1
Pudel1  76   1   1   1   1  23   1   1   1   1 BWLB   2  52   2 679   2   1
Pudel1  76   1   1   1   1  23   1   1   1   1 BWLB   2  53   1 691   1   1
Pudel1  76   1   1   1   1  23   1   1   1   1 BWLB   2  54   6 712   6   1
Pudel1  76   1   1   1   1  23   1   1   1   1 BWLB   2  55   2 615   2   1
Pudel1  76   1   1   1   1  23   1   1   1   1 BWLB   2  56   1 692   1   1
Pudel1  76   1   1   1   1  23   1   1   1   1 BWLB   2  57   5 923   5   1
Pudel1  76   1   1   1   1  23   1   1   1   1 BWLB   2  58   2 632   2   1
Pudel1  76   1   1   1   1  23   1   1   1   1 BWLB   2  59   1 629   1   1
Pudel1  76   1   1   1   1  23   1   1   1   1 BWLB   2  60   4 796   4   1
Pudel1  76   1   1   1   1  23   1   1   1   1 BWLB   2  61   2 655   2   1
Pudel1  76   1   1   1   1  23   1   1   1   1 BWLB   2  62   1 606   1   1
Pudel1  76   1   1   1   1  23   1   1   1   1 BWLB   2  63   3 771   3   1
Pudel1  76   1   1   1   1  23   1   1   1   1 BWLB   2  64   6 611   6   1
Pudel1  76   1   1   1   1  23   1   1   1   1 BWLB   2  65   1 740   1   1
Pudel1  76   1   1   1   1  23   1   1   1   1 BWLB   2  66   4 930   4   1
Pudel1  76   1   1   1   1  23   1   1   1   1 BWLB   2  67   2 713   2   1
Pudel1  76   1   1   1   1  23   1   1   1   1 BWLB   2  68   4 860   3   0
Pudel1  76   1   1   1   1  23   1   1   1   1 BWLB   2  69   6 709   6   1
Pudel1  76   1   1   1   1  23   1   1   1   1 BWLB   2  70   2 930   2   1
Pudel1  76   1   1   1   1  23   1   1   1   1 BWLB   2  71   5 828   5   1
Pudel1  76   1   1   1   1  23   1   1   1   1 BWLB   2  72   1 824   1   1
Pudel1  76   1   1   1   1  23   1   1   1   1 BWLB   2  73   2 879   2   1
Pudel1  76   1   1   1   1  23   1   1   1   1 BWLB   2  74   4 663   3   0
Pudel1  76   1   1   1   1  23   1   1   1   1 BWLB   2  75   4 878   4   1
Pudel1  76   1   1   1   1  23   1   1   1   1 BWLB   2  76   1 750   1   1
Pudel1  76   1   1   1   1  23   1   1   1   1 BWLB   2  77   6 680   6   1
Pudel1  76   1   1   1   1  23   1   1   1   1 BWLB   2  78   5 732   5   1
Pudel1  76   1   1   1   1  23   1   1   1   1 BWLB   2  79   1 733   1   1
Pudel1  76   1   1   1   1  23   1   1   1   1 BWLB   2  80   3 671   2   0
Pudel1  76   1   1   1   1  23   1   1   1   1 BWLB   2  81   6 800   6   1
Pudel1  76   1   1   1   1  23   1   1   1   1 BWLB   2  82   1 691   1   1
Pudel1  76   1   1   1   1  23   1   1   1   1 BWLB   2  83   2 699   2   1
Pudel1  76   1   1   1   1  23   1   1   1   1 BWLB   2  84   3 867   3   1
Pudel1  76   1   1   1   1  23   1   1   1   1 BWLB   2  85   5 740   5   1
Pudel1  76   1   1   1   1  23   1   1   1   1 BWLB   2  86   4 787   4   1
Pudel1  76   1   1   1   1  23   1   1   1   1 BWLB   2  87   1 770   1   1
Pudel1  76   1   1   1   1  23   1   1   1   1 BWLB   2  88   2 729   2   1
Pudel1  76   1   1   1   1  23   1   1   1   1 BWLB   2  89   4 1004   4   1
Pudel1  76   1   1   1   1  23   1   1   1   1 BWLB   2  90   1 660   1   1
Pudel1  76   1   1   1   1  23   1   1   1   1 BWLB   2  91   2 839   2   1
Pudel1  76   1   1   1   1  23   1   1   1   1 BWLB   2  92   3 805   3   1
Pudel1  76   1   1   1   1  23   1   1   1   1 BWLB   2  93   1 636   1   1
Pudel1  76   1   1   1   1  23   1   1   1   1 BWLB   2  94   2 615   2   1
Pudel1  76   1   1   1   1  23   1   1   1   1 BWLB   2  95   6 726   6   1
Pudel1  76   1   1   1   1  23   1   1   1   1 BWLB   2  96   5 759   5   1
Pudel1  76   1   1   1   1  23   1   1   1   1 BWLB   2  97   3 789   3   1
Pudel1  76   1   1   1   1  23   1   1   1   1 BWLB   2  98   1 687   1   1
Pudel1  76   1   1   1   1  23   1   1   1   1 BWLB   2  99   5 746   5   1
Pudel1  76   1   1   1   1  23   1   1   1   1 BWLB   2 100   2 590   2   1
Pudel1  76   1   1   1   1  23   1   1   1   1 BWLB   2 101   6 671   6   1
Pudel1  76   1   1   1   1  23   1   1   1   1 BWLB   2 102   4 936   4   1
Pudel1  76   1   1   1   1  23   1   1   1   1 BWLB   2 103   1 593   1   1
Pudel1  76   1   1   1   1  23   1   1   1   1 BWLB   2 104   2 787   2   1
Pudel1  76   1   1   1   1  23   1   1   1   1 BWLB   2 105   4 955   4   1
Pudel1  76   1   1   1   1  23   1   1   1   1 BWLB   2 106   1 586   1   1
Pudel1  76   1   1   1   1  23   1   1   1   1 BWLB   2 107   2 752   2   1
Pudel1  76   1   1   1   1  23   1   1   1   1 BWLB   2 108   3 808   3   1
Pudel1  76   1   1   1   1  23   1   1   1   1 BWLB   2 109   6 631   6   1
Pudel1  76   1   1   1   1  23   1   1   1   1 BWLB   2 110   2 748   2   1
Pudel1  76   1   1   1   1  23   1   1   1   1 BWLB   2 111   5 826   5   1
Pudel1  76   1   1   1   1  23   1   1   1   1 BWLB   2 112   1 813   1   1
Pudel1  76   1   1   1   1  23   1   1   1   1 BWLB   2 113   4 883   4   1
Pudel1  76   1   1   1   1  23   1   1   1   1 BWLB   2 114   3 811   3   1
Pudel1  76   1   1   1   1  23   1   1   1   1 BWLB   2 115   2 641   2   1
Pudel1  76   1   1   1   1  23   1   1   1   1 BWLB   2 116   1 551   1   1
Pudel1  76   1   1   1   1  23   1   1   1   1 BWLB   2 117   5 818   5   1
Pudel1  76   1   1   1   1  23   1   1   1   1 BWLB   2 118   2 584   2   1
Pudel1  76   1   1   1   1  23   1   1   1   1 BWLB   2 119   1 564   1   1
Pudel1  76   1   1   1   1  23   1   1   1   1 BWLB   2 120   6 808   6   1
Pudel1  76   1   1   1   1  23   1   1   1   1 BWLB   2 121   4 1043   4   1
Pudel1  76   1   1   1   1  23   1   1   1   1 BWLB   2 122   1 689   1   1
Pudel1  76   1   1   1   1  23   1   1   1   1 BWLB   2 123   2 800   2   1
Pudel1  76   1   1   1   1  23   1   1   1   1 BWLB   2 124   3 861   3   1
Pudel1  76   1   1   1   1  23   1   1   1   1 BWLB   2 125   6 606   6   1
Pudel1  76   1   1   1   1  23   1   1   1   1 BWLB   2 126   2 855   2   1
Pudel1  76   1   1   1   1  23   1   1   1   1 BWLB   2 127   5 804   5   1
Pudel1  76   1   1   1   1  23   1   1   1   1 BWLB   2 128   1 831   1   1
Pudel1  76   1   1   1   1  23   1   1   1   1 BWLB   2 129   6 724   6   1
Pudel1  76   1   1   1   1  23   1   1   1   1 BWLB   2 130   5 859   5   1
Pudel1  76   1   1   1   1  23   1   1   1   1 BWLB   2 131   3 755   3   1
Pudel1  76   1   1   1   1  23   1   1   1   1 BWLB   2 132   1 589   1   1
Pudel1  76   1   1   1   1  23   1   1   1   1 BWLB   2 133   2 772   2   1
Pudel1  76   1   1   1   1  23   1   1   1   1 BWLB   2 134   4 964   4   1
Pudel1  76   1   1   1   1  23   1   1   1   1 BWLB   2 135   1 743   1   1
Pudel1  76   1   1   1   1  23   1   1   1   1 BWLB   2 136   2 815   2   1
Pudel1  76   1   1   1   1  23   1   1   1   1 BWLB   2 137   6 622   6   1
Pudel1  76   1   1   1   1  23   1   1   1   1 BWLB   2 138   1 706   1   1
Pudel1  76   1   1   1   1  23   1   1   1   1 BWLB   2 139   4 1155   4   1
Pudel1  76   1   1   1   1  23   1   1   1   1 BWLB   2 140   2 658   2   1
Pudel1  76   1   1   1   1  23   1   1   1   1 BWLB   2 141   1 782   1   1
Pudel1  76   1   1   1   1  23   1   1   1   1 BWLB   2 142   5 889   5   1
Pudel1  76   1   1   1   1  23   1   1   1   1 BWLB   2 143   3 967   3   1
Pudel1  76   1   1   1   1  23   1   1   1   1 BWLB   2 144   2 769   2   1
Pudel1  76   1   1   1   1  23   1   1   1   1 BWLB   3   1   3 741   3   1
Pudel1  76   1   1   1   1  23   1   1   1   1 BWLB   3   2   2 649   2   1
Pudel1  76   1   1   1   1  23   1   1   1   1 BWLB   3   3   5 797   5   1
Pudel1  76   1   1   1   1  23   1   1   1   1 BWLB   3   4   6 655   6   1
Pudel1  76   1   1   1   1  23   1   1   1   1 BWLB   3   5   1 677   1   1
Pudel1  76   1   1   1   1  23   1   1   1   1 BWLB   3   6   3 599   2   0
Pudel1  76   1   1   1   1  23   1   1   1   1 BWLB   3   7   4 887   4   1
Pudel1  76   1   1   1   1  23   1   1   1   1 BWLB   3   8   1 676   1   1
Pudel1  76   1   1   1   1  23   1   1   1   1 BWLB   3   9   2 665   2   1
Pudel1  76   1   1   1   1  23   1   1   1   1 BWLB   3  10   5 847   5   1
Pudel1  76   1   1   1   1  23   1   1   1   1 BWLB   3  11   1 637   1   1
Pudel1  76   1   1   1   1  23   1   1   1   1 BWLB   3  12   6 730   6   1
Pudel1  76   1   1   1   1  23   1   1   1   1 BWLB   3  13   2 670   2   1
Pudel1  76   1   1   1   1  23   1   1   1   1 BWLB   3  14   1 667   1   1
Pudel1  76   1   1   1   1  23   1   1   1   1 BWLB   3  15   4 817   4   1
Pudel1  76   1   1   1   1  23   1   1   1   1 BWLB   3  16   3 861   3   1
Pudel1  76   1   1   1   1  23   1   1   1   1 BWLB   3  17   2 654   2   1
Pudel1  76   1   1   1   1  23   1   1   1   1 BWLB   3  18   1 608   1   1
Pudel1  76   1   1   1   1  23   1   1   1   1 BWLB   3  19   4 872   4   1
Pudel1  76   1   1   1   1  23   1   1   1   1 BWLB   3  20   6 684   6   1
Pudel1  76   1   1   1   1  23   1   1   1   1 BWLB   3  21   5 860   5   1
Pudel1  76   1   1   1   1  23   1   1   1   1 BWLB   3  22   2 670   2   1
Pudel1  76   1   1   1   1  23   1   1   1   1 BWLB   3  23   1 566   1   1
Pudel1  76   1   1   1   1  23   1   1   1   1 BWLB   3  24   3 734   3   1
Pudel1  76   1   1   1   1  23   1   1   1   1 BWLB   3  25   6 622   6   1
Pudel1  76   1   1   1   1  23   1   1   1   1 BWLB   3  26   5 631   4   0
Pudel1  76   1   1   1   1  23   1   1   1   1 BWLB   3  27   2 730   2   1
Pudel1  76   1   1   1   1  23   1   1   1   1 BWLB   3  28   1 644   1   1
Pudel1  76   1   1   1   1  23   1   1   1   1 BWLB   3  29   3 846   3   1
Pudel1  76   1   1   1   1  23   1   1   1   1 BWLB   3  30   5 810   5   1
Pudel1  76   1   1   1   1  23   1   1   1   1 BWLB   3  31   2 1038   2   1
Pudel1  76   1   1   1   1  23   1   1   1   1 BWLB   3  32   1 644   1   1
Pudel1  76   1   1   1   1  23   1   1   1   1 BWLB   3  33   3 773   3   1
Pudel1  76   1   1   1   1  23   1   1   1   1 BWLB   3  34   6 628   6   1
Pudel1  76   1   1   1   1  23   1   1   1   1 BWLB   3  35   4 765   4   1
Pudel1  76   1   1   1   1  23   1   1   1   1 BWLB   3  36   2 631   2   1
Pudel1  76   1   1   1   1  23   1   1   1   1 BWLB   3  37   1 596   1   1
Pudel1  76   1   1   1   1  23   1   1   1   1 BWLB   3  38   5 697   5   1
Pudel1  76   1   1   1   1  23   1   1   1   1 BWLB   3  39   2 882   2   1
Pudel1  76   1   1   1   1  23   1   1   1   1 BWLB   3  40   1 706   1   1
Pudel1  76   1   1   1   1  23   1   1   1   1 BWLB   3  41   5 814   4   0
Pudel1  76   1   1   1   1  23   1   1   1   1 BWLB   3  42   3 1072   3   1
Pudel1  76   1   1   1   1  23   1   1   1   1 BWLB   3  43   1 725   1   1
Pudel1  76   1   1   1   1  23   1   1   1   1 BWLB   3  44   5 836   5   1
Pudel1  76   1   1   1   1  23   1   1   1   1 BWLB   3  45   2 777   2   1
Pudel1  76   1   1   1   1  23   1   1   1   1 BWLB   3  46   1 765   1   1
Pudel1  76   1   1   1   1  23   1   1   1   1 BWLB   3  47   6 614   6   1
Pudel1  76   1   1   1   1  23   1   1   1   1 BWLB   3  48   2 848   2   1
Pudel1  76   1   1   1   1  23   1   1   1   1 BWLB   3  49   4 872   4   1
Pudel1  76   1   1   1   1  23   1   1   1   1 BWLB   3  50   5 799   5   1
Pudel1  76   1   1   1   1  23   1   1   1   1 BWLB   3  51   3 858   3   1
Pudel1  76   1   1   1   1  23   1   1   1   1 BWLB   3  52   2 599   2   1
Pudel1  76   1   1   1   1  23   1   1   1   1 BWLB   3  53   1 596   1   1
Pudel1  76   1   1   1   1  23   1   1   1   1 BWLB   3  54   6 848   6   1
Pudel1  76   1   1   1   1  23   1   1   1   1 BWLB   3  55   2 953   2   1
Pudel1  76   1   1   1   1  23   1   1   1   1 BWLB   3  56   1 624   1   1
Pudel1  76   1   1   1   1  23   1   1   1   1 BWLB   3  57   5 750   5   1
Pudel1  76   1   1   1   1  23   1   1   1   1 BWLB   3  58   2 766   2   1
Pudel1  76   1   1   1   1  23   1   1   1   1 BWLB   3  59   1 696   1   1
Pudel1  76   1   1   1   1  23   1   1   1   1 BWLB   3  60   4 834   4   1
Pudel1  76   1   1   1   1  23   1   1   1   1 BWLB   3  61   2 772   2   1
Pudel1  76   1   1   1   1  23   1   1   1   1 BWLB   3  62   1 619   1   1
Pudel1  76   1   1   1   1  23   1   1   1   1 BWLB   3  63   3 881   3   1
Pudel1  76   1   1   1   1  23   1   1   1   1 BWLB   3  64   6 759   6   1
Pudel1  76   1   1   1   1  23   1   1   1   1 BWLB   3  65   1 816   1   1
Pudel1  76   1   1   1   1  23   1   1   1   1 BWLB   3  66   4 796   4   1
Pudel1  76   1   1   1   1  23   1   1   1   1 BWLB   3  67   2 869   2   1
Pudel1  76   1   1   1   1  23   1   1   1   1 BWLB   3  68   3 1639   3   1
Pudel1  76   1   1   1   1  23   1   1   1   1 BWLB   3  69   6 777   6   1
Pudel1  76   1   1   1   1  23   1   1   1   1 BWLB   3  70   2 838   2   1
Pudel1  76   1   1   1   1  23   1   1   1   1 BWLB   3  71   5 804   5   1
Pudel1  76   1   1   1   1  23   1   1   1   1 BWLB   3  72   1 759   1   1
Pudel1  76   1   1   1   1  23   1   1   1   1 BWLB   3  73   2 733   2   1
Pudel1  76   1   1   1   1  23   1   1   1   1 BWLB   3  74   3 664   3   1
Pudel1  76   1   1   1   1  23   1   1   1   1 BWLB   3  75   4 843   4   1
Pudel1  76   1   1   1   1  23   1   1   1   1 BWLB   3  76   1 729   1   1
Pudel1  76   1   1   1   1  23   1   1   1   1 BWLB   3  77   6 717   6   1
Pudel1  76   1   1   1   1  23   1   1   1   1 BWLB   3  78   5 654   5   1
Pudel1  76   1   1   1   1  23   1   1   1   1 BWLB   3  79   1 928   1   1
Pudel1  76   1   1   1   1  23   1   1   1   1 BWLB   3  80   2 695   2   1
Pudel1  76   1   1   1   1  23   1   1   1   1 BWLB   3  81   6 714   6   1
Pudel1  76   1   1   1   1  23   1   1   1   1 BWLB   3  82   1 693   1   1
Pudel1  76   1   1   1   1  23   1   1   1   1 BWLB   3  83   2 654   2   1
Pudel1  76   1   1   1   1  23   1   1   1   1 BWLB   3  84   3 828   3   1
Pudel1  76   1   1   1   1  23   1   1   1   1 BWLB   3  85   6 542   5   0
Pudel1  76   1   1   1   1  23   1   1   1   1 BWLB   3  86   3 786   4   0
Pudel1  76   1   1   1   1  23   1   1   1   1 BWLB   3  87   1 1074   1   1
Pudel1  76   1   1   1   1  23   1   1   1   1 BWLB   3  88   2 880   2   1
Pudel1  76   1   1   1   1  23   1   1   1   1 BWLB   3  89   4 1228   4   1
Pudel1  76   1   1   1   1  23   1   1   1   1 BWLB   3  90   1 736   1   1
Pudel1  76   1   1   1   1  23   1   1   1   1 BWLB   3  91   2 725   2   1
Pudel1  76   1   1   1   1  23   1   1   1   1 BWLB   3  92   2 678   3   0
Pudel1  76   1   1   1   1  23   1   1   1   1 BWLB   3  93   1 775   1   1
Pudel1  76   1   1   1   1  23   1   1   1   1 BWLB   3  94   2 741   2   1
Pudel1  76   1   1   1   1  23   1   1   1   1 BWLB   3  95   6 742   6   1
Pudel1  76   1   1   1   1  23   1   1   1   1 BWLB   3  96   5 845   5   1
Pudel1  76   1   1   1   1  23   1   1   1   1 BWLB   3  97   3 732   3   1
Pudel1  76   1   1   1   1  23   1   1   1   1 BWLB   3  98   1 644   1   1
Pudel1  76   1   1   1   1  23   1   1   1   1 BWLB   3  99   5 1388   5   1
Pudel1  76   1   1   1   1  23   1   1   1   1 BWLB   3 100   2 675   2   1
Pudel1  76   1   1   1   1  23   1   1   1   1 BWLB   3 101   6 684   6   1
Pudel1  76   1   1   1   1  23   1   1   1   1 BWLB   3 102   4 902   4   1
Pudel1  76   1   1   1   1  23   1   1   1   1 BWLB   3 103   1 825   1   1
Pudel1  76   1   1   1   1  23   1   1   1   1 BWLB   3 104   2 739   2   1
Pudel1  76   1   1   1   1  23   1   1   1   1 BWLB   3 105   4 814   4   1
Pudel1  76   1   1   1   1  23   1   1   1   1 BWLB   3 106   1 575   1   1
Pudel1  76   1   1   1   1  23   1   1   1   1 BWLB   3 107   2 848   2   1
Pudel1  76   1   1   1   1  23   1   1   1   1 BWLB   3 108   3 972   3   1
Pudel1  76   1   1   1   1  23   1   1   1   1 BWLB   3 109   6 692   6   1
Pudel1  76   1   1   1   1  23   1   1   1   1 BWLB   3 110   2 780   2   1
Pudel1  76   1   1   1   1  23   1   1   1   1 BWLB   3 111   5 752   5   1
Pudel1  76   1   1   1   1  23   1   1   1   1 BWLB   3 112   1 706   1   1
Pudel1  76   1   1   1   1  23   1   1   1   1 BWLB   3 113   4 859   4   1
Pudel1  76   1   1   1   1  23   1   1   1   1 BWLB   3 114   3 1098   3   1
Pudel1  76   1   1   1   1  23   1   1   1   1 BWLB   3 115   2 849   2   1
Pudel1  76   1   1   1   1  23   1   1   1   1 BWLB   3 116   1 552   1   1
Pudel1  76   1   1   1   1  23   1   1   1   1 BWLB   3 117   5 1198   5   1
Pudel1  76   1   1   1   1  23   1   1   1   1 BWLB   3 118   2 772   2   1
Pudel1  76   1   1   1   1  23   1   1   1   1 BWLB   3 119   1 605   1   1
Pudel1  76   1   1   1   1  23   1   1   1   1 BWLB   3 120   6 688   6   1
Pudel1  76   1   1   1   1  23   1   1   1   1 BWLB   3 121   4 943   4   1
Pudel1  76   1   1   1   1  23   1   1   1   1 BWLB   3 122   1 744   1   1
Pudel1  76   1   1   1   1  23   1   1   1   1 BWLB   3 123   2 802   2   1
Pudel1  76   1   1   1   1  23   1   1   1   1 BWLB   3 124   3 816   3   1
Pudel1  76   1   1   1   1  23   1   1   1   1 BWLB   3 125   6 842   6   1
Pudel1  76   1   1   1   1  23   1   1   1   1 BWLB   3 126   2 793   2   1
Pudel1  76   1   1   1   1  23   1   1   1   1 BWLB   3 127   5 759   5   1
Pudel1  76   1   1   1   1  23   1   1   1   1 BWLB   3 128   1 665   1   1
Pudel1  76   1   1   1   1  23   1   1   1   1 BWLB   3 129   6 640   6   1
Pudel1  76   1   1   1   1  23   1   1   1   1 BWLB   3 130   5 832   5   1
Pudel1  76   1   1   1   1  23   1   1   1   1 BWLB   3 131   3 725   3   1
Pudel1  76   1   1   1   1  23   1   1   1   1 BWLB   3 132   1 626   1   1
Pudel1  76   1   1   1   1  23   1   1   1   1 BWLB   3 133   2 834   2   1
Pudel1  76   1   1   1   1  23   1   1   1   1 BWLB   3 134   4 858   4   1
Pudel1  76   1   1   1   1  23   1   1   1   1 BWLB   3 135   1 715   1   1
Pudel1  76   1   1   1   1  23   1   1   1   1 BWLB   3 136   2 786   2   1
Pudel1  76   1   1   1   1  23   1   1   1   1 BWLB   3 137   6 661   6   1
Pudel1  76   1   1   1   1  23   1   1   1   1 BWLB   3 138   1 862   1   1
Pudel1  76   1   1   1   1  23   1   1   1   1 BWLB   3 139   5 1341   4   0
Pudel1  76   1   1   1   1  23   1   1   1   1 BWLB   3 140   2 796   2   1
Pudel1  76   1   1   1   1  23   1   1   1   1 BWLB   3 141   1 1129   1   1
Pudel1  76   1   1   1   1  23   1   1   1   1 BWLB   3 142   5 1055   5   1
Pudel1  76   1   1   1   1  23   1   1   1   1 BWLB   3 143   3 801   3   1
Pudel1  76   1   1   1   1  23   1   1   1   1 BWLB   3 144   2 783   2   1
Pudel1  76   1   1   1   1  23   1   1   1   1 BWLB   4   1   3 959   3   1
Pudel1  76   1   1   1   1  23   1   1   1   1 BWLB   4   2   2 579   2   1
Pudel1  76   1   1   1   1  23   1   1   1   1 BWLB   4   3   5 919   5   1
Pudel1  76   1   1   1   1  23   1   1   1   1 BWLB   4   4   6 712   6   1
Pudel1  76   1   1   1   1  23   1   1   1   1 BWLB   4   5   1 737   1   1
Pudel1  76   1   1   1   1  23   1   1   1   1 BWLB   4   6   2 715   2   1
Pudel1  76   1   1   1   1  23   1   1   1   1 BWLB   4   7   4 767   4   1
Pudel1  76   1   1   1   1  23   1   1   1   1 BWLB   4   8   1 586   1   1
Pudel1  76   1   1   1   1  23   1   1   1   1 BWLB   4   9   2 702   2   1
Pudel1  76   1   1   1   1  23   1   1   1   1 BWLB   4  10   5 829   5   1
Pudel1  76   1   1   1   1  23   1   1   1   1 BWLB   4  11   1 543   1   1
Pudel1  76   1   1   1   1  23   1   1   1   1 BWLB   4  12   6 768   6   1
Pudel1  76   1   1   1   1  23   1   1   1   1 BWLB   4  13   2 685   2   1
Pudel1  76   1   1   1   1  23   1   1   1   1 BWLB   4  14   1 780   1   1
Pudel1  76   1   1   1   1  23   1   1   1   1 BWLB   4  15   4 845   4   1
Pudel1  76   1   1   1   1  23   1   1   1   1 BWLB   4  16   2 716   3   0
Pudel1  76   1   1   1   1  23   1   1   1   1 BWLB   4  17   2 626   2   1
Pudel1  76   1   1   1   1  23   1   1   1   1 BWLB   4  18   1 574   1   1
Pudel1  76   1   1   1   1  23   1   1   1   1 BWLB   4  19   4 1043   4   1
Pudel1  76   1   1   1   1  23   1   1   1   1 BWLB   4  20   6 683   6   1
Pudel1  76   1   1   1   1  23   1   1   1   1 BWLB   4  21   5 814   5   1
Pudel1  76   1   1   1   1  23   1   1   1   1 BWLB   4  22   2 898   2   1
Pudel1  76   1   1   1   1  23   1   1   1   1 BWLB   4  23   1 635   1   1
Pudel1  76   1   1   1   1  23   1   1   1   1 BWLB   4  24   3 802   3   1
Pudel1  76   1   1   1   1  23   1   1   1   1 BWLB   4  25   6 652   6   1
Pudel1  76   1   1   1   1  23   1   1   1   1 BWLB   4  26   4 981   4   1
Pudel1  76   1   1   1   1  23   1   1   1   1 BWLB   4  27   2 729   2   1
Pudel1  76   1   1   1   1  23   1   1   1   1 BWLB   4  28   1 623   1   1
Pudel1  76   1   1   1   1  23   1   1   1   1 BWLB   4  29   3 954   3   1
Pudel1  76   1   1   1   1  23   1   1   1   1 BWLB   4  30   5 710   5   1
Pudel1  76   1   1   1   1  23   1   1   1   1 BWLB   4  31   2 879   2   1
Pudel1  76   1   1   1   1  23   1   1   1   1 BWLB   4  32   1 678   1   1
Pudel1  76   1   1   1   1  23   1   1   1   1 BWLB   4  33   3 942   3   1
Pudel1  76   1   1   1   1  23   1   1   1   1 BWLB   4  34   6 685   6   1
Pudel1  76   1   1   1   1  23   1   1   1   1 BWLB   4  35   4 823   4   1
Pudel1  76   1   1   1   1  23   1   1   1   1 BWLB   4  36   2 682   2   1
Pudel1  76   1   1   1   1  23   1   1   1   1 BWLB   4  37   1 608   1   1
Pudel1  76   1   1   1   1  23   1   1   1   1 BWLB   4  38   5 836   5   1
Pudel1  76   1   1   1   1  23   1   1   1   1 BWLB   4  39   3 670   2   0
Pudel1  76   1   1   1   1  23   1   1   1   1 BWLB   4  40   1 907   1   1
Pudel1  76   1   1   1   1  23   1   1   1   1 BWLB   4  41   4 848   4   1
Pudel1  76   1   1   1   1  23   1   1   1   1 BWLB   4  42   3 975   3   1
Pudel1  76   1   1   1   1  23   1   1   1   1 BWLB   4  43   1 654   1   1
Pudel1  76   1   1   1   1  23   1   1   1   1 BWLB   4  44   5 775   5   1
Pudel1  76   1   1   1   1  23   1   1   1   1 BWLB   4  45   2 626   2   1
Pudel1  76   1   1   1   1  23   1   1   1   1 BWLB   4  46   1 665   1   1
Pudel1  76   1   1   1   1  23   1   1   1   1 BWLB   4  47   5 641   6   0
Pudel1  76   1   1   1   1  23   1   1   1   1 BWLB   4  48   2 628   2   1
Pudel1  76   1   1   1   1  23   1   1   1   1 BWLB   4  49   5 704   4   0
Pudel1  76   1   1   1   1  23   1   1   1   1 BWLB   4  50   5 1312   5   1
Pudel1  76   1   1   1   1  23   1   1   1   1 BWLB   4  51   3 899   3   1
Pudel1  76   1   1   1   1  23   1   1   1   1 BWLB   4  52   2 702   2   1
Pudel1  76   1   1   1   1  23   1   1   1   1 BWLB   4  53   1 644   1   1
Pudel1  76   1   1   1   1  23   1   1   1   1 BWLB   4  54   6 698   6   1
Pudel1  76   1   1   1   1  23   1   1   1   1 BWLB   4  55   3 786   2   0
Pudel1  76   1   1   1   1  23   1   1   1   1 BWLB   4  56   1 836   1   1
Pudel1  76   1   1   1   1  23   1   1   1   1 BWLB   4  57   5 842   5   1
Pudel1  76   1   1   1   1  23   1   1   1   1 BWLB   4  58   2 757   2   1
Pudel1  76   1   1   1   1  23   1   1   1   1 BWLB   4  59   1 807   1   1
Pudel1  76   1   1   1   1  23   1   1   1   1 BWLB   4  60   4 804   4   1
Pudel1  76   1   1   1   1  23   1   1   1   1 BWLB   4  61   2 847   2   1
Pudel1  76   1   1   1   1  23   1   1   1   1 BWLB   4  62   1 830   1   1
Pudel1  76   1   1   1   1  23   1   1   1   1 BWLB   4  63   3 968   3   1
Pudel1  76   1   1   1   1  23   1   1   1   1 BWLB   4  64   6 721   6   1
Pudel1  76   1   1   1   1  23   1   1   1   1 BWLB   4  65   1 880   1   1
Pudel1  76   1   1   1   1  23   1   1   1   1 BWLB   4  66   4 954   4   1
Pudel1  76   1   1   1   1  23   1   1   1   1 BWLB   4  67   2 733   2   1
Pudel1  76   1   1   1   1  23   1   1   1   1 BWLB   4  68   3 953   3   1
Pudel1  76   1   1   1   1  23   1   1   1   1 BWLB   4  69   6 818   6   1
Pudel1  76   1   1   1   1  23   1   1   1   1 BWLB   4  70   2 996   2   1
Pudel1  76   1   1   1   1  23   1   1   1   1 BWLB   4  71   5 1070   5   1
Pudel1  76   1   1   1   1  23   1   1   1   1 BWLB   4  72   1 1139   1   1
Pudel1  76   1   1   1   1  23   1   1   1   1 BWLB   4  73   2 818   2   1
Pudel1  76   1   1   1   1  23   1   1   1   1 BWLB   4  74   3 1075   3   1
Pudel1  76   1   1   1   1  23   1   1   1   1 BWLB   4  75   4 837   4   1
Pudel1  76   1   1   1   1  23   1   1   1   1 BWLB   4  76   1 806   1   1
Pudel1  76   1   1   1   1  23   1   1   1   1 BWLB   4  77   6 768   6   1
Pudel1  76   1   1   1   1  23   1   1   1   1 BWLB   4  78   5 825   5   1
Pudel1  76   1   1   1   1  23   1   1   1   1 BWLB   4  79   1 764   1   1
Pudel1  76   1   1   1   1  23   1   1   1   1 BWLB   4  80   2 1195   2   1
Pudel1  76   1   1   1   1  23   1   1   1   1 BWLB   4  81   6 709   6   1
Pudel1  76   1   1   1   1  23   1   1   1   1 BWLB   4  82   1 767   1   1
Pudel1  76   1   1   1   1  23   1   1   1   1 BWLB   4  83   2 702   2   1
Pudel1  76   1   1   1   1  23   1   1   1   1 BWLB   4  84   3 676   3   1
Pudel1  76   1   1   1   1  23   1   1   1   1 BWLB   4  85   5 862   5   1
Pudel1  76   1   1   1   1  23   1   1   1   1 BWLB   4  86   4 657   4   1
Pudel1  76   1   1   1   1  23   1   1   1   1 BWLB   4  87   1 692   1   1
Pudel1  76   1   1   1   1  23   1   1   1   1 BWLB   4  88   2 746   2   1
Pudel1  76   1   1   1   1  23   1   1   1   1 BWLB   4  89   4 1096   4   1
Pudel1  76   1   1   1   1  23   1   1   1   1 BWLB   4  90   1 574   1   1
Pudel1  76   1   1   1   1  23   1   1   1   1 BWLB   4  91   2 845   2   1
Pudel1  76   1   1   1   1  23   1   1   1   1 BWLB   4  92   3 1487   3   1
Pudel1  76   1   1   1   1  23   1   1   1   1 BWLB   4  93   1 706   1   1
Pudel1  76   1   1   1   1  23   1   1   1   1 BWLB   4  94   2 744   2   1
Pudel1  76   1   1   1   1  23   1   1   1   1 BWLB   4  95   6 685   6   1
Pudel1  76   1   1   1   1  23   1   1   1   1 BWLB   4  96   5 872   5   1
Pudel1  76   1   1   1   1  23   1   1   1   1 BWLB   4  97   3 773   3   1
Pudel1  76   1   1   1   1  23   1   1   1   1 BWLB   4  98   1 737   1   1
Pudel1  76   1   1   1   1  23   1   1   1   1 BWLB   4  99   5 821   5   1
Pudel1  76   1   1   1   1  23   1   1   1   1 BWLB   4 100   2 914   2   1
Pudel1  76   1   1   1   1  23   1   1   1   1 BWLB   4 101   6 698   6   1
Pudel1  76   1   1   1   1  23   1   1   1   1 BWLB   4 102   4 887   4   1
Pudel1  76   1   1   1   1  23   1   1   1   1 BWLB   4 103   1 620   1   1
Pudel1  76   1   1   1   1  23   1   1   1   1 BWLB   4 104   2 817   2   1
Pudel1  76   1   1   1   1  23   1   1   1   1 BWLB   4 105   4 902   4   1
Pudel1  76   1   1   1   1  23   1   1   1   1 BWLB   4 106   1 635   1   1
Pudel1  76   1   1   1   1  23   1   1   1   1 BWLB   4 107   2 823   2   1
Pudel1  76   1   1   1   1  23   1   1   1   1 BWLB   4 108   3 676   3   1
Pudel1  76   1   1   1   1  23   1   1   1   1 BWLB   4 109   6 661   6   1
Pudel1  76   1   1   1   1  23   1   1   1   1 BWLB   4 110   2 798   2   1
Pudel1  76   1   1   1   1  23   1   1   1   1 BWLB   4 111   5 799   5   1
Pudel1  76   1   1   1   1  23   1   1   1   1 BWLB   4 112   1 747   1   1
Pudel1  76   1   1   1   1  23   1   1   1   1 BWLB   4 113   4 930   4   1
Pudel1  76   1   1   1   1  23   1   1   1   1 BWLB   4 114   3 964   3   1
Pudel1  76   1   1   1   1  23   1   1   1   1 BWLB   4 115   2 750   2   1
Pudel1  76   1   1   1   1  23   1   1   1   1 BWLB   4 116   1 656   1   1
Pudel1  76   1   1   1   1  23   1   1   1   1 BWLB   4 117   5 872   5   1
Pudel1  76   1   1   1   1  23   1   1   1   1 BWLB   4 118   2 785   2   1
Pudel1  76   1   1   1   1  23   1   1   1   1 BWLB   4 119   1 734   1   1
Pudel1  76   1   1   1   1  23   1   1   1   1 BWLB   4 120   6 630   6   1
Pudel1  76   1   1   1   1  23   1   1   1   1 BWLB   4 121   4 783   4   1
Pudel1  76   1   1   1   1  23   1   1   1   1 BWLB   4 122   1 721   1   1
Pudel1  76   1   1   1   1  23   1   1   1   1 BWLB   4 123   2 827   2   1
Pudel1  76   1   1   1   1  23   1   1   1   1 BWLB   4 124   3 593   3   1
Pudel1  76   1   1   1   1  23   1   1   1   1 BWLB   4 125   6 593   6   1
Pudel1  76   1   1   1   1  23   1   1   1   1 BWLB   4 126   2 782   2   1
Pudel1  76   1   1   1   1  23   1   1   1   1 BWLB   4 127   5 759   5   1
Pudel1  76   1   1   1   1  23   1   1   1   1 BWLB   4 128   1 804   1   1
Pudel1  76   1   1   1   1  23   1   1   1   1 BWLB   4 129   6 897   6   1
Pudel1  76   1   1   1   1  23   1   1   1   1 BWLB   4 130   5 1036   5   1
Pudel1  76   1   1   1   1  23   1   1   1   1 BWLB   4 131   3 871   3   1
Pudel1  76   1   1   1   1  23   1   1   1   1 BWLB   4 132   1 631   1   1
Pudel1  76   1   1   1   1  23   1   1   1   1 BWLB   4 133   2 708   2   1
Pudel1  76   1   1   1   1  23   1   1   1   1 BWLB   4 134   4 894   4   1
Pudel1  76   1   1   1   1  23   1   1   1   1 BWLB   4 135   1 731   1   1
Pudel1  76   1   1   1   1  23   1   1   1   1 BWLB   4 136   2 692   2   1
Pudel1  76   1   1   1   1  23   1   1   1   1 BWLB   4 137   6 664   6   1
Pudel1  76   1   1   1   1  23   1   1   1   1 BWLB   4 138   1 656   1   1
Pudel1  76   1   1   1   1  23   1   1   1   1 BWLB   4 139   5 730   4   0
Pudel1  76   1   1   1   1  23   1   1   1   1 BWLB   4 140   2 652   2   1
Pudel1  76   1   1   1   1  23   1   1   1   1 BWLB   4 141   1 555   1   1
Pudel1  76   1   1   1   1  23   1   1   1   1 BWLB   4 142   5 930   5   1
Pudel1  76   1   1   1   1  23   1   1   1   1 BWLB   4 143   3 816   3   1
Pudel1  76   1   1   1   1  23   1   1   1   1 BWLB   4 144   3 773   2   0
Pudel1  76   1   1   1   1  23   1   1   1   1 BWLB   5   1   3 722   3   1
Pudel1  76   1   1   1   1  23   1   1   1   1 BWLB   5   2   2 640   2   1
Pudel1  76   1   1   1   1  23   1   1   1   1 BWLB   5   3   5 905   5   1
Pudel1  76   1   1   1   1  23   1   1   1   1 BWLB   5   4   6 654   6   1
Pudel1  76   1   1   1   1  23   1   1   1   1 BWLB   5   5   1 794   1   1
Pudel1  76   1   1   1   1  23   1   1   1   1 BWLB   5   6   2 732   2   1
Pudel1  76   1   1   1   1  23   1   1   1   1 BWLB   5   7   5 670   4   0
Pudel1  76   1   1   1   1  23   1   1   1   1 BWLB   5   8   1 723   1   1
Pudel1  76   1   1   1   1  23   1   1   1   1 BWLB   5   9   2 739   2   1
Pudel1  76   1   1   1   1  23   1   1   1   1 BWLB   5  10   5 696   5   1
Pudel1  76   1   1   1   1  23   1   1   1   1 BWLB   5  11   1 703   1   1
Pudel1  76   1   1   1   1  23   1   1   1   1 BWLB   5  12   6 790   6   1
Pudel1  76   1   1   1   1  23   1   1   1   1 BWLB   5  13   2 788   2   1
Pudel1  76   1   1   1   1  23   1   1   1   1 BWLB   5  14   1 768   1   1
Pudel1  76   1   1   1   1  23   1   1   1   1 BWLB   5  15   4 984   4   1
Pudel1  76   1   1   1   1  23   1   1   1   1 BWLB   5  16   3 758   3   1
Pudel1  76   1   1   1   1  23   1   1   1   1 BWLB   5  17   2 645   2   1
Pudel1  76   1   1   1   1  23   1   1   1   1 BWLB   5  18   1 521   1   1
Pudel1  76   1   1   1   1  23   1   1   1   1 BWLB   5  19   4 745   4   1
Pudel1  76   1   1   1   1  23   1   1   1   1 BWLB   5  20   6 679   6   1
Pudel1  76   1   1   1   1  23   1   1   1   1 BWLB   5  21   5 835   5   1
Pudel1  76   1   1   1   1  23   1   1   1   1 BWLB   5  22   2 767   2   1
Pudel1  76   1   1   1   1  23   1   1   1   1 BWLB   5  23   1 534   1   1
Pudel1  76   1   1   1   1  23   1   1   1   1 BWLB   5  24   3 746   3   1
Pudel1  76   1   1   1   1  23   1   1   1   1 BWLB   5  25   6 648   6   1
Pudel1  76   1   1   1   1  23   1   1   1   1 BWLB   5  26   4 635   4   1
Pudel1  76   1   1   1   1  23   1   1   1   1 BWLB   5  27   2 617   2   1
Pudel1  76   1   1   1   1  23   1   1   1   1 BWLB   5  28   1 285   1   1
Pudel1  76   1   1   1   1  23   1   1   1   1 BWLB   5  29   3 912   3   1
Pudel1  76   1   1   1   1  23   1   1   1   1 BWLB   5  30   5 1039   5   1
Pudel1  76   1   1   1   1  23   1   1   1   1 BWLB   5  31   2 787   2   1
Pudel1  76   1   1   1   1  23   1   1   1   1 BWLB   5  32   1 580   1   1
Pudel1  76   1   1   1   1  23   1   1   1   1 BWLB   5  33   3 757   3   1
Pudel1  76   1   1   1   1  23   1   1   1   1 BWLB   5  34   6 617   6   1
Pudel1  76   1   1   1   1  23   1   1   1   1 BWLB   5  35   4 744   4   1
Pudel1  76   1   1   1   1  23   1   1   1   1 BWLB   5  36   2 841   2   1
Pudel1  76   1   1   1   1  23   1   1   1   1 BWLB   5  37   1 524   1   1
Pudel1  76   1   1   1   1  23   1   1   1   1 BWLB   5  38   5 815   5   1
Pudel1  76   1   1   1   1  23   1   1   1   1 BWLB   5  39   2 729   2   1
Pudel1  76   1   1   1   1  23   1   1   1   1 BWLB   5  40   1 541   1   1
Pudel1  76   1   1   1   1  23   1   1   1   1 BWLB   5  41   4 820   4   1
Pudel1  76   1   1   1   1  23   1   1   1   1 BWLB   5  42   3 923   3   1
Pudel1  76   1   1   1   1  23   1   1   1   1 BWLB   5  43   1 607   1   1
Pudel1  76   1   1   1   1  23   1   1   1   1 BWLB   5  44   5 743   5   1
Pudel1  76   1   1   1   1  23   1   1   1   1 BWLB   5  45   2 564   2   1
Pudel1  76   1   1   1   1  23   1   1   1   1 BWLB   5  46   1 529   1   1
Pudel1  76   1   1   1   1  23   1   1   1   1 BWLB   5  47   6 790   6   1
Pudel1  76   1   1   1   1  23   1   1   1   1 BWLB   5  48   3 732   2   0
Pudel1  76   1   1   1   1  23   1   1   1   1 BWLB   5  49   4 797   4   1
Pudel1  76   1   1   1   1  23   1   1   1   1 BWLB   5  50   5 774   5   1
Pudel1  76   1   1   1   1  23   1   1   1   1 BWLB   5  51   3 1103   3   1
Pudel1  76   1   1   1   1  23   1   1   1   1 BWLB   5  52   2 650   2   1
Pudel1  76   1   1   1   1  23   1   1   1   1 BWLB   5  53   1 643   1   1
Pudel1  76   1   1   1   1  23   1   1   1   1 BWLB   5  54   6 838   6   1
Pudel1  76   1   1   1   1  23   1   1   1   1 BWLB   5  55   2 838   2   1
Pudel1  76   1   1   1   1  23   1   1   1   1 BWLB   5  56   1 589   1   1
Pudel1  76   1   1   1   1  23   1   1   1   1 BWLB   5  57   5 705   5   1
Pudel1  76   1   1   1   1  23   1   1   1   1 BWLB   5  58   2 859   2   1
Pudel1  76   1   1   1   1  23   1   1   1   1 BWLB   5  59   1 507   1   1
Pudel1  76   1   1   1   1  23   1   1   1   1 BWLB   5  60   4 814   4   1
Pudel1  76   1   1   1   1  23   1   1   1   1 BWLB   5  61   2 755   2   1
Pudel1  76   1   1   1   1  23   1   1   1   1 BWLB   5  62   1 534   1   1
Pudel1  76   1   1   1   1  23   1   1   1   1 BWLB   5  63   3 1152   3   1
Pudel1  76   1   1   1   1  23   1   1   1   1 BWLB   5  64   6 663   6   1
Pudel1  76   1   1   1   1  23   1   1   1   1 BWLB   5  65   1 723   1   1
Pudel1  76   1   1   1   1  23   1   1   1   1 BWLB   5  66   3 707   4   0
Pudel1  76   1   1   1   1  23   1   1   1   1 BWLB   5  67   3 634   2   0
Pudel1  76   1   1   1   1  23   1   1   1   1 BWLB   5  68   3 780   3   1
Pudel1  76   1   1   1   1  23   1   1   1   1 BWLB   5  69   5 663   6   0
Pudel1  76   1   1   1   1  23   1   1   1   1 BWLB   5  70   3 1700   2   0
Pudel1  76   1   1   1   1  23   1   1   1   1 BWLB   5  71   5 889   5   1
Pudel1  76   1   1   1   1  23   1   1   1   1 BWLB   5  72   1 797   1   1
Pudel1  76   1   1   1   1  23   1   1   1   1 BWLB   5  73   2 625   2   1
Pudel1  76   1   1   1   1  23   1   1   1   1 BWLB   5  74   3 746   3   1
Pudel1  76   1   1   1   1  23   1   1   1   1 BWLB   5  75   4 860   4   1
Pudel1  76   1   1   1   1  23   1   1   1   1 BWLB   5  76   1 671   1   1
Pudel1  76   1   1   1   1  23   1   1   1   1 BWLB   5  77   6 776   6   1
Pudel1  76   1   1   1   1  23   1   1   1   1 BWLB   5  78   5 934   5   1
Pudel1  76   1   1   1   1  23   1   1   1   1 BWLB   5  79   1 802   1   1
Pudel1  76   1   1   1   1  23   1   1   1   1 BWLB   5  80   2 651   2   1
Pudel1  76   1   1   1   1  23   1   1   1   1 BWLB   5  81   6 667   6   1
Pudel1  76   1   1   1   1  23   1   1   1   1 BWLB   5  82   1 587   1   1
Pudel1  76   1   1   1   1  23   1   1   1   1 BWLB   5  83   2 584   2   1
Pudel1  76   1   1   1   1  23   1   1   1   1 BWLB   5  84   3 987   3   1
Pudel1  76   1   1   1   1  23   1   1   1   1 BWLB   5  85   5 934   5   1
Pudel1  76   1   1   1   1  23   1   1   1   1 BWLB   5  86   4 823   4   1
Pudel1  76   1   1   1   1  23   1   1   1   1 BWLB   5  87   1 754   1   1
Pudel1  76   1   1   1   1  23   1   1   1   1 BWLB   5  88   2 622   2   1
Pudel1  76   1   1   1   1  23   1   1   1   1 BWLB   5  89   6 584   4   0
Pudel1  76   1   1   1   1  23   1   1   1   1 BWLB   5  90   1 713   1   1
Pudel1  76   1   1   1   1  23   1   1   1   1 BWLB   5  91   2 717   2   1
Pudel1  76   1   1   1   1  23   1   1   1   1 BWLB   5  92   3 613   3   1
Pudel1  76   1   1   1   1  23   1   1   1   1 BWLB   5  93   1 742   1   1
Pudel1  76   1   1   1   1  23   1   1   1   1 BWLB   5  94   2 544   2   1
Pudel1  76   1   1   1   1  23   1   1   1   1 BWLB   5  95   6 752   6   1
Pudel1  76   1   1   1   1  23   1   1   1   1 BWLB   5  96   5 1006   5   1
Pudel1  76   1   1   1   1  23   1   1   1   1 BWLB   5  97   3 890   3   1
Pudel1  76   1   1   1   1  23   1   1   1   1 BWLB   5  98   1 608   1   1
Pudel1  76   1   1   1   1  23   1   1   1   1 BWLB   5  99   5 896   5   1
Pudel1  76   1   1   1   1  23   1   1   1   1 BWLB   5 100   2 667   2   1
Pudel1  76   1   1   1   1  23   1   1   1   1 BWLB   5 101   6 649   6   1
Pudel1  76   1   1   1   1  23   1   1   1   1 BWLB   5 102   4 941   4   1
Pudel1  76   1   1   1   1  23   1   1   1   1 BWLB   5 103   1 744   1   1
Pudel1  76   1   1   1   1  23   1   1   1   1 BWLB   5 104   2 744   2   1
Pudel1  76   1   1   1   1  23   1   1   1   1 BWLB   5 105   6 713   4   0
Pudel1  76   1   1   1   1  23   1   1   1   1 BWLB   5 106   1 645   1   1
Pudel1  76   1   1   1   1  23   1   1   1   1 BWLB   5 107   2 1049   2   1
Pudel1  76   1   1   1   1  23   1   1   1   1 BWLB   5 108   2 661   3   0
Pudel1  76   1   1   1   1  23   1   1   1   1 BWLB   5 109   5 1685   6   0
Pudel1  76   1   1   1   1  23   1   1   1   1 BWLB   5 110   2 759   2   1
Pudel1  76   1   1   1   1  23   1   1   1   1 BWLB   5 111   5 1098   5   1
Pudel1  76   1   1   1   1  23   1   1   1   1 BWLB   5 112   1 687   1   1
Pudel1  76   1   1   1   1  23   1   1   1   1 BWLB   5 113   4 925   4   1
Pudel1  76   1   1   1   1  23   1   1   1   1 BWLB   5 114   3 756   3   1
Pudel1  76   1   1   1   1  23   1   1   1   1 BWLB   5 115   2 728   2   1
Pudel1  76   1   1   1   1  23   1   1   1   1 BWLB   5 116   1 557   1   1
Pudel1  76   1   1   1   1  23   1   1   1   1 BWLB   5 117   5 966   5   1
Pudel1  76   1   1   1   1  23   1   1   1   1 BWLB   5 118   2 755   2   1
Pudel1  76   1   1   1   1  23   1   1   1   1 BWLB   5 119   1 535   1   1
Pudel1  76   1   1   1   1  23   1   1   1   1 BWLB   5 120   6 796   6   1
Pudel1  76   1   1   1   1  23   1   1   1   1 BWLB   5 121   4 928   4   1
Pudel1  76   1   1   1   1  23   1   1   1   1 BWLB   5 122   1 768   1   1
Pudel1  76   1   1   1   1  23   1   1   1   1 BWLB   5 123   2 766   2   1
Pudel1  76   1   1   1   1  23   1   1   1   1 BWLB   5 124   4 934   3   0
Pudel1  76   1   1   1   1  23   1   1   1   1 BWLB   5 125   6 1310   6   1
Pudel1  76   1   1   1   1  23   1   1   1   1 BWLB   5 126   2 1014   2   1
Pudel1  76   1   1   1   1  23   1   1   1   1 BWLB   5 127   5 821   5   1
Pudel1  76   1   1   1   1  23   1   1   1   1 BWLB   5 128   1 703   1   1
Pudel1  76   1   1   1   1  23   1   1   1   1 BWLB   5 129   6 853   6   1
Pudel1  76   1   1   1   1  23   1   1   1   1 BWLB   5 130   5 938   5   1
Pudel1  76   1   1   1   1  23   1   1   1   1 BWLB   5 131   3 776   3   1
Pudel1  76   1   1   1   1  23   1   1   1   1 BWLB   5 132   1 747   1   1
Pudel1  76   1   1   1   1  23   1   1   1   1 BWLB   5 133   2 797   2   1
Pudel1  76   1   1   1   1  23   1   1   1   1 BWLB   5 134   4 912   4   1
Pudel1  76   1   1   1   1  23   1   1   1   1 BWLB   5 135   1 667   1   1
Pudel1  76   1   1   1   1  23   1   1   1   1 BWLB   5 136   2 870   2   1
Pudel1  76   1   1   1   1  23   1   1   1   1 BWLB   5 137   6 701   6   1
Pudel1  76   1   1   1   1  23   1   1   1   1 BWLB   5 138   1 785   1   1
Pudel1  76   1   1   1   1  23   1   1   1   1 BWLB   5 139   4 986   4   1
Pudel1  76   1   1   1   1  23   1   1   1   1 BWLB   5 140   2 822   2   1
Pudel1  76   1   1   1   1  23   1   1   1   1 BWLB   5 141   1 594   1   1
Pudel1  76   1   1   1   1  23   1   1   1   1 BWLB   5 142   5 1057   5   1
Pudel1  76   1   1   1   1  23   1   1   1   1 BWLB   5 143   3 847   3   1
Pudel1  76   1   1   1   1  23   1   1   1   1 BWLB   5 144   2 717   2   1
Pudel1  76   1   1   1   1  23   1   1   1   1 BWLB   6   1   3 1025   3   1
Pudel1  76   1   1   1   1  23   1   1   1   1 BWLB   6   2   2 627   2   1
Pudel1  76   1   1   1   1  23   1   1   1   1 BWLB   6   3   5 653   5   1
Pudel1  76   1   1   1   1  23   1   1   1   1 BWLB   6   4   6 643   6   1
Pudel1  76   1   1   1   1  23   1   1   1   1 BWLB   6   5   1 694   1   1
Pudel1  76   1   1   1   1  23   1   1   1   1 BWLB   6   6   2 774   2   1
Pudel1  76   1   1   1   1  23   1   1   1   1 BWLB   6   7   5 670   4   0
Pudel1  76   1   1   1   1  23   1   1   1   1 BWLB   6   8   1 655   1   1
Pudel1  76   1   1   1   1  23   1   1   1   1 BWLB   6   9   2 670   2   1
Pudel1  76   1   1   1   1  23   1   1   1   1 BWLB   6  10   5 817   5   1
Pudel1  76   1   1   1   1  23   1   1   1   1 BWLB   6  11   1 635   1   1
Pudel1  76   1   1   1   1  23   1   1   1   1 BWLB   6  12   6 734   6   1
Pudel1  76   1   1   1   1  23   1   1   1   1 BWLB   6  13   2 649   2   1
Pudel1  76   1   1   1   1  23   1   1   1   1 BWLB   6  14   1 704   1   1
Pudel1  76   1   1   1   1  23   1   1   1   1 BWLB   6  15   4 880   4   1
Pudel1  76   1   1   1   1  23   1   1   1   1 BWLB   6  16   3 820   3   1
Pudel1  76   1   1   1   1  23   1   1   1   1 BWLB   6  17   2 558   2   1
Pudel1  76   1   1   1   1  23   1   1   1   1 BWLB   6  18   1 518   1   1
Pudel1  76   1   1   1   1  23   1   1   1   1 BWLB   6  19   4 804   4   1
Pudel1  76   1   1   1   1  23   1   1   1   1 BWLB   6  20   6 676   6   1
Pudel1  76   1   1   1   1  23   1   1   1   1 BWLB   6  21   5 798   5   1
Pudel1  76   1   1   1   1  23   1   1   1   1 BWLB   6  22   2 737   2   1
Pudel1  76   1   1   1   1  23   1   1   1   1 BWLB   6  23   1 532   1   1
Pudel1  76   1   1   1   1  23   1   1   1   1 BWLB   6  24   3 736   3   1
Pudel1  76   1   1   1   1  23   1   1   1   1 BWLB   6  25   6 650   6   1
Pudel1  76   1   1   1   1  23   1   1   1   1 BWLB   6  26   4 850   4   1
Pudel1  76   1   1   1   1  23   1   1   1   1 BWLB   6  27   2 669   2   1
Pudel1  76   1   1   1   1  23   1   1   1   1 BWLB   6  28   1 565   1   1
Pudel1  76   1   1   1   1  23   1   1   1   1 BWLB   6  29   3 656   3   1
Pudel1  76   1   1   1   1  23   1   1   1   1 BWLB   6  30   5 859   5   1
Pudel1  76   1   1   1   1  23   1   1   1   1 BWLB   6  31   2 845   2   1
Pudel1  76   1   1   1   1  23   1   1   1   1 BWLB   6  32   1 802   1   1
Pudel1  76   1   1   1   1  23   1   1   1   1 BWLB   6  33   3 822   3   1
Pudel1  76   1   1   1   1  23   1   1   1   1 BWLB   6  34   6 673   6   1
Pudel1  76   1   1   1   1  23   1   1   1   1 BWLB   6  35   4 734   4   1
Pudel1  76   1   1   1   1  23   1   1   1   1 BWLB   6  36   2 708   2   1
Pudel1  76   1   1   1   1  23   1   1   1   1 BWLB   6  37   1 582   1   1
Pudel1  76   1   1   1   1  23   1   1   1   1 BWLB   6  38   5 669   5   1
Pudel1  76   1   1   1   1  23   1   1   1   1 BWLB   6  39   2 764   2   1
Pudel1  76   1   1   1   1  23   1   1   1   1 BWLB   6  40   1 1120   1   1
Pudel1  76   1   1   1   1  23   1   1   1   1 BWLB   6  41   4 848   4   1
Pudel1  76   1   1   1   1  23   1   1   1   1 BWLB   6  42   3 745   3   1
Pudel1  76   1   1   1   1  23   1   1   1   1 BWLB   6  43   1 855   1   1
Pudel1  76   1   1   1   1  23   1   1   1   1 BWLB   6  44   5 830   5   1
Pudel1  76   1   1   1   1  23   1   1   1   1 BWLB   6  45   2 813   2   1
Pudel1  76   1   1   1   1  23   1   1   1   1 BWLB   6  46   1 673   1   1
Pudel1  76   1   1   1   1  23   1   1   1   1 BWLB   6  47   6 696   6   1
Pudel1  76   1   1   1   1  23   1   1   1   1 BWLB   6  48   2 724   2   1
Pudel1  76   1   1   1   1  23   1   1   1   1 BWLB   6  49   4 923   4   1
Pudel1  76   1   1   1   1  23   1   1   1   1 BWLB   6  50   5 701   5   1
Pudel1  76   1   1   1   1  23   1   1   1   1 BWLB   6  51   4 899   3   0
Pudel1  76   1   1   1   1  23   1   1   1   1 BWLB   6  52   2 876   2   1
Pudel1  76   1   1   1   1  23   1   1   1   1 BWLB   6  53   1 599   1   1
Pudel1  76   1   1   1   1  23   1   1   1   1 BWLB   6  54   6 855   6   1
Pudel1  76   1   1   1   1  23   1   1   1   1 BWLB   6  55   2 1053   2   1
Pudel1  76   1   1   1   1  23   1   1   1   1 BWLB   6  56   1 709   1   1
Pudel1  76   1   1   1   1  23   1   1   1   1 BWLB   6  57   5 777   5   1
Pudel1  76   1   1   1   1  23   1   1   1   1 BWLB   6  58   2 622   2   1
Pudel1  76   1   1   1   1  23   1   1   1   1 BWLB   6  59   1 543   1   1
Pudel1  76   1   1   1   1  23   1   1   1   1 BWLB   6  60   4 858   4   1
Pudel1  76   1   1   1   1  23   1   1   1   1 BWLB   6  61   2 572   2   1
Pudel1  76   1   1   1   1  23   1   1   1   1 BWLB   6  62   1 536   1   1
Pudel1  76   1   1   1   1  23   1   1   1   1 BWLB   6  63   3 977   3   1
Pudel1  76   1   1   1   1  23   1   1   1   1 BWLB   6  64   6 809   6   1
Pudel1  76   1   1   1   1  23   1   1   1   1 BWLB   6  65   1 599   1   1
Pudel1  76   1   1   1   1  23   1   1   1   1 BWLB   6  66   5 1157   4   0
Pudel1  76   1   1   1   1  23   1   1   1   1 BWLB   6  67   2 2431   2   1
Pudel1  76   1   1   1   1  23   1   1   1   1 BWLB   6  68   3 993   3   1
Pudel1  76   1   1   1   1  23   1   1   1   1 BWLB   6  69   6 742   6   1
Pudel1  76   1   1   1   1  23   1   1   1   1 BWLB   6  70   2 774   2   1
Pudel1  76   1   1   1   1  23   1   1   1   1 BWLB   6  71   5 947   5   1
Pudel1  76   1   1   1   1  23   1   1   1   1 BWLB   6  72   1 878   1   1
Pudel1  76   1   1   1   1  23   1   1   1   1 BWLB   6  73   2 856   2   1
Pudel1  76   1   1   1   1  23   1   1   1   1 BWLB   6  74   4 731   3   0
Pudel1  76   1   1   1   1  23   1   1   1   1 BWLB   6  75   4 626   4   1
Pudel1  76   1   1   1   1  23   1   1   1   1 BWLB   6  76   1 760   1   1
Pudel1  76   1   1   1   1  23   1   1   1   1 BWLB   6  77   6 724   6   1
Pudel1  76   1   1   1   1  23   1   1   1   1 BWLB   6  78   5 870   5   1
Pudel1  76   1   1   1   1  23   1   1   1   1 BWLB   6  79   1 707   1   1
Pudel1  76   1   1   1   1  23   1   1   1   1 BWLB   6  80   3 665   2   0
Pudel1  76   1   1   1   1  23   1   1   1   1 BWLB   6  81   6 667   6   1
Pudel1  76   1   1   1   1  23   1   1   1   1 BWLB   6  82   1 693   1   1
Pudel1  76   1   1   1   1  23   1   1   1   1 BWLB   6  83   2 1307   2   1
Pudel1  76   1   1   1   1  23   1   1   1   1 BWLB   6  84   2 723   3   0
Pudel1  76   1   1   1   1  23   1   1   1   1 BWLB   6  85   5 789   5   1
Pudel1  76   1   1   1   1  23   1   1   1   1 BWLB   6  86   4 914   4   1
Pudel1  76   1   1   1   1  23   1   1   1   1 BWLB   6  87   1 805   1   1
Pudel1  76   1   1   1   1  23   1   1   1   1 BWLB   6  88   2 639   2   1
Pudel1  76   1   1   1   1  23   1   1   1   1 BWLB   6  89   4 802   4   1
Pudel1  76   1   1   1   1  23   1   1   1   1 BWLB   6  90   1 857   1   1
Pudel1  76   1   1   1   1  23   1   1   1   1 BWLB   6  91   2 632   2   1
Pudel1  76   1   1   1   1  23   1   1   1   1 BWLB   6  92   3 797   3   1
Pudel1  76   1   1   1   1  23   1   1   1   1 BWLB   6  93   1 647   1   1
Pudel1  76   1   1   1   1  23   1   1   1   1 BWLB   6  94   2 617   2   1
Pudel1  76   1   1   1   1  23   1   1   1   1 BWLB   6  95   6 632   6   1
Pudel1  76   1   1   1   1  23   1   1   1   1 BWLB   6  96   5 797   5   1
Pudel1  76   1   1   1   1  23   1   1   1   1 BWLB   6  97   1 539   3   0
Pudel1  76   1   1   1   1  23   1   1   1   1 BWLB   6  98   1 610   1   1
Pudel1  76   1   1   1   1  23   1   1   1   1 BWLB   6  99   5 1323   5   1
Pudel1  76   1   1   1   1  23   1   1   1   1 BWLB   6 100   2 662   2   1
Pudel1  76   1   1   1   1  23   1   1   1   1 BWLB   6 101   6 672   6   1
Pudel1  76   1   1   1   1  23   1   1   1   1 BWLB   6 102   4 879   4   1
Pudel1  76   1   1   1   1  23   1   1   1   1 BWLB   6 103   1 643   1   1
Pudel1  76   1   1   1   1  23   1   1   1   1 BWLB   6 104   2 728   2   1
Pudel1  76   1   1   1   1  23   1   1   1   1 BWLB   6 105   5 737   4   0
Pudel1  76   1   1   1   1  23   1   1   1   1 BWLB   6 106   1 723   1   1
Pudel1  76   1   1   1   1  23   1   1   1   1 BWLB   6 107   2 766   2   1
Pudel1  76   1   1   1   1  23   1   1   1   1 BWLB   6 108   3 1019   3   1
Pudel1  76   1   1   1   1  23   1   1   1   1 BWLB   6 109   6 738   6   1
Pudel1  76   1   1   1   1  23   1   1   1   1 BWLB   6 110   2 879   2   1
Pudel1  76   1   1   1   1  23   1   1   1   1 BWLB   6 111   5 768   5   1
Pudel1  76   1   1   1   1  23   1   1   1   1 BWLB   6 112   1 696   1   1
Pudel1  76   1   1   1   1  23   1   1   1   1 BWLB   6 113   4 1024   4   1
Pudel1  76   1   1   1   1  23   1   1   1   1 BWLB   6 114   3 872   3   1
Pudel1  76   1   1   1   1  23   1   1   1   1 BWLB   6 115   2 573   2   1
Pudel1  76   1   1   1   1  23   1   1   1   1 BWLB   6 116   1 538   1   1
Pudel1  76   1   1   1   1  23   1   1   1   1 BWLB   6 117   5 974   5   1
Pudel1  76   1   1   1   1  23   1   1   1   1 BWLB   6 118   2 704   2   1
Pudel1  76   1   1   1   1  23   1   1   1   1 BWLB   6 119   1 510   1   1
Pudel1  76   1   1   1   1  23   1   1   1   1 BWLB   6 120   6 828   6   1
Pudel1  76   1   1   1   1  23   1   1   1   1 BWLB   6 121   4 819   4   1
Pudel1  76   1   1   1   1  23   1   1   1   1 BWLB   6 122   1 715   1   1
Pudel1  76   1   1   1   1  23   1   1   1   1 BWLB   6 123   2 543   2   1
Pudel1  76   1   1   1   1  23   1   1   1   1 BWLB   6 124   3 891   3   1
Pudel1  76   1   1   1   1  23   1   1   1   1 BWLB   6 125   6 646   6   1
Pudel1  76   1   1   1   1  23   1   1   1   1 BWLB   6 126   1 595   2   0
Pudel1  76   1   1   1   1  23   1   1   1   1 BWLB   6 127   5 814   5   1
Pudel1  76   1   1   1   1  23   1   1   1   1 BWLB   6 128   1 748   1   1
Pudel1  76   1   1   1   1  23   1   1   1   1 BWLB   6 129   6 881   6   1
Pudel1  76   1   1   1   1  23   1   1   1   1 BWLB   6 130   5 839   5   1
Pudel1  76   1   1   1   1  23   1   1   1   1 BWLB   6 131   3 713   3   1
Pudel1  76   1   1   1   1  23   1   1   1   1 BWLB   6 132   1 630   1   1
Pudel1  76   1   1   1   1  23   1   1   1   1 BWLB   6 133   2 894   2   1
Pudel1  76   1   1   1   1  23   1   1   1   1 BWLB   6 134   5 923   4   0
Pudel1  76   1   1   1   1  23   1   1   1   1 BWLB   6 135   2 807   1   0
Pudel1  76   1   1   1   1  23   1   1   1   1 BWLB   6 136   2 678   2   1
Pudel1  76   1   1   1   1  23   1   1   1   1 BWLB   6 137   6 695   6   1
Pudel1  76   1   1   1   1  23   1   1   1   1 BWLB   6 138   1 706   1   1
Pudel1  76   1   1   1   1  23   1   1   1   1 BWLB   6 139   4 1596   4   1
Pudel1  76   1   1   1   1  23   1   1   1   1 BWLB   6 140   2 686   2   1
Pudel1  76   1   1   1   1  23   1   1   1   1 BWLB   6 141   1 821   1   1
Pudel1  76   1   1   1   1  23   1   1   1   1 BWLB   6 142   5 1743   5   1
Pudel1  76   1   1   1   1  23   1   1   1   1 BWLB   6 143   3 825   3   1
Pudel1  76   1   1   1   1  23   1   1   1   1 BWLB   6 144   2 669   2   1
Pudel1  76   1   1   1   1  23   1   1   1   1 BWLB   7   1   1   5 1411   0   2   6   1   2   3   5   3
Pudel1  76   1   1   1   1  23   1   1   1   1 BWLB   7   2   1   6 1943   0   4   1   6   5   1   2   5
Pudel1  76   1   1   1   1  23   1   1   1   1 BWLB   7   3   1   4 692   0   4   1   6   5   1   2   4
Pudel1  76   1   1   1   1  23   1   1   1   1 BWLB   7   4   1   3 592   0   3   4   1   6   5   1   4
Pudel1  76   1   1   1   1  23   1   1   1   1 BWLB   7   5   1   1 532   0   1   2   6   1   2   3   3
Pudel1  76   1   1   1   1  23   1   1   1   1 BWLB   7   6   1   2 423   0   2   3   4   1   6   5   3
Pudel1  76   1   1   1   1  23   1   1   1   1 BWLB   7   7   1   2 4393   0   1   2   6   1   2   3   5
Pudel1  76   1   1   1   1  23   1   1   1   1 BWLB   7   8   1   6 3341   0   2   6   1   2   3   5   3
Pudel1  76   1   1   1   1  23   1   1   1   1 BWLB   7   9   1   5 1312   0   2   6   1   2   3   5   3
Pudel1  76   1   1   1   1  23   1   1   1   1 BWLB   7  10   1   1 2022   0   3   4   1   6   5   1   3
Pudel1  76   1   1   1   1  23   1   1   1   1 BWLB   7  11   1   2 1323   0   1   6   5   1   2   6   4
Pudel1  76   1   1   1   1  23   1   1   1   1 BWLB   7  12   1   1 952   0   3   4   1   6   5   1   4
Pudel1  76   1   1   1   1  23   1   1   1   1 BWLB   7  13   1   4 1912   0   1   6   5   1   2   6   4
Pudel1  76   1   1   1   1  23   1   1   1   1 BWLB   7  14   1   2 932   0   6   5   1   2   6   1   3
Pudel1  76   1   1   1   1  23   1   1   1   1 BWLB   7  15   1   1 602   0   3   4   1   6   5   1   4
Pudel1  76   1   1   1   1  23   1   1   1   1 BWLB   7  16   1   6 1343   0   1   2   6   1   2   3   3
Pudel1  76   1   1   1   1  23   1   1   1   1 BWLB   7  17   1   1 962   0   5   1   2   6   1   2   3
Pudel1  76   1   1   1   1  23   1   1   1   1 BWLB   7  18   1   6 652   0   5   1   2   6   1   2   4
Pudel1  76   1   1   1   1  23   1   1   1   1 BWLB   7  19   1   2 832   0   6   5   1   2   6   1   3
Pudel1  76   1   1   1   1  23   1   1   1   1 BWLB   7  20   1   6 773   0   2   6   1   2   3   5   4
Pudel1  76   1   1   1   1  23   1   1   1   1 BWLB   7  21   1   5 1132   0   2   6   1   2   3   5   4
Pudel1  76   1   1   1   1  23   1   1   1   1 BWLB   7  22   1   6 1832   0   4   1   6   5   1   2   3
Pudel1  76   1   1   1   1  23   1   1   1   1 BWLB   7  23   1   6 582   0   4   1   6   5   1   2   3
Pudel1  76   1   1   1   1  23   1   1   1   1 BWLB   7  24   1   4 781   0   5   1   2   6   1   2   3
Pudel1  76   1   1   1   1  23   1   1   1   1 BWLB   7  25   1   5 603   0   5   1   2   6   1   2   3
Pudel1  76   1   1   1   1  23   1   1   1   1 BWLB   7  26   1   2 432   0   6   5   1   2   6   1   3
Pudel1  76   1   1   1   1  23   1   1   1   1 BWLB   7  27   1   1 1832   0   4   1   6   5   1   2   3
Pudel1  76   1   1   1   1  23   1   1   1   1 BWLB   7  28   1   3 662   0   1   2   6   1   2   3   4
Pudel1  76   1   1   1   1  23   1   1   1   1 BWLB   7  29   1   2 863   0   5   1   2   6   1   2   4
Pudel1  76   1   1   1   1  23   1   1   1   1 BWLB   7  30   1   1 712   0   1   2   6   1   2   3   3
Pudel1  76   1   1   1   1  23   1   1   1   1 BWLB   7  31   1   4 792   0   3   4   1   6   5   1   5
Pudel1  76   1   1   1   1  23   1   1   1   1 BWLB   7  32   1   2 743   0   6   5   1   2   6   1   4
Pudel1  76   1   1   1   1  23   1   1   1   1 BWLB   7  33   1   1 832   0   1   2   6   1   2   3   4
Pudel1  76   1   1   1   1  23   1   1   1   1 BWLB   7  34   1   5 1062   0   1   2   6   1   2   3   3
Pudel1  76   1   1   1   1  23   1   1   1   1 BWLB   7  35   1   2 742   0   1   6   5   1   2   6   3
Pudel1  76   1   1   1   1  23   1   1   1   1 BWLB   7  36   1   2 452   0   4   1   6   5   1   2   5
Pudel1  76   1   1   1   1  23   1   1   1   1 BWLB   7  37   1   1 642   0   5   1   2   6   1   2   5
Pudel1  76   1   1   1   1  23   1   1   1   1 BWLB   7  38   1   6 682   0   1   2   6   1   2   3   4
Pudel1  76   1   1   1   1  23   1   1   1   1 BWLB   7  39   1   2 612   0   1   6   5   1   2   6   5
Pudel1  76   1   1   1   1  23   1   1   1   1 BWLB   7  40   1   1 682   0   4   1   6   5   1   2   5
Pudel1  76   1   1   1   1  23   1   1   1   1 BWLB   7  41   1   4 1642   0   5   1   2   6   1   2   4
Pudel1  76   1   1   1   1  23   1   1   1   1 BWLB   7  42   1   2 972   0   5   1   2   6   1   2   5
Pudel1  76   1   1   1   1  23   1   1   1   1 BWLB   7  43   1   1 502   0   6   5   1   2   6   1   4
Pudel1  76   1   1   1   1  23   1   1   1   1 BWLB   7  44   1   6 692   0   2   6   1   2   3   5   3
Pudel1  76   1   1   1   1  23   1   1   1   1 BWLB   7  45   1   2 712   0   4   1   6   5   1   2   4
Pudel1  76   1   1   1   1  23   1   1   1   1 BWLB   7  46   1   1 532   0   2   3   4   1   6   5   5
Pudel1  76   1   1   1   1  23   1   1   1   1 BWLB   7  47   1   5 1002   0   6   5   1   2   6   1   3
Pudel1  76   1   1   1   1  23   1   1   1   1 BWLB   7  48   1   2 592   0   3   4   1   6   5   1   4
Pudel1  76   1   1   1   1  23   1   1   1   1 BWLB   7  49   1   1 472   0   4   1   6   5   1   2   4
Pudel1  76   1   1   1   1  23   1   1   1   1 BWLB   7  50   1   4 702   0   2   3   4   1   6   5   5
Pudel1  76   1   1   1   1  23   1   1   1   1 BWLB   7  51   1   2 572   0   2   3   4   1   6   5   4
Pudel1  76   1   1   1   1  23   1   1   1   1 BWLB   7  52   1   1 332   0   1   6   5   1   2   6   5
Pudel1  76   1   1   1   1  23   1   1   1   1 BWLB   7  53   1   3 1172   0   4   1   6   5   1   2   3
Pudel1  76   1   1   1   1  23   1   1   1   1 BWLB   7  54   1   2 552   0   6   5   1   2   6   1   4
Pudel1  76   1   1   1   1  23   1   1   1   1 BWLB   7  55   1   1 372   0   4   1   6   5   1   2   5
Pudel1  76   1   1   1   1  23   1   1   1   1 BWLB   7  56   1   2 182   0   2   3   4   1   6   5   4
Pudel1  76   1   1   1   1  23   1   1   1   1 BWLB   7  57   1   6 1392   0   2   3   4   1   6   5   4
Pudel1  76   1   1   1   1  23   1   1   1   1 BWLB   7  58   1   2 792   0   3   4   1   6   5   1   3
Pudel1  76   1   1   1   1  23   1   1   1   1 BWLB   7  59   1   1 382   0   6   5   1   2   6   1   5
Pudel1  76   1   1   1   1  23   1   1   1   1 BWLB   7  60   1   5 562   0   2   3   4   1   6   5   5
Pudel1  76   1   1   1   1  23   1   1   1   1 BWLB   7  61   1   2 442   0   1   6   5   1   2   6   4
Pudel1  76   1   1   1   1  23   1   1   1   1 BWLB   7  62   1   1 352   0   5   1   2   6   1   2   3
Pudel1  76   1   1   1   1  23   1   1   1   1 BWLB   7  63   1   4 753   0   2   6   1   2   3   5   4
Pudel1  76   1   1   1   1  23   1   1   1   1 BWLB   7  64   1   2 462   0   2   6   1   2   3   5   3
Pudel1  76   1   1   1   1  23   1   1   1   1 BWLB   7  65   1   1 312   0   1   2   6   1   2   3   5
Pudel1  76   1   1   1   1  23   1   1   1   1 BWLB   7  66   1   3 782   0   1   6   5   1   2   6   3
Pudel1  76   1   1   1   1  23   1   1   1   1 BWLB   7  67   1   2 442   0   6   5   1   2   6   1   5
Pudel1  76   1   1   1   1  23   1   1   1   1 BWLB   7  68   1   1 342   0   4   1   6   5   1   2   4
Pudel1  76   1   1   1   1  23   1   1   1   1 BWLB   7  69   1   6 372   0   1   2   6   1   2   3   5
Pudel1  76   1   1   1   1  23   1   1   1   1 BWLB   7  70   1   2 392   0   2   6   1   2   3   5   4
Pudel1  76   1   1   1   1  23   1   1   1   1 BWLB   7  71   1   1 422   0   1   6   5   1   2   6   3
Pudel1  76   1   1   1   1  23   1   1   1   1 BWLB   7  72   1   5 412   0   1   2   6   1   2   3   5
Pudel1  76   1   1   1   1  23   1   1   1   1 BWLB   7  73   1   3 432   0   5   1   2   6   1   2   5
Pudel1  76   1   1   1   1  23   1   1   1   1 BWLB   7  74   1   2 482   0   1   6   5   1   2   6   4
Pudel1  76   1   1   1   1  23   1   1   1   1 BWLB   7  75   1   1 352   0   3   4   1   6   5   1   3
Pudel1  76   1   1   1   1  23   1   1   1   1 BWLB   7  76   1   4 922   0   2   3   4   1   6   5   5
Pudel1  76   1   1   1   1  23   1   1   1   1 BWLB   7  77   1   2 522   0   1   2   6   1   2   3   5
Pudel1  76   1   1   1   1  23   1   1   1   1 BWLB   7  78   1   1 343   0   3   4   1   6   5   1   3
Pudel1  76   1   1   1   1  23   1   1   1   1 BWLB   7  79   1   3 942   0   2   3   4   1   6   5   3
Pudel1  76   1   1   1   1  23   1   1   1   1 BWLB   7  80   1   2 612   0   6   5   1   2   6   1   5
Pudel1  76   1   1   1   1  23   1   1   1   1 BWLB   7  81   1   1 392   0   3   4   1   6   5   1   5
Pudel1  76   1   1   1   1  23   1   1   1   1 BWLB   7  82   1   6 512   0   6   5   1   2   6   1   5
Pudel1  76   1   1   1   1  23   1   1   1   1 BWLB   7  83   1   2 522   0   1   6   5   1   2   6   5
Pudel1  76   1   1   1   1  23   1   1   1   1 BWLB   7  84   1   1 282   0   2   6   1   2   3   5   4
Pudel1  76   1   1   1   1  23   1   1   1   1 BWLB   7  85   1   5 862   0   1   6   5   1   2   6   4
Pudel1  76   1   1   1   1  23   1   1   1   1 BWLB   7  86   1   2 812   0   2   3   4   1   6   5   4
Pudel1  76   1   1   1   1  23   1   1   1   1 BWLB   7  87   1   1 352   0   5   1   2   6   1   2   3
Pudel1  76   1   1   1   1  23   1   1   1   1 BWLB   7  88   1   4 492   0   1   6   5   1   2   6   3
Pudel1  76   1   1   1   1  23   1   1   1   1 BWLB   7  89   1   2 632   0   6   5   1   2   6   1   4
Pudel1  76   1   1   1   1  23   1   1   1   1 BWLB   7  90   1   1 402   0   5   1   2   6   1   2   4
Pudel1  76   1   1   1   1  23   1   1   1   1 BWLB   7  91   1   3 722   0   3   4   1   6   5   1   5
Pudel1  76   1   1   1   1  23   1   1   1   1 BWLB   7  92   1   2 532   0   2   3   4   1   6   5   5
Pudel1  76   1   1   1   1  23   1   1   1   1 BWLB   7  93   1   1 372   0   1   2   6   1   2   3   3
Pudel1  76   1   1   1   1  23   1   1   1   1 BWLB   7  94   1   6 602   0   2   3   4   1   6   5   4
Pudel1  76   1   1   1   1  23   1   1   1   1 BWLB   7  95   1   2 542   0   3   4   1   6   5   1   5
Pudel1  76   1   1   1   1  23   1   1   1   1 BWLB   7  96   1   1 243   0   1   2   6   1   2   3   4
Pudel1  76   1   1   1   1  23   1   1   1   1 BWLB   7  97   1   5 512   0   5   1   2   6   1   2   5
Pudel1  76   1   1   1   1  23   1   1   1   1 BWLB   7  98   1   2 662   0   5   1   2   6   1   2   4
Pudel1  76   1   1   1   1  23   1   1   1   1 BWLB   7  99   1   1 332   0   6   5   1   2   6   1   4
Pudel1  76   1   1   1   1  23   1   1   1   1 BWLB   7 100   1   3 562   0   2   6   1   2   3   5   5
Pudel1  76   1   1   1   1  23   1   1   1   1 BWLB   7 101   1   2 712   0   4   1   6   5   1   2   3
Pudel1  76   1   1   1   1  23   1   1   1   1 BWLB   7 102   1   1 322   0   6   5   1   2   6   1   3
Pudel1  76   1   1   1   1  23   1   1   1   1 BWLB   7 103   1   6 982   0   3   4   1   6   5   1   4
Pudel1  76   1   1   1   1  23   1   1   1   1 BWLB   7 104   1   2 562   0   2   6   1   2   3   5   5
Pudel1  76   1   1   1   1  23   1   1   1   1 BWLB   7 105   1   1 242   0   6   5   1   2   6   1   5
Pudel1  76   1   1   1   1  23   1   1   1   1 BWLB   7 106   1   5 402   0   1   2   6   1   2   3   4
Pudel1  76   1   1   1   1  23   1   1   1   1 BWLB   7 107   1   2 602   0   4   1   6   5   1   2   4
Pudel1  76   1   1   1   1  23   1   1   1   1 BWLB   7 108   1   1 292   0   2   3   4   1   6   5   3
Pudel1  76   1   1   1   1  23   1   1   1   1 BWLB   7 109   1   4 462   0   3   4   1   6   5   1   5
Pudel1  76   1   1   1   1  23   1   1   1   1 BWLB   7 110   1   2 752   0   2   3   4   1   6   5   3
Pudel1  76   1   1   1   1  23   1   1   1   1 BWLB   7 111   1   1 412   0   4   1   6   5   1   2   5
Pudel1  76   1   1   1   1  23   1   1   1   1 BWLB   7 112   1   3 623   0   2   3   4   1   6   5   3
Pudel1  76   1   1   1   1  23   1   1   1   1 BWLB   7 113   1   2 612   0   1   6   5   1   2   6   5
Pudel1  76   1   1   1   1  23   1   1   1   1 BWLB   7 114   1   1 342   0   1   6   5   1   2   6   3
Pudel1  76   1   1   1   1  23   1   1   1   1 BWLB   7 115   1   6 452   0   1   6   5   1   2   6   5
Pudel1  76   1   1   1   1  23   1   1   1   1 BWLB   7 116   1   2 832   0   2   6   1   2   3   5   5
Pudel1  76   1   1   1   1  23   1   1   1   1 BWLB   7 117   1   1 372   0   2   6   1   2   3   5   5
Pudel1  76   1   1   1   1  23   1   1   1   1 BWLB   7 118   1   5 372   0   2   6   1   2   3   5   5
Pudel1  76   1   1   1   1  23   1   1   1   1 BWLB   7 119   1   2 692   0   5   1   2   6   1   2   5
Pudel1  76   1   1   1   1  23   1   1   1   1 BWLB   7 120   1   1 242   0   3   4   1   6   5   1   3
Pudel1  76   1   1   1   1  23   1   1   1   1 BWLB   8   1   1   6 2632   0   2   6   1   2   3   5   3
Pudel1  76   1   1   1   1  23   1   1   1   1 BWLB   8   2   1   4 3803   0   4   1   6   5   1   2   5
Pudel1  76   1   1   1   1  23   1   1   1   1 BWLB   8   3   1   5 722   0   4   1   6   5   1   2   4
Pudel1  76   1   1   1   1  23   1   1   1   1 BWLB   8   4   1   4 852   0   3   4   1   6   5   1   4
Pudel1  76   1   1   1   1  23   1   1   1   1 BWLB   8   5   1   5 782   0   1   2   6   1   2   3   3
Pudel1  76   1   1   1   1  23   1   1   1   1 BWLB   8   6   1   4 792   0   2   3   4   1   6   5   3
Pudel1  76   1   1   1   1  23   1   1   1   1 BWLB   8   7   1   6 652   0   1   2   6   1   2   3   5
Pudel1  76   1   1   1   1  23   1   1   1   1 BWLB   8   8   1   4 382   0   2   6   1   2   3   5   3
Pudel1  76   1   1   1   1  23   1   1   1   1 BWLB   8   9   1   5 402   0   2   6   1   2   3   5   3
Pudel1  76   1   1   1   1  23   1   1   1   1 BWLB   8  10   1   6 652   0   3   4   1   6   5   1   3
Pudel1  76   1   1   1   1  23   1   1   1   1 BWLB   8  11   1   4 362   0   1   6   5   1   2   6   4
Pudel1  76   1   1   1   1  23   1   1   1   1 BWLB   8  12   1   5 372   0   3   4   1   6   5   1   4
Pudel1  76   1   1   1   1  23   1   1   1   1 BWLB   8  13   1   4 492   0   1   6   5   1   2   6   4
Pudel1  76   1   1   1   1  23   1   1   1   1 BWLB   8  14   1   5 292   0   6   5   1   2   6   1   3
Pudel1  76   1   1   1   1  23   1   1   1   1 BWLB   8  15   1   6 643   0   3   4   1   6   5   1   4
Pudel1  76   1   1   1   1  23   1   1   1   1 BWLB   8  16   1   4 322   0   1   2   6   1   2   3   3
Pudel1  76   1   1   1   1  23   1   1   1   1 BWLB   8  17   1   5 382   0   5   1   2   6   1   2   3
Pudel1  76   1   1   1   1  23   1   1   1   1 BWLB   8  18   1   6 602   0   5   1   2   6   1   2   4
Pudel1  76   1   1   1   1  23   1   1   1   1 BWLB   8  19   1   4 312   0   6   5   1   2   6   1   3
Pudel1  76   1   1   1   1  23   1   1   1   1 BWLB   8  20   1   5 372   0   2   6   1   2   3   5   4
Pudel1  76   1   1   1   1  23   1   1   1   1 BWLB   8  21   1   1 782   0   2   6   1   2   3   5   4
Pudel1  76   1   1   1   1  23   1   1   1   1 BWLB   8  22   1   2 392   0   4   1   6   5   1   2   3
Pudel1  76   1   1   1   1  23   1   1   1   1 BWLB   8  23   1   2 382   0   4   1   6   5   1   2   3
Pudel1  76   1   1   1   1  23   1   1   1   1 BWLB   8  24   1   3 781   0   5   1   2   6   1   2   3
Pudel1  76   1   1   1   1  23   1   1   1   1 BWLB   8  25   1   1 703   0   5   1   2   6   1   2   3
Pudel1  76   1   1   1   1  23   1   1   1   1 BWLB   8  26   1   2 342   0   6   5   1   2   6   1   3
Pudel1  76   1   1   1   1  23   1   1   1   1 BWLB   8  27   1   3 292   0   4   1   6   5   1   2   3
Pudel1  76   1   1   1   1  23   1   1   1   1 BWLB   8  28   1   1 532   0   1   2   6   1   2   3   4
Pudel1  76   1   1   1   1  23   1   1   1   1 BWLB   8  29   1   2 302   0   5   1   2   6   1   2   4
Pudel1  76   1   1   1   1  23   1   1   1   1 BWLB   8  30   1   3 302   0   1   2   6   1   2   3   3
Pudel1  76   1   1   1   1  23   1   1   1   1 BWLB   8  31   1   6 572   0   3   4   1   6   5   1   5
Pudel1  76   1   1   1   1  23   1   1   1   1 BWLB   8  32   1   5 382   0   6   5   1   2   6   1   4
Pudel1  76   1   1   1   1  23   1   1   1   1 BWLB   8  33   1   4 382   0   1   2   6   1   2   3   4
Pudel1  76   1   1   1   1  23   1   1   1   1 BWLB   8  34   1   6 622   0   1   2   6   1   2   3   3
Pudel1  76   1   1   1   1  23   1   1   1   1 BWLB   8  35   1   5 452   0   1   6   5   1   2   6   3
Pudel1  76   1   1   1   1  23   1   1   1   1 BWLB   8  36   1   4 262   0   4   1   6   5   1   2   5
Pudel1  76   1   1   1   1  23   1   1   1   1 BWLB   8  37   1   6 523   0   5   1   2   6   1   2   5
Pudel1  76   1   1   1   1  23   1   1   1   1 BWLB   8  38   1   5 302   0   1   2   6   1   2   3   4
Pudel1  76   1   1   1   1  23   1   1   1   1 BWLB   8  39   1   4 253   0   1   6   5   1   2   6   5
Pudel1  76   1   1   1   1  23   1   1   1   1 BWLB   8  40   1   6 362   0   4   1   6   5   1   2   5
Pudel1  76   1   1   1   1  23   1   1   1   1 BWLB   8  41   1   5 312   0   5   1   2   6   1   2   4
Pudel1  76   1   1   1   1  23   1   1   1   1 BWLB   8  42   1   4 182   0   5   1   2   6   1   2   5
Pudel1  76   1   1   1   1  23   1   1   1   1 BWLB   8  43   1   6 392   0   6   5   1   2   6   1   4
Pudel1  76   1   1   1   1  23   1   1   1   1 BWLB   8  44   1   5 192   0   2   6   1   2   3   5   3
Pudel1  76   1   1   1   1  23   1   1   1   1 BWLB   8  45   1   4 162   0   4   1   6   5   1   2   4
Pudel1  76   1   1   1   1  23   1   1   1   1 BWLB   8  46   1   3 252   0   2   3   4   1   6   5   5
Pudel1  76   1   1   1   1  23   1   1   1   1 BWLB   8  47   1   2 302   0   6   5   1   2   6   1   3
Pudel1  76   1   1   1   1  23   1   1   1   1 BWLB   8  48   1   1 252   0   3   4   1   6   5   1   4
Pudel1  76   1   1   1   1  23   1   1   1   1 BWLB   8  49   1   6 452   0   4   1   6   5   1   2   4
Pudel1  76   1   1   1   1  23   1   1   1   1 BWLB   8  50   1   5 422   0   2   3   4   1   6   5   5
Pudel1  76   1   1   1   1  23   1   1   1   1 BWLB   8  51   1   4 262   0   2   3   4   1   6   5   4
Pudel1  76   1   1   1   1  23   1   1   1   1 BWLB   8  52   1   3 272   0   1   6   5   1   2   6   5
Pudel1  76   1   1   1   1  23   1   1   1   1 BWLB   8  53   1   2 242   0   4   1   6   5   1   2   3
Pudel1  76   1   1   1   1  23   1   1   1   1 BWLB   8  54   1   1 252   0   6   5   1   2   6   1   4
Pudel1  76   1   1   1   1  23   1   1   1   1 BWLB   8  55   1   6 232   0   4   1   6   5   1   2   5
Pudel1  76   1   1   1   1  23   1   1   1   1 BWLB   8  56   1   4 372   0   2   3   4   1   6   5   4
Pudel1  76   1   1   1   1  23   1   1   1   1 BWLB   8  57   1   5 232   0   2   3   4   1   6   5   4
Pudel1  76   1   1   1   1  23   1   1   1   1 BWLB   8  58   1   3 642   0   3   4   1   6   5   1   3
Pudel1  76   1   1   1   1  23   1   1   1   1 BWLB   8  59   1   2 212   0   6   5   1   2   6   1   5
Pudel1  76   1   1   1   1  23   1   1   1   1 BWLB   8  60   1   1 302   0   2   3   4   1   6   5   5
Pudel1  76   1   1   1   1  23   1   1   1   1 BWLB   8  61   1   6 402   0   1   6   5   1   2   6   4
Pudel1  76   1   1   1   1  23   1   1   1   1 BWLB   8  62   1   5 342   0   5   1   2   6   1   2   3
Pudel1  76   1   1   1   1  23   1   1   1   1 BWLB   8  63   1   4 242   0   2   6   1   2   3   5   4
Pudel1  76   1   1   1   1  23   1   1   1   1 BWLB   8  64   1   3 282   0   2   6   1   2   3   5   3
Pudel1  76   1   1   1   1  23   1   1   1   1 BWLB   8  65   1   2 162   0   1   2   6   1   2   3   5
Pudel1  76   1   1   1   1  23   1   1   1   1 BWLB   8  66   1   1 232   0   1   6   5   1   2   6   3
Pudel1  76   1   1   1   1  23   1   1   1   1 BWLB   8  67   1   6 372   0   6   5   1   2   6   1   5
Pudel1  76   1   1   1   1  23   1   1   1   1 BWLB   8  68   1   5 432   0   4   1   6   5   1   2   4
Pudel1  76   1   1   1   1  23   1   1   1   1 BWLB   8  69   1   4 262   0   1   2   6   1   2   3   5
Pudel1  76   1   1   1   1  23   1   1   1   1 BWLB   8  70   1   3 282   0   2   6   1   2   3   5   4
Pudel1  76   1   1   1   1  23   1   1   1   1 BWLB   8  71   1   2 172   0   1   6   5   1   2   6   3
Pudel1  76   1   1   1   1  23   1   1   1   1 BWLB   8  72   1   1 232   0   1   2   6   1   2   3   5
Pudel1  76   1   1   1   1  23   1   1   1   1 BWLB   8  73   1   6 382   0   5   1   2   6   1   2   5
Pudel1  76   1   1   1   1  23   1   1   1   1 BWLB   8  74   1   5 272   0   1   6   5   1   2   6   4
Pudel1  76   1   1   1   1  23   1   1   1   1 BWLB   8  75   1   4 233   0   3   4   1   6   5   1   3
Pudel1  76   1   1   1   1  23   1   1   1   1 BWLB   8  76   1   3 292   0   2   3   4   1   6   5   5
Pudel1  76   1   1   1   1  23   1   1   1   1 BWLB   8  77   1   2 202   0   1   2   6   1   2   3   5
Pudel1  76   1   1   1   1  23   1   1   1   1 BWLB   8  78   1   1 123   0   3   4   1   6   5   1   3
Pudel1  76   1   1   1   1  23   1   1   1   1 BWLB   8  79   1   6 402   0   2   3   4   1   6   5   3
Pudel1  76   1   1   1   1  23   1   1   1   1 BWLB   8  80   1   5 312   0   6   5   1   2   6   1   5
Pudel1  76   1   1   1   1  23   1   1   1   1 BWLB   8  81   1   4 192   0   3   4   1   6   5   1   5
Pudel1  76   1   1   1   1  23   1   1   1   1 BWLB   8  82   1   3 262   0   6   5   1   2   6   1   5
Pudel1  76   1   1   1   1  23   1   1   1   1 BWLB   8  83   1   2 212   0   1   6   5   1   2   6   5
Pudel1  76   1   1   1   1  23   1   1   1   1 BWLB   8  84   1   1 142   0   2   6   1   2   3   5   4
Pudel1  76   1   1   1   1  23   1   1   1   1 BWLB   8  85   1   6 282   0   1   6   5   1   2   6   4
Pudel1  76   1   1   1   1  23   1   1   1   1 BWLB   8  86   1   5 222   0   2   3   4   1   6   5   4
Pudel1  76   1   1   1   1  23   1   1   1   1 BWLB   8  87   1   4 202   0   5   1   2   6   1   2   3
Pudel1  76   1   1   1   1  23   1   1   1   1 BWLB   8  88   1   3 252   0   1   6   5   1   2   6   3
Pudel1  76   1   1   1   1  23   1   1   1   1 BWLB   8  89   1   2 112   0   6   5   1   2   6   1   4
Pudel1  76   1   1   1   1  23   1   1   1   1 BWLB   8  90   1   1 172   0   5   1   2   6   1   2   4
Pudel1  76   1   1   1   1  23   1   1   1   1 BWLB   8  91   1   6 452   0   3   4   1   6   5   1   5
Pudel1  76   1   1   1   1  23   1   1   1   1 BWLB   8  92   1   5 462   0   2   3   4   1   6   5   5
Pudel1  76   1   1   1   1  23   1   1   1   1 BWLB   8  93   1   4 292   0   1   2   6   1   2   3   3
Pudel1  76   1   1   1   1  23   1   1   1   1 BWLB   8  94   1   3 182   0   2   3   4   1   6   5   4
Pudel1  76   1   1   1   1  23   1   1   1   1 BWLB   8  95   1   2 152   0   3   4   1   6   5   1   5
Pudel1  76   1   1   1   1  23   1   1   1   1 BWLB   8  96   1   1 142   0   1   2   6   1   2   3   4
Pudel1  76   1   1   1   1  23   1   1   1   1 BWLB   8  97   1   6 382   0   5   1   2   6   1   2   5
Pudel1  76   1   1   1   1  23   1   1   1   1 BWLB   8  98   1   5 282   0   5   1   2   6   1   2   4
Pudel1  76   1   1   1   1  23   1   1   1   1 BWLB   8  99   1   4 222   0   6   5   1   2   6   1   4
Pudel1  76   1   1   1   1  23   1   1   1   1 BWLB   8 100   1   3 303   0   2   6   1   2   3   5   5
Pudel1  76   1   1   1   1  23   1   1   1   1 BWLB   8 101   1   2 192   0   4   1   6   5   1   2   3
Pudel1  76   1   1   1   1  23   1   1   1   1 BWLB   8 102   1   1 162   0   6   5   1   2   6   1   3
Pudel1  76   1   1   1   1  23   1   1   1   1 BWLB   8 103   1   6 472   0   3   4   1   6   5   1   4
Pudel1  76   1   1   1   1  23   1   1   1   1 BWLB   8 104   1   4 422   0   2   6   1   2   3   5   5
Pudel1  76   1   1   1   1  23   1   1   1   1 BWLB   8 105   1   1 1862   0   6   5   1   2   6   1   5
Pudel1  76   1   1   1   1  23   1   1   1   1 BWLB   8 106   1   5 1552   0   1   2   6   1   2   3   4
Pudel1  76   1   1   1   1  23   1   1   1   1 BWLB   8 107   1   2 782   0   4   1   6   5   1   2   4
Pudel1  76   1   1   1   1  23   1   1   1   1 BWLB   8 108   1   6 582   0   2   3   4   1   6   5   3
Pudel1  76   1   1   1   1  23   1   1   1   1 BWLB   8 109   1   2 762   0   3   4   1   6   5   1   5
Pudel1  76   1   1   1   1  23   1   1   1   1 BWLB   8 110   1   3 322   0   2   3   4   1   6   5   3
Pudel1  76   1   1   1   1  23   1   1   1   1 BWLB   8 111   1   4 262   0   4   1   6   5   1   2   5
Pudel1  76   1   1   1   1  23   1   1   1   1 BWLB   8 112   1   5 603   0   2   3   4   1   6   5   3
Pudel1  76   1   1   1   1  23   1   1   1   1 BWLB   8 113   1   1 222   0   1   6   5   1   2   6   5
Pudel1  76   1   1   1   1  23   1   1   1   1 BWLB   8 114   1   6 192   0   1   6   5   1   2   6   3
Pudel1  76   1   1   1   1  23   1   1   1   1 BWLB   8 115   1   3 652   0   1   6   5   1   2   6   5
Pudel1  76   1   1   1   1  23   1   1   1   1 BWLB   8 116   1   2 832   0   2   6   1   2   3   5   5
Pudel1  76   1   1   1   1  23   1   1   1   1 BWLB   8 117   1   1 342   0   2   6   1   2   3   5   5
Pudel1  76   1   1   1   1  23   1   1   1   1 BWLB   8 118   1   6 272   0   2   6   1   2   3   5   5
Pudel1  76   1   1   1   1  23   1   1   1   1 BWLB   8 119   1   5 692   0   5   1   2   6   1   2   5
Pudel1  76   1   1   1   1  23   1   1   1   1 BWLB   8 120   1   4 272   0   3   4   1   6   5   1   3
