Pudel1  89   1   2   1   1  21   1   1   1   1 BWL   1   1   1 690   1   1
Pudel1  89   1   2   1   1  21   1   1   1   1 BWL   1   2   6 621   6   1
Pudel1  89   1   2   1   1  21   1   1   1   1 BWL   1   3   2 864   2   1
Pudel1  89   1   2   1   1  21   1   1   1   1 BWL   1   4   4 864   4   1
Pudel1  89   1   2   1   1  21   1   1   1   1 BWL   1   5   3 765   3   1
Pudel1  89   1   2   1   1  21   1   1   1   1 BWL   1   6   1 662   1   1
Pudel1  89   1   2   1   1  21   1   1   1   1 BWL   1   7   6 565   6   1
Pudel1  89   1   2   1   1  21   1   1   1   1 BWL   1   8   5 849   5   1
Pudel1  89   1   2   1   1  21   1   1   1   1 BWL   1   9   1 720   1   1
Pudel1  89   1   2   1   1  21   1   1   1   1 BWL   1  10   6 595   6   1
Pudel1  89   1   2   1   1  21   1   1   1   1 BWL   1  11   2 834   2   1
Pudel1  89   1   2   1   1  21   1   1   1   1 BWL   1  12   3 850   3   1
Pudel1  89   1   2   1   1  21   1   1   1   1 BWL   1  13   5 766   5   1
Pudel1  89   1   2   1   1  21   1   1   1   1 BWL   1  14   1 618   1   1
Pudel1  89   1   2   1   1  21   1   1   1   1 BWL   1  15   4 894   4   1
Pudel1  89   1   2   1   1  21   1   1   1   1 BWL   1  16   6 723   6   1
Pudel1  89   1   2   1   1  21   1   1   1   1 BWL   1  17   1 603   1   1
Pudel1  89   1   2   1   1  21   1   1   1   1 BWL   1  18   2 823   2   1
Pudel1  89   1   2   1   1  21   1   1   1   1 BWL   1  19   5 852   5   1
Pudel1  89   1   2   1   1  21   1   1   1   1 BWL   1  20   6 706   6   1
Pudel1  89   1   2   1   1  21   1   1   1   1 BWL   1  21   3 966   3   1
Pudel1  89   1   2   1   1  21   1   1   1   1 BWL   1  22   4 851   4   1
Pudel1  89   1   2   1   1  21   1   1   1   1 BWL   1  23   6 706   6   1
Pudel1  89   1   2   1   1  21   1   1   1   1 BWL   1  24   1 662   1   1
Pudel1  89   1   2   1   1  21   1   1   1   1 BWL   1  25   5 767   5   1
Pudel1  89   1   2   1   1  21   1   1   1   1 BWL   1  26   6 734   6   1
Pudel1  89   1   2   1   1  21   1   1   1   1 BWL   1  27   2 819   3   0
Pudel1  89   1   2   1   1  21   1   1   1   1 BWL   1  28   2 1168   2   1
Pudel1  89   1   2   1   1  21   1   1   1   1 BWL   1  29   1 678   1   1
Pudel1  89   1   2   1   1  21   1   1   1   1 BWL   1  30   4 794   4   1
Pudel1  89   1   2   1   1  21   1   1   1   1 BWL   1  31   6 607   6   1
Pudel1  89   1   2   1   1  21   1   1   1   1 BWL   1  32   1 1065   1   1
Pudel1  89   1   2   1   1  21   1   1   1   1 BWL   1  33   2 880   2   1
Pudel1  89   1   2   1   1  21   1   1   1   1 BWL   1  34   6 739   6   1
Pudel1  89   1   2   1   1  21   1   1   1   1 BWL   1  35   5 791   5   1
Pudel1  89   1   2   1   1  21   1   1   1   1 BWL   1  36   1 691   1   1
Pudel1  89   1   2   1   1  21   1   1   1   1 BWL   1  37   6 765   6   1
Pudel1  89   1   2   1   1  21   1   1   1   1 BWL   1  38   4 734   4   1
Pudel1  89   1   2   1   1  21   1   1   1   1 BWL   1  39   3 705   3   1
Pudel1  89   1   2   1   1  21   1   1   1   1 BWL   1  40   1 649   1   1
Pudel1  89   1   2   1   1  21   1   1   1   1 BWL   1  41   6 550   6   1
Pudel1  89   1   2   1   1  21   1   1   1   1 BWL   1  42   2 850   2   1
Pudel1  89   1   2   1   1  21   1   1   1   1 BWL   1  43   5 736   5   1
Pudel1  89   1   2   1   1  21   1   1   1   1 BWL   1  44   6 576   6   1
Pudel1  89   1   2   1   1  21   1   1   1   1 BWL   1  45   1 706   1   1
Pudel1  89   1   2   1   1  21   1   1   1   1 BWL   1  46   4 751   4   1
Pudel1  89   1   2   1   1  21   1   1   1   1 BWL   1  47   3 808   3   1
Pudel1  89   1   2   1   1  21   1   1   1   1 BWL   1  48   1 691   1   1
Pudel1  89   1   2   1   1  21   1   1   1   1 BWL   1  49   6 551   6   1
Pudel1  89   1   2   1   1  21   1   1   1   1 BWL   1  50   5 749   5   1
Pudel1  89   1   2   1   1  21   1   1   1   1 BWL   1  51   3 936   3   1
Pudel1  89   1   2   1   1  21   1   1   1   1 BWL   1  52   1 676   1   1
Pudel1  89   1   2   1   1  21   1   1   1   1 BWL   1  53   4 809   4   1
Pudel1  89   1   2   1   1  21   1   1   1   1 BWL   1  54   6 692   6   1
Pudel1  89   1   2   1   1  21   1   1   1   1 BWL   1  55   2 835   2   1
Pudel1  89   1   2   1   1  21   1   1   1   1 BWL   1  56   1 621   1   1
Pudel1  89   1   2   1   1  21   1   1   1   1 BWL   1  57   3 952   3   1
Pudel1  89   1   2   1   1  21   1   1   1   1 BWL   1  58   4 1009   4   1
Pudel1  89   1   2   1   1  21   1   1   1   1 BWL   1  59   6 679   6   1
Pudel1  89   1   2   1   1  21   1   1   1   1 BWL   1  60   5 864   5   1
Pudel1  89   1   2   1   1  21   1   1   1   1 BWL   1  61   1 591   1   1
Pudel1  89   1   2   1   1  21   1   1   1   1 BWL   1  62   2 779   2   1
Pudel1  89   1   2   1   1  21   1   1   1   1 BWL   1  63   6 765   6   1
Pudel1  89   1   2   1   1  21   1   1   1   1 BWL   1  64   1 661   1   1
Pudel1  89   1   2   1   1  21   1   1   1   1 BWL   1  65   4 780   4   1
Pudel1  89   1   2   1   1  21   1   1   1   1 BWL   1  66   6 636   6   1
Pudel1  89   1   2   1   1  21   1   1   1   1 BWL   1  67   1 576   1   1
Pudel1  89   1   2   1   1  21   1   1   1   1 BWL   1  68   2 750   2   1
Pudel1  89   1   2   1   1  21   1   1   1   1 BWL   1  69   6 635   6   1
Pudel1  89   1   2   1   1  21   1   1   1   1 BWL   1  70   4 706   5   0
Pudel1  89   1   2   1   1  21   1   1   1   1 BWL   1  71   1 778   1   1
Pudel1  89   1   2   1   1  21   1   1   1   1 BWL   1  72   3 895   3   1
Pudel1  89   1   2   1   1  21   1   1   1   1 BWL   1  73   2 893   2   1
Pudel1  89   1   2   1   1  21   1   1   1   1 BWL   1  74   1 705   1   1
Pudel1  89   1   2   1   1  21   1   1   1   1 BWL   1  75   6 652   6   1
Pudel1  89   1   2   1   1  21   1   1   1   1 BWL   1  76   4 791   4   1
Pudel1  89   1   2   1   1  21   1   1   1   1 BWL   1  77   5 823   5   1
Pudel1  89   1   2   1   1  21   1   1   1   1 BWL   1  78   3 964   3   1
Pudel1  89   1   2   1   1  21   1   1   1   1 BWL   1  79   1 735   1   1
Pudel1  89   1   2   1   1  21   1   1   1   1 BWL   1  80   6 621   6   1
Pudel1  89   1   2   1   1  21   1   1   1   1 BWL   1  81   2 879   2   1
Pudel1  89   1   2   1   1  21   1   1   1   1 BWL   1  82   5 866   5   1
Pudel1  89   1   2   1   1  21   1   1   1   1 BWL   1  83   1 734   1   1
Pudel1  89   1   2   1   1  21   1   1   1   1 BWL   1  84   6 578   6   1
Pudel1  89   1   2   1   1  21   1   1   1   1 BWL   1  85   4 850   4   1
Pudel1  89   1   2   1   1  21   1   1   1   1 BWL   1  86   1 621   1   1
Pudel1  89   1   2   1   1  21   1   1   1   1 BWL   1  87   6 636   6   1
Pudel1  89   1   2   1   1  21   1   1   1   1 BWL   1  88   3 923   3   1
Pudel1  89   1   2   1   1  21   1   1   1   1 BWL   1  89   5 735   4   0
Pudel1  89   1   2   1   1  21   1   1   1   1 BWL   1  90   6 780   6   1
Pudel1  89   1   2   1   1  21   1   1   1   1 BWL   1  91   1 589   1   1
Pudel1  89   1   2   1   1  21   1   1   1   1 BWL   1  92   5 868   5   1
Pudel1  89   1   2   1   1  21   1   1   1   1 BWL   1  93   6 807   6   1
Pudel1  89   1   2   1   1  21   1   1   1   1 BWL   1  94   3 877   3   1
Pudel1  89   1   2   1   1  21   1   1   1   1 BWL   1  95   1 649   1   1
Pudel1  89   1   2   1   1  21   1   1   1   1 BWL   1  96   2 1096   2   1
Pudel1  89   1   2   1   1  21   1   1   1   1 BWL   1  97   6 880   6   1
Pudel1  89   1   2   1   1  21   1   1   1   1 BWL   1  98   1 792   1   1
Pudel1  89   1   2   1   1  21   1   1   1   1 BWL   1  99   3 1110   3   1
Pudel1  89   1   2   1   1  21   1   1   1   1 BWL   1 100   6 766   6   1
Pudel1  89   1   2   1   1  21   1   1   1   1 BWL   1 101   4 850   4   1
Pudel1  89   1   2   1   1  21   1   1   1   1 BWL   1 102   5 793   5   1
Pudel1  89   1   2   1   1  21   1   1   1   1 BWL   1 103   1 620   1   1
Pudel1  89   1   2   1   1  21   1   1   1   1 BWL   1 104   2 792   2   1
Pudel1  89   1   2   1   1  21   1   1   1   1 BWL   1 105   5 852   5   1
Pudel1  89   1   2   1   1  21   1   1   1   1 BWL   1 106   6 636   6   1
Pudel1  89   1   2   1   1  21   1   1   1   1 BWL   1 107   1 704   1   1
Pudel1  89   1   2   1   1  21   1   1   1   1 BWL   1 108   4 823   4   1
Pudel1  89   1   2   1   1  21   1   1   1   1 BWL   1 109   6 766   6   1
Pudel1  89   1   2   1   1  21   1   1   1   1 BWL   1 110   1 661   1   1
Pudel1  89   1   2   1   1  21   1   1   1   1 BWL   1 111   2 836   2   1
Pudel1  89   1   2   1   1  21   1   1   1   1 BWL   1 112   3 692   3   1
Pudel1  89   1   2   1   1  21   1   1   1   1 BWL   1 113   6 695   6   1
Pudel1  89   1   2   1   1  21   1   1   1   1 BWL   1 114   1 762   1   1
Pudel1  89   1   2   1   1  21   1   1   1   1 BWL   1 115   3 967   3   1
Pudel1  89   1   2   1   1  21   1   1   1   1 BWL   1 116   5 909   5   1
Pudel1  89   1   2   1   1  21   1   1   1   1 BWL   1 117   4 892   4   1
Pudel1  89   1   2   1   1  21   1   1   1   1 BWL   1 118   6 722   6   1
Pudel1  89   1   2   1   1  21   1   1   1   1 BWL   1 119   1 662   1   1
Pudel1  89   1   2   1   1  21   1   1   1   1 BWL   1 120   2 921   2   1
Pudel1  89   1   2   1   1  21   1   1   1   1 BWL   1 121   3 621   3   1
Pudel1  89   1   2   1   1  21   1   1   1   1 BWL   1 122   6 724   6   1
Pudel1  89   1   2   1   1  21   1   1   1   1 BWL   1 123   2 1036   2   1
Pudel1  89   1   2   1   1  21   1   1   1   1 BWL   1 124   5 665   4   0
Pudel1  89   1   2   1   1  21   1   1   1   1 BWL   1 125   1 792   1   1
Pudel1  89   1   2   1   1  21   1   1   1   1 BWL   1 126   5 854   5   1
Pudel1  89   1   2   1   1  21   1   1   1   1 BWL   1 127   6 736   6   1
Pudel1  89   1   2   1   1  21   1   1   1   1 BWL   1 128   1 762   1   1
Pudel1  89   1   2   1   1  21   1   1   1   1 BWL   1 129   2 909   2   1
Pudel1  89   1   2   1   1  21   1   1   1   1 BWL   1 130   6 867   6   1
Pudel1  89   1   2   1   1  21   1   1   1   1 BWL   1 131   1 847   1   1
Pudel1  89   1   2   1   1  21   1   1   1   1 BWL   1 132   3 1040   3   1
Pudel1  89   1   2   1   1  21   1   1   1   1 BWL   1 133   5 1023   5   1
Pudel1  89   1   2   1   1  21   1   1   1   1 BWL   1 134   1 632   1   1
Pudel1  89   1   2   1   1  21   1   1   1   1 BWL   1 135   6 695   6   1
Pudel1  89   1   2   1   1  21   1   1   1   1 BWL   1 136   4 879   4   1
Pudel1  89   1   2   1   1  21   1   1   1   1 BWL   1 137   1 690   1   1
Pudel1  89   1   2   1   1  21   1   1   1   1 BWL   1 138   6 710   6   1
Pudel1  89   1   2   1   1  21   1   1   1   1 BWL   1 139   3 1150   3   1
Pudel1  89   1   2   1   1  21   1   1   1   1 BWL   1 140   5 967   5   1
Pudel1  89   1   2   1   1  21   1   1   1   1 BWL   1 141   2 864   2   1
Pudel1  89   1   2   1   1  21   1   1   1   1 BWL   1 142   6 694   6   1
Pudel1  89   1   2   1   1  21   1   1   1   1 BWL   1 143   1 591   1   1
Pudel1  89   1   2   1   1  21   1   1   1   1 BWL   1 144   4 924   4   1
Pudel1  89   1   2   1   1  21   1   1   1   1 BWL   2   1   1 689   1   1
Pudel1  89   1   2   1   1  21   1   1   1   1 BWL   2   2   6 622   6   1
Pudel1  89   1   2   1   1  21   1   1   1   1 BWL   2   3   2 704   2   1
Pudel1  89   1   2   1   1  21   1   1   1   1 BWL   2   4   4 880   4   1
Pudel1  89   1   2   1   1  21   1   1   1   1 BWL   2   5   3 836   3   1
Pudel1  89   1   2   1   1  21   1   1   1   1 BWL   2   6   1 592   1   1
Pudel1  89   1   2   1   1  21   1   1   1   1 BWL   2   7   6 579   6   1
Pudel1  89   1   2   1   1  21   1   1   1   1 BWL   2   8   5 836   5   1
Pudel1  89   1   2   1   1  21   1   1   1   1 BWL   2   9   1 704   1   1
Pudel1  89   1   2   1   1  21   1   1   1   1 BWL   2  10   6 695   6   1
Pudel1  89   1   2   1   1  21   1   1   1   1 BWL   2  11   2 892   2   1
Pudel1  89   1   2   1   1  21   1   1   1   1 BWL   2  12   3 837   3   1
Pudel1  89   1   2   1   1  21   1   1   1   1 BWL   2  13   5 708   5   1
Pudel1  89   1   2   1   1  21   1   1   1   1 BWL   2  14   1 633   1   1
Pudel1  89   1   2   1   1  21   1   1   1   1 BWL   2  15   4 779   4   1
Pudel1  89   1   2   1   1  21   1   1   1   1 BWL   2  16   6 622   6   1
Pudel1  89   1   2   1   1  21   1   1   1   1 BWL   2  17   1 675   1   1
Pudel1  89   1   2   1   1  21   1   1   1   1 BWL   2  18   2 879   2   1
Pudel1  89   1   2   1   1  21   1   1   1   1 BWL   2  19   5 867   5   1
Pudel1  89   1   2   1   1  21   1   1   1   1 BWL   2  20   6 636   6   1
Pudel1  89   1   2   1   1  21   1   1   1   1 BWL   2  21   3 793   3   1
Pudel1  89   1   2   1   1  21   1   1   1   1 BWL   2  22   4 936   4   1
Pudel1  89   1   2   1   1  21   1   1   1   1 BWL   2  23   6 1010   6   1
Pudel1  89   1   2   1   1  21   1   1   1   1 BWL   2  24   1 547   1   1
Pudel1  89   1   2   1   1  21   1   1   1   1 BWL   2  25   5 737   5   1
Pudel1  89   1   2   1   1  21   1   1   1   1 BWL   2  26   6 851   6   1
Pudel1  89   1   2   1   1  21   1   1   1   1 BWL   2  27   3 908   3   1
Pudel1  89   1   2   1   1  21   1   1   1   1 BWL   2  28   2 648   2   1
Pudel1  89   1   2   1   1  21   1   1   1   1 BWL   2  29   1 591   1   1
Pudel1  89   1   2   1   1  21   1   1   1   1 BWL   2  30   4 736   4   1
Pudel1  89   1   2   1   1  21   1   1   1   1 BWL   2  31   6 694   6   1
Pudel1  89   1   2   1   1  21   1   1   1   1 BWL   2  32   1 706   1   1
Pudel1  89   1   2   1   1  21   1   1   1   1 BWL   2  33   2 822   2   1
Pudel1  89   1   2   1   1  21   1   1   1   1 BWL   2  34   6 736   6   1
Pudel1  89   1   2   1   1  21   1   1   1   1 BWL   2  35   5 879   5   1
Pudel1  89   1   2   1   1  21   1   1   1   1 BWL   2  36   1 690   1   1
Pudel1  89   1   2   1   1  21   1   1   1   1 BWL   2  37   6 653   6   1
Pudel1  89   1   2   1   1  21   1   1   1   1 BWL   2  38   4 892   4   1
Pudel1  89   1   2   1   1  21   1   1   1   1 BWL   2  39   3 779   3   1
Pudel1  89   1   2   1   1  21   1   1   1   1 BWL   2  40   1 764   1   1
Pudel1  89   1   2   1   1  21   1   1   1   1 BWL   2  41   6 650   6   1
Pudel1  89   1   2   1   1  21   1   1   1   1 BWL   2  42   2 821   2   1
Pudel1  89   1   2   1   1  21   1   1   1   1 BWL   2  43   5 651   5   1
Pudel1  89   1   2   1   1  21   1   1   1   1 BWL   2  44   6 865   6   1
Pudel1  89   1   2   1   1  21   1   1   1   1 BWL   2  45   1 575   1   1
Pudel1  89   1   2   1   1  21   1   1   1   1 BWL   2  46   4 809   4   1
Pudel1  89   1   2   1   1  21   1   1   1   1 BWL   2  47   3 563   3   1
Pudel1  89   1   2   1   1  21   1   1   1   1 BWL   2  48   1 777   1   1
Pudel1  89   1   2   1   1  21   1   1   1   1 BWL   2  49   6 551   6   1
Pudel1  89   1   2   1   1  21   1   1   1   1 BWL   2  50   5 606   5   1
Pudel1  89   1   2   1   1  21   1   1   1   1 BWL   2  51   3 979   3   1
Pudel1  89   1   2   1   1  21   1   1   1   1 BWL   2  52   1 822   1   1
Pudel1  89   1   2   1   1  21   1   1   1   1 BWL   2  53   4 853   4   1
Pudel1  89   1   2   1   1  21   1   1   1   1 BWL   2  54   6 792   6   1
Pudel1  89   1   2   1   1  21   1   1   1   1 BWL   2  55   2 922   2   1
Pudel1  89   1   2   1   1  21   1   1   1   1 BWL   2  56   1 549   1   1
Pudel1  89   1   2   1   1  21   1   1   1   1 BWL   2  57   3 938   3   1
Pudel1  89   1   2   1   1  21   1   1   1   1 BWL   2  58   4 1008   4   1
Pudel1  89   1   2   1   1  21   1   1   1   1 BWL   2  59   6 823   6   1
Pudel1  89   1   2   1   1  21   1   1   1   1 BWL   2  60   5 835   5   1
Pudel1  89   1   2   1   1  21   1   1   1   1 BWL   2  61   1 748   1   1
Pudel1  89   1   2   1   1  21   1   1   1   1 BWL   2  62   2 993   2   1
Pudel1  89   1   2   1   1  21   1   1   1   1 BWL   2  63   6 1024   6   1
Pudel1  89   1   2   1   1  21   1   1   1   1 BWL   2  64   1 892   1   1
Pudel1  89   1   2   1   1  21   1   1   1   1 BWL   2  65   4 794   4   1
Pudel1  89   1   2   1   1  21   1   1   1   1 BWL   2  66   6 795   6   1
Pudel1  89   1   2   1   1  21   1   1   1   1 BWL   2  67   1 562   1   1
Pudel1  89   1   2   1   1  21   1   1   1   1 BWL   2  68   2 950   2   1
Pudel1  89   1   2   1   1  21   1   1   1   1 BWL   2  69   6 737   6   1
Pudel1  89   1   2   1   1  21   1   1   1   1 BWL   2  70   5 823   5   1
Pudel1  89   1   2   1   1  21   1   1   1   1 BWL   2  71   1 704   1   1
Pudel1  89   1   2   1   1  21   1   1   1   1 BWL   2  72   3 923   3   1
Pudel1  89   1   2   1   1  21   1   1   1   1 BWL   2  73   2 736   2   1
Pudel1  89   1   2   1   1  21   1   1   1   1 BWL   2  74   1 592   1   1
Pudel1  89   1   2   1   1  21   1   1   1   1 BWL   2  75   6 780   6   1
Pudel1  89   1   2   1   1  21   1   1   1   1 BWL   2  76   4 721   4   1
Pudel1  89   1   2   1   1  21   1   1   1   1 BWL   2  77   5 535   5   1
Pudel1  89   1   2   1   1  21   1   1   1   1 BWL   2  78   3 747   3   1
Pudel1  89   1   2   1   1  21   1   1   1   1 BWL   2  79   1 635   1   1
Pudel1  89   1   2   1   1  21   1   1   1   1 BWL   2  80   6 695   6   1
Pudel1  89   1   2   1   1  21   1   1   1   1 BWL   2  81   2 605   2   1
Pudel1  89   1   2   1   1  21   1   1   1   1 BWL   2  82   5 622   5   1
Pudel1  89   1   2   1   1  21   1   1   1   1 BWL   2  83   1 662   1   1
Pudel1  89   1   2   1   1  21   1   1   1   1 BWL   2  84   6 607   6   1
Pudel1  89   1   2   1   1  21   1   1   1   1 BWL   2  85   4 807   4   1
Pudel1  89   1   2   1   1  21   1   1   1   1 BWL   2  86   1 706   1   1
Pudel1  89   1   2   1   1  21   1   1   1   1 BWL   2  87   6 667   6   1
Pudel1  89   1   2   1   1  21   1   1   1   1 BWL   2  88   3 892   3   1
Pudel1  89   1   2   1   1  21   1   1   1   1 BWL   2  89   5 751   4   0
Pudel1  89   1   2   1   1  21   1   1   1   1 BWL   2  90   6 751   6   1
Pudel1  89   1   2   1   1  21   1   1   1   1 BWL   2  91   1 735   1   1
Pudel1  89   1   2   1   1  21   1   1   1   1 BWL   2  92   5 1082   5   1
Pudel1  89   1   2   1   1  21   1   1   1   1 BWL   2  93   6 808   6   1
Pudel1  89   1   2   1   1  21   1   1   1   1 BWL   2  94   3 878   3   1
Pudel1  89   1   2   1   1  21   1   1   1   1 BWL   2  95   1 721   1   1
Pudel1  89   1   2   1   1  21   1   1   1   1 BWL   2  96   2 806   2   1
Pudel1  89   1   2   1   1  21   1   1   1   1 BWL   2  97   6 737   6   1
Pudel1  89   1   2   1   1  21   1   1   1   1 BWL   2  98   1 835   1   1
Pudel1  89   1   2   1   1  21   1   1   1   1 BWL   2  99   3 794   3   1
Pudel1  89   1   2   1   1  21   1   1   1   1 BWL   2 100   6 880   6   1
Pudel1  89   1   2   1   1  21   1   1   1   1 BWL   2 101   4 851   4   1
Pudel1  89   1   2   1   1  21   1   1   1   1 BWL   2 102   5 692   5   1
Pudel1  89   1   2   1   1  21   1   1   1   1 BWL   2 103   1 633   1   1
Pudel1  89   1   2   1   1  21   1   1   1   1 BWL   2 104   2 793   2   1
Pudel1  89   1   2   1   1  21   1   1   1   1 BWL   2 105   5 1197   5   1
Pudel1  89   1   2   1   1  21   1   1   1   1 BWL   2 106   6 736   6   1
Pudel1  89   1   2   1   1  21   1   1   1   1 BWL   2 107   1 733   1   1
Pudel1  89   1   2   1   1  21   1   1   1   1 BWL   2 108   4 1010   4   1
Pudel1  89   1   2   1   1  21   1   1   1   1 BWL   2 109   6 665   6   1
Pudel1  89   1   2   1   1  21   1   1   1   1 BWL   2 110   1 690   1   1
Pudel1  89   1   2   1   1  21   1   1   1   1 BWL   2 111   2 808   2   1
Pudel1  89   1   2   1   1  21   1   1   1   1 BWL   2 112   3 594   3   1
Pudel1  89   1   2   1   1  21   1   1   1   1 BWL   2 113   6 708   6   1
Pudel1  89   1   2   1   1  21   1   1   1   1 BWL   2 114   1 734   1   1
Pudel1  89   1   2   1   1  21   1   1   1   1 BWL   2 115   3 1010   3   1
Pudel1  89   1   2   1   1  21   1   1   1   1 BWL   2 116   5 938   5   1
Pudel1  89   1   2   1   1  21   1   1   1   1 BWL   2 117   4 792   4   1
Pudel1  89   1   2   1   1  21   1   1   1   1 BWL   2 118   6 562   6   1
Pudel1  89   1   2   1   1  21   1   1   1   1 BWL   2 119   1 705   1   1
Pudel1  89   1   2   1   1  21   1   1   1   1 BWL   2 120   2 549   2   1
Pudel1  89   1   2   1   1  21   1   1   1   1 BWL   2 121   3 579   3   1
Pudel1  89   1   2   1   1  21   1   1   1   1 BWL   2 122   6 593   6   1
Pudel1  89   1   2   1   1  21   1   1   1   1 BWL   2 123   2 963   2   1
Pudel1  89   1   2   1   1  21   1   1   1   1 BWL   2 124   4 866   4   1
Pudel1  89   1   2   1   1  21   1   1   1   1 BWL   2 125   1 677   1   1
Pudel1  89   1   2   1   1  21   1   1   1   1 BWL   2 126   5 967   5   1
Pudel1  89   1   2   1   1  21   1   1   1   1 BWL   2 127   6 808   6   1
Pudel1  89   1   2   1   1  21   1   1   1   1 BWL   2 128   1 734   1   1
Pudel1  89   1   2   1   1  21   1   1   1   1 BWL   2 129   2 694   2   1
Pudel1  89   1   2   1   1  21   1   1   1   1 BWL   2 130   6 837   6   1
Pudel1  89   1   2   1   1  21   1   1   1   1 BWL   2 131   1 677   1   1
Pudel1  89   1   2   1   1  21   1   1   1   1 BWL   2 132   3 793   3   1
Pudel1  89   1   2   1   1  21   1   1   1   1 BWL   2 133   5 809   5   1
Pudel1  89   1   2   1   1  21   1   1   1   1 BWL   2 134   1 690   1   1
Pudel1  89   1   2   1   1  21   1   1   1   1 BWL   2 135   6 911   6   1
Pudel1  89   1   2   1   1  21   1   1   1   1 BWL   2 136   4 851   4   1
Pudel1  89   1   2   1   1  21   1   1   1   1 BWL   2 137   1 733   1   1
Pudel1  89   1   2   1   1  21   1   1   1   1 BWL   2 138   6 623   6   1
Pudel1  89   1   2   1   1  21   1   1   1   1 BWL   2 139   3 878   3   1
Pudel1  89   1   2   1   1  21   1   1   1   1 BWL   2 140   5 807   5   1
Pudel1  89   1   2   1   1  21   1   1   1   1 BWL   2 141   2 735   2   1
Pudel1  89   1   2   1   1  21   1   1   1   1 BWL   2 142   6 636   6   1
Pudel1  89   1   2   1   1  21   1   1   1   1 BWL   2 143   1 532   1   1
Pudel1  89   1   2   1   1  21   1   1   1   1 BWL   2 144   4 635   4   1
Pudel1  89   1   2   1   1  21   1   1   1   1 BWL   3   1   1 690   1   1
Pudel1  89   1   2   1   1  21   1   1   1   1 BWL   3   2   6 536   6   1
Pudel1  89   1   2   1   1  21   1   1   1   1 BWL   3   3   2 691   2   1
Pudel1  89   1   2   1   1  21   1   1   1   1 BWL   3   4   4 794   4   1
Pudel1  89   1   2   1   1  21   1   1   1   1 BWL   3   5   3 808   3   1
Pudel1  89   1   2   1   1  21   1   1   1   1 BWL   3   6   1 676   1   1
Pudel1  89   1   2   1   1  21   1   1   1   1 BWL   3   7   6 565   6   1
Pudel1  89   1   2   1   1  21   1   1   1   1 BWL   3   8   5 678   5   1
Pudel1  89   1   2   1   1  21   1   1   1   1 BWL   3   9   1 719   1   1
Pudel1  89   1   2   1   1  21   1   1   1   1 BWL   3  10   6 709   6   1
Pudel1  89   1   2   1   1  21   1   1   1   1 BWL   3  11   2 807   2   1
Pudel1  89   1   2   1   1  21   1   1   1   1 BWL   3  12   3 894   3   1
Pudel1  89   1   2   1   1  21   1   1   1   1 BWL   3  13   5 839   5   1
Pudel1  89   1   2   1   1  21   1   1   1   1 BWL   3  14   1 604   1   1
Pudel1  89   1   2   1   1  21   1   1   1   1 BWL   3  15   4 808   4   1
Pudel1  89   1   2   1   1  21   1   1   1   1 BWL   3  16   6 694   6   1
Pudel1  89   1   2   1   1  21   1   1   1   1 BWL   3  17   1 577   1   1
Pudel1  89   1   2   1   1  21   1   1   1   1 BWL   3  18   2 736   2   1
Pudel1  89   1   2   1   1  21   1   1   1   1 BWL   3  19   5 766   5   1
Pudel1  89   1   2   1   1  21   1   1   1   1 BWL   3  20   6 837   6   1
Pudel1  89   1   2   1   1  21   1   1   1   1 BWL   3  21   3 863   3   1
Pudel1  89   1   2   1   1  21   1   1   1   1 BWL   3  22   4 592   4   1
Pudel1  89   1   2   1   1  21   1   1   1   1 BWL   3  23   6 638   6   1
Pudel1  89   1   2   1   1  21   1   1   1   1 BWL   3  24   1 545   1   1
Pudel1  89   1   2   1   1  21   1   1   1   1 BWL   3  25   5 739   5   1
Pudel1  89   1   2   1   1  21   1   1   1   1 BWL   3  26   6 720   6   1
Pudel1  89   1   2   1   1  21   1   1   1   1 BWL   3  27   3 950   3   1
Pudel1  89   1   2   1   1  21   1   1   1   1 BWL   3  28   2 679   2   1
Pudel1  89   1   2   1   1  21   1   1   1   1 BWL   3  29   1 591   1   1
Pudel1  89   1   2   1   1  21   1   1   1   1 BWL   3  30   4 695   4   1
Pudel1  89   1   2   1   1  21   1   1   1   1 BWL   3  31   6 693   6   1
Pudel1  89   1   2   1   1  21   1   1   1   1 BWL   3  32   1 677   1   1
Pudel1  89   1   2   1   1  21   1   1   1   1 BWL   3  33   2 707   2   1
Pudel1  89   1   2   1   1  21   1   1   1   1 BWL   3  34   6 723   6   1
Pudel1  89   1   2   1   1  21   1   1   1   1 BWL   3  35   5 807   5   1
Pudel1  89   1   2   1   1  21   1   1   1   1 BWL   3  36   1 675   1   1
Pudel1  89   1   2   1   1  21   1   1   1   1 BWL   3  37   6 595   6   1
Pudel1  89   1   2   1   1  21   1   1   1   1 BWL   3  38   4 908   4   1
Pudel1  89   1   2   1   1  21   1   1   1   1 BWL   3  39   3 735   3   1
Pudel1  89   1   2   1   1  21   1   1   1   1 BWL   3  40   1 733   1   1
Pudel1  89   1   2   1   1  21   1   1   1   1 BWL   3  41   6 537   6   1
Pudel1  89   1   2   1   1  21   1   1   1   1 BWL   3  42   2 820   2   1
Pudel1  89   1   2   1   1  21   1   1   1   1 BWL   3  43   5 665   5   1
Pudel1  89   1   2   1   1  21   1   1   1   1 BWL   3  44   6 649   6   1
Pudel1  89   1   2   1   1  21   1   1   1   1 BWL   3  45   1 533   1   1
Pudel1  89   1   2   1   1  21   1   1   1   1 BWL   3  46   4 793   4   1
Pudel1  89   1   2   1   1  21   1   1   1   1 BWL   3  47   3 893   3   1
Pudel1  89   1   2   1   1  21   1   1   1   1 BWL   3  48   1 664   1   1
Pudel1  89   1   2   1   1  21   1   1   1   1 BWL   3  49   6 521   6   1
Pudel1  89   1   2   1   1  21   1   1   1   1 BWL   3  50   6 793   5   0
Pudel1  89   1   2   1   1  21   1   1   1   1 BWL   3  51   3 1326   3   1
Pudel1  89   1   2   1   1  21   1   1   1   1 BWL   3  52   1 663   1   1
Pudel1  89   1   2   1   1  21   1   1   1   1 BWL   3  53   4 967   4   1
Pudel1  89   1   2   1   1  21   1   1   1   1 BWL   3  54   6 678   6   1
Pudel1  89   1   2   1   1  21   1   1   1   1 BWL   3  55   2 778   2   1
Pudel1  89   1   2   1   1  21   1   1   1   1 BWL   3  56   1 677   1   1
Pudel1  89   1   2   1   1  21   1   1   1   1 BWL   3  57   3 709   3   1
Pudel1  89   1   2   1   1  21   1   1   1   1 BWL   3  58   4 851   4   1
Pudel1  89   1   2   1   1  21   1   1   1   1 BWL   3  59   6 678   6   1
Pudel1  89   1   2   1   1  21   1   1   1   1 BWL   3  60   5 894   5   1
Pudel1  89   1   2   1   1  21   1   1   1   1 BWL   3  61   1 750   1   1
Pudel1  89   1   2   1   1  21   1   1   1   1 BWL   3  62   2 764   2   1
Pudel1  89   1   2   1   1  21   1   1   1   1 BWL   3  63   6 809   6   1
Pudel1  89   1   2   1   1  21   1   1   1   1 BWL   3  64   1 677   1   1
Pudel1  89   1   2   1   1  21   1   1   1   1 BWL   3  65   4 995   4   1
Pudel1  89   1   2   1   1  21   1   1   1   1 BWL   3  66   6 794   6   1
Pudel1  89   1   2   1   1  21   1   1   1   1 BWL   3  67   1 647   1   1
Pudel1  89   1   2   1   1  21   1   1   1   1 BWL   3  68   2 1024   2   1
Pudel1  89   1   2   1   1  21   1   1   1   1 BWL   3  69   6 881   6   1
Pudel1  89   1   2   1   1  21   1   1   1   1 BWL   3  70   5 821   5   1
Pudel1  89   1   2   1   1  21   1   1   1   1 BWL   3  71   1 648   1   1
Pudel1  89   1   2   1   1  21   1   1   1   1 BWL   3  72   3 923   3   1
Pudel1  89   1   2   1   1  21   1   1   1   1 BWL   3  73   2 777   2   1
Pudel1  89   1   2   1   1  21   1   1   1   1 BWL   3  74   1 923   1   1
Pudel1  89   1   2   1   1  21   1   1   1   1 BWL   3  75   6 780   6   1
Pudel1  89   1   2   1   1  21   1   1   1   1 BWL   3  76   4 678   4   1
Pudel1  89   1   2   1   1  21   1   1   1   1 BWL   3  77   5 521   5   1
Pudel1  89   1   2   1   1  21   1   1   1   1 BWL   3  78   3 851   3   1
Pudel1  89   1   2   1   1  21   1   1   1   1 BWL   3  79   1 807   1   1
Pudel1  89   1   2   1   1  21   1   1   1   1 BWL   3  80   6 722   6   1
Pudel1  89   1   2   1   1  21   1   1   1   1 BWL   3  81   2 821   2   1
Pudel1  89   1   2   1   1  21   1   1   1   1 BWL   3  82   5 622   5   1
Pudel1  89   1   2   1   1  21   1   1   1   1 BWL   3  83   1 749   1   1
Pudel1  89   1   2   1   1  21   1   1   1   1 BWL   3  84   6 551   6   1
Pudel1  89   1   2   1   1  21   1   1   1   1 BWL   3  85   4 1051   4   1
Pudel1  89   1   2   1   1  21   1   1   1   1 BWL   3  86   1 750   1   1
Pudel1  89   1   2   1   1  21   1   1   1   1 BWL   3  87   6 637   6   1
Pudel1  89   1   2   1   1  21   1   1   1   1 BWL   3  88   3 821   3   1
Pudel1  89   1   2   1   1  21   1   1   1   1 BWL   3  89   4 809   4   1
Pudel1  89   1   2   1   1  21   1   1   1   1 BWL   3  90   6 592   6   1
Pudel1  89   1   2   1   1  21   1   1   1   1 BWL   3  91   1 532   1   1
Pudel1  89   1   2   1   1  21   1   1   1   1 BWL   3  92   5 924   5   1
Pudel1  89   1   2   1   1  21   1   1   1   1 BWL   3  93   6 750   6   1
Pudel1  89   1   2   1   1  21   1   1   1   1 BWL   3  94   3 907   3   1
Pudel1  89   1   2   1   1  21   1   1   1   1 BWL   3  95   1 708   1   1
Pudel1  89   1   2   1   1  21   1   1   1   1 BWL   3  96   2 765   2   1
Pudel1  89   1   2   1   1  21   1   1   1   1 BWL   3  97   6 839   6   1
Pudel1  89   1   2   1   1  21   1   1   1   1 BWL   3  98   1 746   1   1
Pudel1  89   1   2   1   1  21   1   1   1   1 BWL   3  99   3 880   3   1
Pudel1  89   1   2   1   1  21   1   1   1   1 BWL   3 100   6 694   6   1
Pudel1  89   1   2   1   1  21   1   1   1   1 BWL   3 101   4 1197   4   1
Pudel1  89   1   2   1   1  21   1   1   1   1 BWL   3 102   5 965   5   1
Pudel1  89   1   2   1   1  21   1   1   1   1 BWL   3 103   1 807   1   1
Pudel1  89   1   2   1   1  21   1   1   1   1 BWL   3 104   2 794   2   1
Pudel1  89   1   2   1   1  21   1   1   1   1 BWL   3 105   5 852   5   1
Pudel1  89   1   2   1   1  21   1   1   1   1 BWL   3 106   6 635   6   1
Pudel1  89   1   2   1   1  21   1   1   1   1 BWL   3 107   1 734   1   1
Pudel1  89   1   2   1   1  21   1   1   1   1 BWL   3 108   4 1140   4   1
Pudel1  89   1   2   1   1  21   1   1   1   1 BWL   3 109   6 909   6   1
Pudel1  89   1   2   1   1  21   1   1   1   1 BWL   3 110   1 735   1   1
Pudel1  89   1   2   1   1  21   1   1   1   1 BWL   3 111   2 749   2   1
Pudel1  89   1   2   1   1  21   1   1   1   1 BWL   3 112   3 650   3   1
Pudel1  89   1   2   1   1  21   1   1   1   1 BWL   3 113   6 1239   6   1
Pudel1  89   1   2   1   1  21   1   1   1   1 BWL   3 114   1 791   1   1
Pudel1  89   1   2   1   1  21   1   1   1   1 BWL   3 115   3 980   3   1
Pudel1  89   1   2   1   1  21   1   1   1   1 BWL   3 116   5 1096   5   1
Pudel1  89   1   2   1   1  21   1   1   1   1 BWL   3 117   4 1095   4   1
Pudel1  89   1   2   1   1  21   1   1   1   1 BWL   3 118   6 693   6   1
Pudel1  89   1   2   1   1  21   1   1   1   1 BWL   3 119   1 705   1   1
Pudel1  89   1   2   1   1  21   1   1   1   1 BWL   3 120   2 535   2   1
Pudel1  89   1   2   1   1  21   1   1   1   1 BWL   3 121   3 577   3   1
Pudel1  89   1   2   1   1  21   1   1   1   1 BWL   3 122   6 636   6   1
Pudel1  89   1   2   1   1  21   1   1   1   1 BWL   3 123   2 966   2   1
Pudel1  89   1   2   1   1  21   1   1   1   1 BWL   3 124   4 936   4   1
Pudel1  89   1   2   1   1  21   1   1   1   1 BWL   3 125   1 762   1   1
Pudel1  89   1   2   1   1  21   1   1   1   1 BWL   3 126   5 968   5   1
Pudel1  89   1   2   1   1  21   1   1   1   1 BWL   3 127   6 821   6   1
Pudel1  89   1   2   1   1  21   1   1   1   1 BWL   3 128   1 706   1   1
Pudel1  89   1   2   1   1  21   1   1   1   1 BWL   3 129   2 708   2   1
Pudel1  89   1   2   1   1  21   1   1   1   1 BWL   3 130   6 780   6   1
Pudel1  89   1   2   1   1  21   1   1   1   1 BWL   3 131   1 776   1   1
Pudel1  89   1   2   1   1  21   1   1   1   1 BWL   3 132   3 780   3   1
Pudel1  89   1   2   1   1  21   1   1   1   1 BWL   3 133   5 722   5   1
Pudel1  89   1   2   1   1  21   1   1   1   1 BWL   3 134   1 691   1   1
Pudel1  89   1   2   1   1  21   1   1   1   1 BWL   3 135   6 723   6   1
Pudel1  89   1   2   1   1  21   1   1   1   1 BWL   3 136   4 834   4   1
Pudel1  89   1   2   1   1  21   1   1   1   1 BWL   3 137   1 605   1   1
Pudel1  89   1   2   1   1  21   1   1   1   1 BWL   3 138   6 794   6   1
Pudel1  89   1   2   1   1  21   1   1   1   1 BWL   3 139   3 1310   3   1
Pudel1  89   1   2   1   1  21   1   1   1   1 BWL   3 140   5 852   5   1
Pudel1  89   1   2   1   1  21   1   1   1   1 BWL   3 141   2 706   2   1
Pudel1  89   1   2   1   1  21   1   1   1   1 BWL   3 142   6 780   6   1
Pudel1  89   1   2   1   1  21   1   1   1   1 BWL   3 143   1 620   1   1
Pudel1  89   1   2   1   1  21   1   1   1   1 BWL   3 144   4 966   4   1
Pudel1  89   1   2   1   1  21   1   1   1   1 BWL   4   1   1 675   1   1
Pudel1  89   1   2   1   1  21   1   1   1   1 BWL   4   2   6 551   6   1
Pudel1  89   1   2   1   1  21   1   1   1   1 BWL   4   3   2 662   2   1
Pudel1  89   1   2   1   1  21   1   1   1   1 BWL   4   4   4 879   4   1
Pudel1  89   1   2   1   1  21   1   1   1   1 BWL   4   5   3 809   3   1
Pudel1  89   1   2   1   1  21   1   1   1   1 BWL   4   6   1 647   1   1
Pudel1  89   1   2   1   1  21   1   1   1   1 BWL   4   7   6 565   6   1
Pudel1  89   1   2   1   1  21   1   1   1   1 BWL   4   8   5 720   5   1
Pudel1  89   1   2   1   1  21   1   1   1   1 BWL   4   9   1 778   1   1
Pudel1  89   1   2   1   1  21   1   1   1   1 BWL   4  10   6 623   6   1
Pudel1  89   1   2   1   1  21   1   1   1   1 BWL   4  11   2 735   2   1
Pudel1  89   1   2   1   1  21   1   1   1   1 BWL   4  12   3 866   3   1
Pudel1  89   1   2   1   1  21   1   1   1   1 BWL   4  13   5 751   5   1
Pudel1  89   1   2   1   1  21   1   1   1   1 BWL   4  14   1 704   1   1
Pudel1  89   1   2   1   1  21   1   1   1   1 BWL   4  15   4 766   4   1
Pudel1  89   1   2   1   1  21   1   1   1   1 BWL   4  16   6 593   6   1
Pudel1  89   1   2   1   1  21   1   1   1   1 BWL   4  17   1 575   1   1
Pudel1  89   1   2   1   1  21   1   1   1   1 BWL   4  18   2 837   2   1
Pudel1  89   1   2   1   1  21   1   1   1   1 BWL   4  19   5 839   5   1
Pudel1  89   1   2   1   1  21   1   1   1   1 BWL   4  20   6 793   6   1
Pudel1  89   1   2   1   1  21   1   1   1   1 BWL   4  21   3 893   3   1
Pudel1  89   1   2   1   1  21   1   1   1   1 BWL   4  22   4 1210   4   1
Pudel1  89   1   2   1   1  21   1   1   1   1 BWL   4  23   6 721   6   1
Pudel1  89   1   2   1   1  21   1   1   1   1 BWL   4  24   1 563   1   1
Pudel1  89   1   2   1   1  21   1   1   1   1 BWL   4  25   5 722   5   1
Pudel1  89   1   2   1   1  21   1   1   1   1 BWL   4  26   6 779   6   1
Pudel1  89   1   2   1   1  21   1   1   1   1 BWL   4  27   3 822   3   1
Pudel1  89   1   2   1   1  21   1   1   1   1 BWL   4  28   2 649   2   1
Pudel1  89   1   2   1   1  21   1   1   1   1 BWL   4  29   1 606   1   1
Pudel1  89   1   2   1   1  21   1   1   1   1 BWL   4  30   4 795   4   1
Pudel1  89   1   2   1   1  21   1   1   1   1 BWL   4  31   6 635   6   1
Pudel1  89   1   2   1   1  21   1   1   1   1 BWL   4  32   1 705   1   1
Pudel1  89   1   2   1   1  21   1   1   1   1 BWL   4  33   2 722   2   1
Pudel1  89   1   2   1   1  21   1   1   1   1 BWL   4  34   6 708   6   1
Pudel1  89   1   2   1   1  21   1   1   1   1 BWL   4  35   5 737   5   1
Pudel1  89   1   2   1   1  21   1   1   1   1 BWL   4  36   1 649   1   1
Pudel1  89   1   2   1   1  21   1   1   1   1 BWL   4  37   6 623   6   1
Pudel1  89   1   2   1   1  21   1   1   1   1 BWL   4  38   4 864   4   1
Pudel1  89   1   2   1   1  21   1   1   1   1 BWL   4  39   3 793   3   1
Pudel1  89   1   2   1   1  21   1   1   1   1 BWL   4  40   1 706   1   1
Pudel1  89   1   2   1   1  21   1   1   1   1 BWL   4  41   6 679   6   1
Pudel1  89   1   2   1   1  21   1   1   1   1 BWL   4  42   2 778   2   1
Pudel1  89   1   2   1   1  21   1   1   1   1 BWL   4  43   5 796   5   1
Pudel1  89   1   2   1   1  21   1   1   1   1 BWL   4  44   6 664   6   1
Pudel1  89   1   2   1   1  21   1   1   1   1 BWL   4  45   1 604   1   1
Pudel1  89   1   2   1   1  21   1   1   1   1 BWL   4  46   4 1169   4   1
Pudel1  89   1   2   1   1  21   1   1   1   1 BWL   4  47   3 894   3   1
Pudel1  89   1   2   1   1  21   1   1   1   1 BWL   4  48   1 735   1   1
Pudel1  89   1   2   1   1  21   1   1   1   1 BWL   4  49   6 696   6   1
Pudel1  89   1   2   1   1  21   1   1   1   1 BWL   4  50   5 808   5   1
Pudel1  89   1   2   1   1  21   1   1   1   1 BWL   4  51   3 1166   3   1
Pudel1  89   1   2   1   1  21   1   1   1   1 BWL   4  52   1 749   1   1
Pudel1  89   1   2   1   1  21   1   1   1   1 BWL   4  53   4 721   4   1
Pudel1  89   1   2   1   1  21   1   1   1   1 BWL   4  54   6 723   6   1
Pudel1  89   1   2   1   1  21   1   1   1   1 BWL   4  55   2 836   2   1
Pudel1  89   1   2   1   1  21   1   1   1   1 BWL   4  56   1 676   1   1
Pudel1  89   1   2   1   1  21   1   1   1   1 BWL   4  57   3 867   3   1
Pudel1  89   1   2   1   1  21   1   1   1   1 BWL   4  58   4 695   4   1
Pudel1  89   1   2   1   1  21   1   1   1   1 BWL   4  59   6 677   6   1
Pudel1  89   1   2   1   1  21   1   1   1   1 BWL   4  60   5 822   5   1
Pudel1  89   1   2   1   1  21   1   1   1   1 BWL   4  61   1 663   1   1
Pudel1  89   1   2   1   1  21   1   1   1   1 BWL   4  62   2 707   2   1
Pudel1  89   1   2   1   1  21   1   1   1   1 BWL   4  63   6 781   6   1
Pudel1  89   1   2   1   1  21   1   1   1   1 BWL   4  64   1 720   1   1
Pudel1  89   1   2   1   1  21   1   1   1   1 BWL   4  65   4 1112   4   1
Pudel1  89   1   2   1   1  21   1   1   1   1 BWL   4  66   6 593   6   1
Pudel1  89   1   2   1   1  21   1   1   1   1 BWL   4  67   1 619   1   1
Pudel1  89   1   2   1   1  21   1   1   1   1 BWL   4  68   2 780   2   1
Pudel1  89   1   2   1   1  21   1   1   1   1 BWL   4  69   6 765   6   1
Pudel1  89   1   2   1   1  21   1   1   1   1 BWL   4  70   5 837   5   1
Pudel1  89   1   2   1   1  21   1   1   1   1 BWL   4  71   1 677   1   1
Pudel1  89   1   2   1   1  21   1   1   1   1 BWL   4  72   3 894   3   1
Pudel1  89   1   2   1   1  21   1   1   1   1 BWL   4  73   2 735   2   1
Pudel1  89   1   2   1   1  21   1   1   1   1 BWL   4  74   1 593   1   1
Pudel1  89   1   2   1   1  21   1   1   1   1 BWL   4  75   6 752   6   1
Pudel1  89   1   2   1   1  21   1   1   1   1 BWL   4  76   4 647   4   1
Pudel1  89   1   2   1   1  21   1   1   1   1 BWL   4  77   5 537   5   1
Pudel1  89   1   2   1   1  21   1   1   1   1 BWL   4  78   3 648   3   1
Pudel1  89   1   2   1   1  21   1   1   1   1 BWL   4  79   1 704   1   1
Pudel1  89   1   2   1   1  21   1   1   1   1 BWL   4  80   6 709   6   1
Pudel1  89   1   2   1   1  21   1   1   1   1 BWL   4  81   2 737   2   1
Pudel1  89   1   2   1   1  21   1   1   1   1 BWL   4  82   5 620   5   1
Pudel1  89   1   2   1   1  21   1   1   1   1 BWL   4  83   1 676   1   1
Pudel1  89   1   2   1   1  21   1   1   1   1 BWL   4  84   6 623   6   1
Pudel1  89   1   2   1   1  21   1   1   1   1 BWL   4  85   3 864   4   0
Pudel1  89   1   2   1   1  21   1   1   1   1 BWL   4  86   1 780   1   1
Pudel1  89   1   2   1   1  21   1   1   1   1 BWL   4  87   6 622   6   1
Pudel1  89   1   2   1   1  21   1   1   1   1 BWL   4  88   3 877   3   1
Pudel1  89   1   2   1   1  21   1   1   1   1 BWL   4  89   4 836   4   1
Pudel1  89   1   2   1   1  21   1   1   1   1 BWL   4  90   6 752   6   1
Pudel1  89   1   2   1   1  21   1   1   1   1 BWL   4  91   1 747   1   1
Pudel1  89   1   2   1   1  21   1   1   1   1 BWL   4  92   5 839   5   1
Pudel1  89   1   2   1   1  21   1   1   1   1 BWL   4  93   6 822   6   1
Pudel1  89   1   2   1   1  21   1   1   1   1 BWL   4  94   3 878   3   1
Pudel1  89   1   2   1   1  21   1   1   1   1 BWL   4  95   1 834   1   1
Pudel1  89   1   2   1   1  21   1   1   1   1 BWL   4  96   2 651   2   1
Pudel1  89   1   2   1   1  21   1   1   1   1 BWL   4  97   6 721   6   1
Pudel1  89   1   2   1   1  21   1   1   1   1 BWL   4  98   1 792   1   1
Pudel1  89   1   2   1   1  21   1   1   1   1 BWL   4  99   3 852   3   1
Pudel1  89   1   2   1   1  21   1   1   1   1 BWL   4 100   6 751   6   1
Pudel1  89   1   2   1   1  21   1   1   1   1 BWL   4 101   4 647   4   1
Pudel1  89   1   2   1   1  21   1   1   1   1 BWL   4 102   5 651   5   1
Pudel1  89   1   2   1   1  21   1   1   1   1 BWL   4 103   1 691   1   1
Pudel1  89   1   2   1   1  21   1   1   1   1 BWL   4 104   2 738   2   1
Pudel1  89   1   2   1   1  21   1   1   1   1 BWL   4 105   5 851   5   1
Pudel1  89   1   2   1   1  21   1   1   1   1 BWL   4 106   6 635   6   1
Pudel1  89   1   2   1   1  21   1   1   1   1 BWL   4 107   1 677   1   1
Pudel1  89   1   2   1   1  21   1   1   1   1 BWL   4 108   4 981   4   1
Pudel1  89   1   2   1   1  21   1   1   1   1 BWL   4 109   6 894   6   1
Pudel1  89   1   2   1   1  21   1   1   1   1 BWL   4 110   1 590   1   1
Pudel1  89   1   2   1   1  21   1   1   1   1 BWL   4 111   2 996   2   1
Pudel1  89   1   2   1   1  21   1   1   1   1 BWL   4 112   3 737   3   1
Pudel1  89   1   2   1   1  21   1   1   1   1 BWL   4 113   6 607   6   1
Pudel1  89   1   2   1   1  21   1   1   1   1 BWL   4 114   1 733   1   1
Pudel1  89   1   2   1   1  21   1   1   1   1 BWL   4 115   3 765   3   1
Pudel1  89   1   2   1   1  21   1   1   1   1 BWL   4 116   5 766   5   1
Pudel1  89   1   2   1   1  21   1   1   1   1 BWL   4 117   4 618   4   1
Pudel1  89   1   2   1   1  21   1   1   1   1 BWL   4 118   6 565   6   1
Pudel1  89   1   2   1   1  21   1   1   1   1 BWL   4 119   1 647   1   1
Pudel1  89   1   2   1   1  21   1   1   1   1 BWL   4 120   2 750   2   1
Pudel1  89   1   2   1   1  21   1   1   1   1 BWL   4 121   3 549   3   1
Pudel1  89   1   2   1   1  21   1   1   1   1 BWL   4 122   6 549   6   1
Pudel1  89   1   2   1   1  21   1   1   1   1 BWL   4 123   2 851   2   1
Pudel1  89   1   2   1   1  21   1   1   1   1 BWL   4 124   4 764   4   1
Pudel1  89   1   2   1   1  21   1   1   1   1 BWL   4 125   1 763   1   1
Pudel1  89   1   2   1   1  21   1   1   1   1 BWL   4 126   5 622   5   1
Pudel1  89   1   2   1   1  21   1   1   1   1 BWL   4 127   6 692   6   1
Pudel1  89   1   2   1   1  21   1   1   1   1 BWL   4 128   1 560   1   1
Pudel1  89   1   2   1   1  21   1   1   1   1 BWL   4 129   2 549   2   1
Pudel1  89   1   2   1   1  21   1   1   1   1 BWL   4 130   6 680   6   1
Pudel1  89   1   2   1   1  21   1   1   1   1 BWL   4 131   1 705   1   1
Pudel1  89   1   2   1   1  21   1   1   1   1 BWL   4 132   3 853   3   1
Pudel1  89   1   2   1   1  21   1   1   1   1 BWL   4 133   5 807   5   1
Pudel1  89   1   2   1   1  21   1   1   1   1 BWL   4 134   1 634   1   1
Pudel1  89   1   2   1   1  21   1   1   1   1 BWL   4 135   6 708   6   1
Pudel1  89   1   2   1   1  21   1   1   1   1 BWL   4 136   5 722   4   0
Pudel1  89   1   2   1   1  21   1   1   1   1 BWL   4 137   1 820   1   1
Pudel1  89   1   2   1   1  21   1   1   1   1 BWL   4 138   6 636   6   1
Pudel1  89   1   2   1   1  21   1   1   1   1 BWL   4 139   3 1410   3   1
Pudel1  89   1   2   1   1  21   1   1   1   1 BWL   4 140   5 736   5   1
Pudel1  89   1   2   1   1  21   1   1   1   1 BWL   4 141   2 620   2   1
Pudel1  89   1   2   1   1  21   1   1   1   1 BWL   4 142   6 822   6   1
Pudel1  89   1   2   1   1  21   1   1   1   1 BWL   4 143   1 690   1   1
Pudel1  89   1   2   1   1  21   1   1   1   1 BWL   4 144   4 995   4   1
Pudel1  89   1   2   1   1  21   1   1   1   1 BWL   5   1   1 719   1   1
Pudel1  89   1   2   1   1  21   1   1   1   1 BWL   5   2   6 652   6   1
Pudel1  89   1   2   1   1  21   1   1   1   1 BWL   5   3   2 618   2   1
Pudel1  89   1   2   1   1  21   1   1   1   1 BWL   5   4   4 838   4   1
Pudel1  89   1   2   1   1  21   1   1   1   1 BWL   5   5   3 893   3   1
Pudel1  89   1   2   1   1  21   1   1   1   1 BWL   5   6   1 591   1   1
Pudel1  89   1   2   1   1  21   1   1   1   1 BWL   5   7   6 608   6   1
Pudel1  89   1   2   1   1  21   1   1   1   1 BWL   5   8   5 665   5   1
Pudel1  89   1   2   1   1  21   1   1   1   1 BWL   5   9   1 648   1   1
Pudel1  89   1   2   1   1  21   1   1   1   1 BWL   5  10   6 665   6   1
Pudel1  89   1   2   1   1  21   1   1   1   1 BWL   5  11   2 634   2   1
Pudel1  89   1   2   1   1  21   1   1   1   1 BWL   5  12   3 866   3   1
Pudel1  89   1   2   1   1  21   1   1   1   1 BWL   5  13   5 807   5   1
Pudel1  89   1   2   1   1  21   1   1   1   1 BWL   5  14   1 647   1   1
Pudel1  89   1   2   1   1  21   1   1   1   1 BWL   5  15   4 852   4   1
Pudel1  89   1   2   1   1  21   1   1   1   1 BWL   5  16   6 635   6   1
Pudel1  89   1   2   1   1  21   1   1   1   1 BWL   5  17   1 605   1   1
Pudel1  89   1   2   1   1  21   1   1   1   1 BWL   5  18   2 736   2   1
Pudel1  89   1   2   1   1  21   1   1   1   1 BWL   5  19   5 736   5   1
Pudel1  89   1   2   1   1  21   1   1   1   1 BWL   5  20   6 750   6   1
Pudel1  89   1   2   1   1  21   1   1   1   1 BWL   5  21   3 777   3   1
Pudel1  89   1   2   1   1  21   1   1   1   1 BWL   5  22   4 938   4   1
Pudel1  89   1   2   1   1  21   1   1   1   1 BWL   5  23   6 722   6   1
Pudel1  89   1   2   1   1  21   1   1   1   1 BWL   5  24   1 632   1   1
Pudel1  89   1   2   1   1  21   1   1   1   1 BWL   5  25   5 795   5   1
Pudel1  89   1   2   1   1  21   1   1   1   1 BWL   5  26   6 737   6   1
Pudel1  89   1   2   1   1  21   1   1   1   1 BWL   5  27   3 864   3   1
Pudel1  89   1   2   1   1  21   1   1   1   1 BWL   5  28   2 692   2   1
Pudel1  89   1   2   1   1  21   1   1   1   1 BWL   5  29   1 563   1   1
Pudel1  89   1   2   1   1  21   1   1   1   1 BWL   5  30   4 665   4   1
Pudel1  89   1   2   1   1  21   1   1   1   1 BWL   5  31   6 535   6   1
Pudel1  89   1   2   1   1  21   1   1   1   1 BWL   5  32   1 662   1   1
Pudel1  89   1   2   1   1  21   1   1   1   1 BWL   5  33   2 851   2   1
Pudel1  89   1   2   1   1  21   1   1   1   1 BWL   5  34   6 737   6   1
Pudel1  89   1   2   1   1  21   1   1   1   1 BWL   5  35   5 822   5   1
Pudel1  89   1   2   1   1  21   1   1   1   1 BWL   5  36   1 720   1   1
Pudel1  89   1   2   1   1  21   1   1   1   1 BWL   5  37   6 667   6   1
Pudel1  89   1   2   1   1  21   1   1   1   1 BWL   5  38   4 892   4   1
Pudel1  89   1   2   1   1  21   1   1   1   1 BWL   5  39   3 837   3   1
Pudel1  89   1   2   1   1  21   1   1   1   1 BWL   5  40   1 808   1   1
Pudel1  89   1   2   1   1  21   1   1   1   1 BWL   5  41   6 607   6   1
Pudel1  89   1   2   1   1  21   1   1   1   1 BWL   5  42   2 821   2   1
Pudel1  89   1   2   1   1  21   1   1   1   1 BWL   5  43   5 750   5   1
Pudel1  89   1   2   1   1  21   1   1   1   1 BWL   5  44   6 807   6   1
Pudel1  89   1   2   1   1  21   1   1   1   1 BWL   5  45   1 648   1   1
Pudel1  89   1   2   1   1  21   1   1   1   1 BWL   5  46   4 881   4   1
Pudel1  89   1   2   1   1  21   1   1   1   1 BWL   5  47   3 822   3   1
Pudel1  89   1   2   1   1  21   1   1   1   1 BWL   5  48   1 836   1   1
Pudel1  89   1   2   1   1  21   1   1   1   1 BWL   5  49   6 636   6   1
Pudel1  89   1   2   1   1  21   1   1   1   1 BWL   5  50   5 792   5   1
Pudel1  89   1   2   1   1  21   1   1   1   1 BWL   5  51   3 862   3   1
Pudel1  89   1   2   1   1  21   1   1   1   1 BWL   5  52   1 650   1   1
Pudel1  89   1   2   1   1  21   1   1   1   1 BWL   5  53   4 735   4   1
Pudel1  89   1   2   1   1  21   1   1   1   1 BWL   5  54   6 707   6   1
Pudel1  89   1   2   1   1  21   1   1   1   1 BWL   5  55   2 735   2   1
Pudel1  89   1   2   1   1  21   1   1   1   1 BWL   5  56   1 662   1   1
Pudel1  89   1   2   1   1  21   1   1   1   1 BWL   5  57   3 838   3   1
Pudel1  89   1   2   1   1  21   1   1   1   1 BWL   5  58   4 764   4   1
Pudel1  89   1   2   1   1  21   1   1   1   1 BWL   5  59   6 694   6   1
Pudel1  89   1   2   1   1  21   1   1   1   1 BWL   5  60   5 607   5   1
Pudel1  89   1   2   1   1  21   1   1   1   1 BWL   5  61   1 777   1   1
Pudel1  89   1   2   1   1  21   1   1   1   1 BWL   5  62   2 548   2   1
Pudel1  89   1   2   1   1  21   1   1   1   1 BWL   5  63   6 781   6   1
Pudel1  89   1   2   1   1  21   1   1   1   1 BWL   5  64   1 761   1   1
Pudel1  89   1   2   1   1  21   1   1   1   1 BWL   5  65   4 952   4   1
Pudel1  89   1   2   1   1  21   1   1   1   1 BWL   5  66   6 550   6   1
Pudel1  89   1   2   1   1  21   1   1   1   1 BWL   5  67   1 617   1   1
Pudel1  89   1   2   1   1  21   1   1   1   1 BWL   5  68   2 808   2   1
Pudel1  89   1   2   1   1  21   1   1   1   1 BWL   5  69   6 650   6   1
Pudel1  89   1   2   1   1  21   1   1   1   1 BWL   5  70   4 763   5   0
Pudel1  89   1   2   1   1  21   1   1   1   1 BWL   5  71   1 722   1   1
Pudel1  89   1   2   1   1  21   1   1   1   1 BWL   5  72   3 765   3   1
Pudel1  89   1   2   1   1  21   1   1   1   1 BWL   5  73   2 721   2   1
Pudel1  89   1   2   1   1  21   1   1   1   1 BWL   5  74   1 547   1   1
Pudel1  89   1   2   1   1  21   1   1   1   1 BWL   5  75   6 606   6   1
Pudel1  89   1   2   1   1  21   1   1   1   1 BWL   5  76   4 622   4   1
Pudel1  89   1   2   1   1  21   1   1   1   1 BWL   5  77   5 503   5   1
Pudel1  89   1   2   1   1  21   1   1   1   1 BWL   5  78   3 648   3   1
Pudel1  89   1   2   1   1  21   1   1   1   1 BWL   5  79   1 663   1   1
Pudel1  89   1   2   1   1  21   1   1   1   1 BWL   5  80   6 825   6   1
Pudel1  89   1   2   1   1  21   1   1   1   1 BWL   5  81   2 777   2   1
Pudel1  89   1   2   1   1  21   1   1   1   1 BWL   5  82   5 737   5   1
Pudel1  89   1   2   1   1  21   1   1   1   1 BWL   5  83   1 634   1   1
Pudel1  89   1   2   1   1  21   1   1   1   1 BWL   5  84   6 623   6   1
Pudel1  89   1   2   1   1  21   1   1   1   1 BWL   5  85   4 922   4   1
Pudel1  89   1   2   1   1  21   1   1   1   1 BWL   5  86   1 648   1   1
Pudel1  89   1   2   1   1  21   1   1   1   1 BWL   5  87   6 810   6   1
Pudel1  89   1   2   1   1  21   1   1   1   1 BWL   5  88   3 806   3   1
Pudel1  89   1   2   1   1  21   1   1   1   1 BWL   5  89   4 922   4   1
Pudel1  89   1   2   1   1  21   1   1   1   1 BWL   5  90   6 751   6   1
Pudel1  89   1   2   1   1  21   1   1   1   1 BWL   5  91   1 662   1   1
Pudel1  89   1   2   1   1  21   1   1   1   1 BWL   5  92   5 566   5   1
Pudel1  89   1   2   1   1  21   1   1   1   1 BWL   5  93   6 720   6   1
Pudel1  89   1   2   1   1  21   1   1   1   1 BWL   5  94   3 894   3   1
Pudel1  89   1   2   1   1  21   1   1   1   1 BWL   5  95   1 547   1   1
Pudel1  89   1   2   1   1  21   1   1   1   1 BWL   5  96   2 606   2   1
Pudel1  89   1   2   1   1  21   1   1   1   1 BWL   5  97   6 739   6   1
Pudel1  89   1   2   1   1  21   1   1   1   1 BWL   5  98   1 647   1   1
Pudel1  89   1   2   1   1  21   1   1   1   1 BWL   5  99   3 793   3   1
Pudel1  89   1   2   1   1  21   1   1   1   1 BWL   5 100   6 695   6   1
Pudel1  89   1   2   1   1  21   1   1   1   1 BWL   5 101   4 591   4   1
Pudel1  89   1   2   1   1  21   1   1   1   1 BWL   5 102   5 622   5   1
Pudel1  89   1   2   1   1  21   1   1   1   1 BWL   5 103   1 662   1   1
Pudel1  89   1   2   1   1  21   1   1   1   1 BWL   5 104   2 822   2   1
Pudel1  89   1   2   1   1  21   1   1   1   1 BWL   5 105   5 1009   5   1
Pudel1  89   1   2   1   1  21   1   1   1   1 BWL   5 106   6 606   6   1
Pudel1  89   1   2   1   1  21   1   1   1   1 BWL   5 107   1 706   1   1
Pudel1  89   1   2   1   1  21   1   1   1   1 BWL   5 108   4 968   4   1
Pudel1  89   1   2   1   1  21   1   1   1   1 BWL   5 109   5 605   6   0
Pudel1  89   1   2   1   1  21   1   1   1   1 BWL   5 110   1 750   1   1
Pudel1  89   1   2   1   1  21   1   1   1   1 BWL   5 111   2 793   2   1
Pudel1  89   1   2   1   1  21   1   1   1   1 BWL   5 112   3 550   3   1
Pudel1  89   1   2   1   1  21   1   1   1   1 BWL   5 113   6 564   6   1
Pudel1  89   1   2   1   1  21   1   1   1   1 BWL   5 114   1 776   1   1
Pudel1  89   1   2   1   1  21   1   1   1   1 BWL   5 115   3 908   3   1
Pudel1  89   1   2   1   1  21   1   1   1   1 BWL   5 116   5 752   5   1
Pudel1  89   1   2   1   1  21   1   1   1   1 BWL   5 117   4 591   4   1
Pudel1  89   1   2   1   1  21   1   1   1   1 BWL   5 118   6 592   6   1
Pudel1  89   1   2   1   1  21   1   1   1   1 BWL   5 119   1 590   1   1
Pudel1  89   1   2   1   1  21   1   1   1   1 BWL   5 120   2 723   2   1
Pudel1  89   1   2   1   1  21   1   1   1   1 BWL   5 121   3 548   3   1
Pudel1  89   1   2   1   1  21   1   1   1   1 BWL   5 122   6 608   6   1
Pudel1  89   1   2   1   1  21   1   1   1   1 BWL   5 123   2 879   2   1
Pudel1  89   1   2   1   1  21   1   1   1   1 BWL   5 124   4 807   4   1
Pudel1  89   1   2   1   1  21   1   1   1   1 BWL   5 125   1 792   1   1
Pudel1  89   1   2   1   1  21   1   1   1   1 BWL   5 126   5 736   5   1
Pudel1  89   1   2   1   1  21   1   1   1   1 BWL   5 127   6 577   6   1
Pudel1  89   1   2   1   1  21   1   1   1   1 BWL   5 128   1 562   1   1
Pudel1  89   1   2   1   1  21   1   1   1   1 BWL   5 129   2 693   2   1
Pudel1  89   1   2   1   1  21   1   1   1   1 BWL   5 130   6 736   6   1
Pudel1  89   1   2   1   1  21   1   1   1   1 BWL   5 131   1 733   1   1
Pudel1  89   1   2   1   1  21   1   1   1   1 BWL   5 132   3 968   3   1
Pudel1  89   1   2   1   1  21   1   1   1   1 BWL   5 133   5 836   5   1
Pudel1  89   1   2   1   1  21   1   1   1   1 BWL   5 134   1 820   1   1
Pudel1  89   1   2   1   1  21   1   1   1   1 BWL   5 135   6 839   6   1
Pudel1  89   1   2   1   1  21   1   1   1   1 BWL   5 136   4 979   4   1
Pudel1  89   1   2   1   1  21   1   1   1   1 BWL   5 137   1 692   1   1
Pudel1  89   1   2   1   1  21   1   1   1   1 BWL   5 138   6 680   6   1
Pudel1  89   1   2   1   1  21   1   1   1   1 BWL   5 139   4 893   3   0
Pudel1  89   1   2   1   1  21   1   1   1   1 BWL   5 140   5 867   5   1
Pudel1  89   1   2   1   1  21   1   1   1   1 BWL   5 141   2 706   2   1
Pudel1  89   1   2   1   1  21   1   1   1   1 BWL   5 142   6 693   6   1
Pudel1  89   1   2   1   1  21   1   1   1   1 BWL   5 143   1 634   1   1
Pudel1  89   1   2   1   1  21   1   1   1   1 BWL   5 144   4 967   4   1
Pudel1  89   1   2   1   1  21   1   1   1   1 BWL   6   1   1 704   1   1
Pudel1  89   1   2   1   1  21   1   1   1   1 BWL   6   2   6 649   6   1
Pudel1  89   1   2   1   1  21   1   1   1   1 BWL   6   3   2 634   2   1
Pudel1  89   1   2   1   1  21   1   1   1   1 BWL   6   4   4 908   4   1
Pudel1  89   1   2   1   1  21   1   1   1   1 BWL   6   5   3 766   3   1
Pudel1  89   1   2   1   1  21   1   1   1   1 BWL   6   6   1 862   1   1
Pudel1  89   1   2   1   1  21   1   1   1   1 BWL   6   7   6 537   6   1
Pudel1  89   1   2   1   1  21   1   1   1   1 BWL   6   8   5 721   5   1
Pudel1  89   1   2   1   1  21   1   1   1   1 BWL   6   9   1 748   1   1
Pudel1  89   1   2   1   1  21   1   1   1   1 BWL   6  10   6 680   6   1
Pudel1  89   1   2   1   1  21   1   1   1   1 BWL   6  11   2 704   2   1
Pudel1  89   1   2   1   1  21   1   1   1   1 BWL   6  12   3 867   3   1
Pudel1  89   1   2   1   1  21   1   1   1   1 BWL   6  13   5 822   5   1
Pudel1  89   1   2   1   1  21   1   1   1   1 BWL   6  14   1 676   1   1
Pudel1  89   1   2   1   1  21   1   1   1   1 BWL   6  15   4 810   4   1
Pudel1  89   1   2   1   1  21   1   1   1   1 BWL   6  16   6 650   6   1
Pudel1  89   1   2   1   1  21   1   1   1   1 BWL   6  17   1 691   1   1
Pudel1  89   1   2   1   1  21   1   1   1   1 BWL   6  18   2 938   2   1
Pudel1  89   1   2   1   1  21   1   1   1   1 BWL   6  19   5 822   5   1
Pudel1  89   1   2   1   1  21   1   1   1   1 BWL   6  20   6 606   6   1
Pudel1  89   1   2   1   1  21   1   1   1   1 BWL   6  21   3 877   3   1
Pudel1  89   1   2   1   1  21   1   1   1   1 BWL   6  22   5 665   4   0
Pudel1  89   1   2   1   1  21   1   1   1   1 BWL   6  23   6 765   6   1
Pudel1  89   1   2   1   1  21   1   1   1   1 BWL   6  24   1 548   1   1
Pudel1  89   1   2   1   1  21   1   1   1   1 BWL   6  25   5 809   5   1
Pudel1  89   1   2   1   1  21   1   1   1   1 BWL   6  26   6 836   6   1
Pudel1  89   1   2   1   1  21   1   1   1   1 BWL   6  27   3 1037   3   1
Pudel1  89   1   2   1   1  21   1   1   1   1 BWL   6  28   2 765   2   1
Pudel1  89   1   2   1   1  21   1   1   1   1 BWL   6  29   2 549   1   0
Pudel1  89   1   2   1   1  21   1   1   1   1 BWL   6  30   4 1168   4   1
Pudel1  89   1   2   1   1  21   1   1   1   1 BWL   6  31   6 694   6   1
Pudel1  89   1   2   1   1  21   1   1   1   1 BWL   6  32   1 863   1   1
Pudel1  89   1   2   1   1  21   1   1   1   1 BWL   6  33   2 677   2   1
Pudel1  89   1   2   1   1  21   1   1   1   1 BWL   6  34   6 709   6   1
Pudel1  89   1   2   1   1  21   1   1   1   1 BWL   6  35   5 749   5   1
Pudel1  89   1   2   1   1  21   1   1   1   1 BWL   6  36   1 689   1   1
Pudel1  89   1   2   1   1  21   1   1   1   1 BWL   6  37   6 725   6   1
Pudel1  89   1   2   1   1  21   1   1   1   1 BWL   6  38   4 837   4   1
Pudel1  89   1   2   1   1  21   1   1   1   1 BWL   6  39   3 806   3   1
Pudel1  89   1   2   1   1  21   1   1   1   1 BWL   6  40   1 879   1   1
Pudel1  89   1   2   1   1  21   1   1   1   1 BWL   6  41   6 722   6   1
Pudel1  89   1   2   1   1  21   1   1   1   1 BWL   6  42   2 893   2   1
Pudel1  89   1   2   1   1  21   1   1   1   1 BWL   6  43   5 851   5   1
Pudel1  89   1   2   1   1  21   1   1   1   1 BWL   6  44   6 764   6   1
Pudel1  89   1   2   1   1  21   1   1   1   1 BWL   6  45   1 734   1   1
Pudel1  89   1   2   1   1  21   1   1   1   1 BWL   6  46   4 1081   4   1
Pudel1  89   1   2   1   1  21   1   1   1   1 BWL   6  47   3 851   3   1
Pudel1  89   1   2   1   1  21   1   1   1   1 BWL   6  48   1 706   1   1
Pudel1  89   1   2   1   1  21   1   1   1   1 BWL   6  49   6 709   6   1
Pudel1  89   1   2   1   1  21   1   1   1   1 BWL   6  50   5 836   5   1
Pudel1  89   1   2   1   1  21   1   1   1   1 BWL   6  51   3 965   3   1
Pudel1  89   1   2   1   1  21   1   1   1   1 BWL   6  52   1 706   1   1
Pudel1  89   1   2   1   1  21   1   1   1   1 BWL   6  53   4 909   4   1
Pudel1  89   1   2   1   1  21   1   1   1   1 BWL   6  54   6 551   6   1
Pudel1  89   1   2   1   1  21   1   1   1   1 BWL   6  55   2 777   2   1
Pudel1  89   1   2   1   1  21   1   1   1   1 BWL   6  56   1 592   1   1
Pudel1  89   1   2   1   1  21   1   1   1   1 BWL   6  57   3 953   3   1
Pudel1  89   1   2   1   1  21   1   1   1   1 BWL   6  58   4 880   4   1
Pudel1  89   1   2   1   1  21   1   1   1   1 BWL   6  59   6 607   6   1
Pudel1  89   1   2   1   1  21   1   1   1   1 BWL   6  60   5 550   5   1
Pudel1  89   1   2   1   1  21   1   1   1   1 BWL   6  61   1 547   1   1
Pudel1  89   1   2   1   1  21   1   1   1   1 BWL   6  62   2 678   2   1
Pudel1  89   1   2   1   1  21   1   1   1   1 BWL   6  63   6 695   6   1
Pudel1  89   1   2   1   1  21   1   1   1   1 BWL   6  64   1 647   1   1
Pudel1  89   1   2   1   1  21   1   1   1   1 BWL   6  65   4 981   4   1
Pudel1  89   1   2   1   1  21   1   1   1   1 BWL   6  66   6 737   6   1
Pudel1  89   1   2   1   1  21   1   1   1   1 BWL   6  67   1 661   1   1
Pudel1  89   1   2   1   1  21   1   1   1   1 BWL   6  68   2 765   2   1
Pudel1  89   1   2   1   1  21   1   1   1   1 BWL   6  69   6 624   6   1
Pudel1  89   1   2   1   1  21   1   1   1   1 BWL   6  70   5 792   5   1
Pudel1  89   1   2   1   1  21   1   1   1   1 BWL   6  71   1 850   1   1
Pudel1  89   1   2   1   1  21   1   1   1   1 BWL   6  72   3 809   3   1
Pudel1  89   1   2   1   1  21   1   1   1   1 BWL   6  73   2 577   2   1
Pudel1  89   1   2   1   1  21   1   1   1   1 BWL   6  74   1 605   1   1
Pudel1  89   1   2   1   1  21   1   1   1   1 BWL   6  75   6 710   6   1
Pudel1  89   1   2   1   1  21   1   1   1   1 BWL   6  76   4 562   4   1
Pudel1  89   1   2   1   1  21   1   1   1   1 BWL   6  77   5 522   5   1
Pudel1  89   1   2   1   1  21   1   1   1   1 BWL   6  78   3 833   3   1
Pudel1  89   1   2   1   1  21   1   1   1   1 BWL   6  79   1 648   1   1
Pudel1  89   1   2   1   1  21   1   1   1   1 BWL   6  80   6 723   6   1
Pudel1  89   1   2   1   1  21   1   1   1   1 BWL   6  81   2 735   2   1
Pudel1  89   1   2   1   1  21   1   1   1   1 BWL   6  82   5 666   5   1
Pudel1  89   1   2   1   1  21   1   1   1   1 BWL   6  83   1 705   1   1
Pudel1  89   1   2   1   1  21   1   1   1   1 BWL   6  84   6 681   6   1
Pudel1  89   1   2   1   1  21   1   1   1   1 BWL   6  85   4 792   4   1
Pudel1  89   1   2   1   1  21   1   1   1   1 BWL   6  86   1 792   1   1
Pudel1  89   1   2   1   1  21   1   1   1   1 BWL   6  87   6 1098   6   1
Pudel1  89   1   2   1   1  21   1   1   1   1 BWL   6  88   4 692   3   0
Pudel1  89   1   2   1   1  21   1   1   1   1 BWL   6  89   4 1600   4   1
Pudel1  89   1   2   1   1  21   1   1   1   1 BWL   6  90   6 964   6   1
Pudel1  89   1   2   1   1  21   1   1   1   1 BWL   6  91   1 778   1   1
Pudel1  89   1   2   1   1  21   1   1   1   1 BWL   6  92   5 795   5   1
Pudel1  89   1   2   1   1  21   1   1   1   1 BWL   6  93   6 952   6   1
Pudel1  89   1   2   1   1  21   1   1   1   1 BWL   6  94   3 1078   3   1
Pudel1  89   1   2   1   1  21   1   1   1   1 BWL   6  95   1 649   1   1
Pudel1  89   1   2   1   1  21   1   1   1   1 BWL   6  96   2 607   2   1
Pudel1  89   1   2   1   1  21   1   1   1   1 BWL   6  97   6 867   6   1
Pudel1  89   1   2   1   1  21   1   1   1   1 BWL   6  98   1 822   1   1
Pudel1  89   1   2   1   1  21   1   1   1   1 BWL   6  99   3 908   3   1
Pudel1  89   1   2   1   1  21   1   1   1   1 BWL   6 100   6 635   6   1
Pudel1  89   1   2   1   1  21   1   1   1   1 BWL   6 101   4 634   4   1
Pudel1  89   1   2   1   1  21   1   1   1   1 BWL   6 102   5 665   5   1
Pudel1  89   1   2   1   1  21   1   1   1   1 BWL   6 103   1 748   1   1
Pudel1  89   1   2   1   1  21   1   1   1   1 BWL   6 104   2 549   2   1
Pudel1  89   1   2   1   1  21   1   1   1   1 BWL   6 105   5 695   5   1
Pudel1  89   1   2   1   1  21   1   1   1   1 BWL   6 106   6 592   6   1
Pudel1  89   1   2   1   1  21   1   1   1   1 BWL   6 107   1 633   1   1
Pudel1  89   1   2   1   1  21   1   1   1   1 BWL   6 108   4 1011   4   1
Pudel1  89   1   2   1   1  21   1   1   1   1 BWL   6 109   6 880   6   1
Pudel1  89   1   2   1   1  21   1   1   1   1 BWL   6 110   1 720   1   1
Pudel1  89   1   2   1   1  21   1   1   1   1 BWL   6 111   2 607   2   1
Pudel1  89   1   2   1   1  21   1   1   1   1 BWL   6 112   3 547   3   1
Pudel1  89   1   2   1   1  21   1   1   1   1 BWL   6 113   6 551   6   1
Pudel1  89   1   2   1   1  21   1   1   1   1 BWL   6 114   1 720   1   1
Pudel1  89   1   2   1   1  21   1   1   1   1 BWL   6 115   3 836   3   1
Pudel1  89   1   2   1   1  21   1   1   1   1 BWL   6 116   5 680   5   1
Pudel1  89   1   2   1   1  21   1   1   1   1 BWL   6 117   4 590   4   1
Pudel1  89   1   2   1   1  21   1   1   1   1 BWL   6 118   6 593   6   1
Pudel1  89   1   2   1   1  21   1   1   1   1 BWL   6 119   1 590   1   1
Pudel1  89   1   2   1   1  21   1   1   1   1 BWL   6 120   2 578   2   1
Pudel1  89   1   2   1   1  21   1   1   1   1 BWL   6 121   3 577   3   1
Pudel1  89   1   2   1   1  21   1   1   1   1 BWL   6 122   6 550   6   1
Pudel1  89   1   2   1   1  21   1   1   1   1 BWL   6 123   2 920   2   1
Pudel1  89   1   2   1   1  21   1   1   1   1 BWL   6 124   5 637   4   0
Pudel1  89   1   2   1   1  21   1   1   1   1 BWL   6 125   1 705   1   1
Pudel1  89   1   2   1   1  21   1   1   1   1 BWL   6 126   5 752   5   1
Pudel1  89   1   2   1   1  21   1   1   1   1 BWL   6 127   6 649   6   1
Pudel1  89   1   2   1   1  21   1   1   1   1 BWL   6 128   1 605   1   1
Pudel1  89   1   2   1   1  21   1   1   1   1 BWL   6 129   2 548   2   1
Pudel1  89   1   2   1   1  21   1   1   1   1 BWL   6 130   6 709   6   1
Pudel1  89   1   2   1   1  21   1   1   1   1 BWL   6 131   1 649   1   1
Pudel1  89   1   2   1   1  21   1   1   1   1 BWL   6 132   3 751   3   1
Pudel1  89   1   2   1   1  21   1   1   1   1 BWL   6 133   5 837   5   1
Pudel1  89   1   2   1   1  21   1   1   1   1 BWL   6 134   1 748   1   1
Pudel1  89   1   2   1   1  21   1   1   1   1 BWL   6 135   6 781   6   1
Pudel1  89   1   2   1   1  21   1   1   1   1 BWL   6 136   4 995   4   1
Pudel1  89   1   2   1   1  21   1   1   1   1 BWL   6 137   1 603   1   1
Pudel1  89   1   2   1   1  21   1   1   1   1 BWL   6 138   6 723   6   1
Pudel1  89   1   2   1   1  21   1   1   1   1 BWL   6 139   3 878   3   1
Pudel1  89   1   2   1   1  21   1   1   1   1 BWL   6 140   5 923   5   1
Pudel1  89   1   2   1   1  21   1   1   1   1 BWL   6 141   2 691   2   1
Pudel1  89   1   2   1   1  21   1   1   1   1 BWL   6 142   6 724   6   1
Pudel1  89   1   2   1   1  21   1   1   1   1 BWL   6 143   1 662   1   1
Pudel1  89   1   2   1   1  21   1   1   1   1 BWL   6 144   4 1095   4   1
Pudel1  89   1   2   1   1  21   1   1   1   1 BWL   7   1   1   5 3990   0   6   2   5   1   6   4   3
Pudel1  89   1   2   1   1  21   1   1   1   1 BWL   7   2   1   2 2600   1   4   5   3   1   6   2   5
Pudel1  89   1   2   1   1  21   1   1   1   1 BWL   7   3   1   1 2030   1   3   1   6   2   5   1   4
Pudel1  89   1   2   1   1  21   1   1   1   1 BWL   7   4   1   5 1751   1   5   3   1   6   2   5   4
Pudel1  89   1   2   1   1  21   1   1   1   1 BWL   7   5   1   3 3270   0   6   2   5   1   6   4   5
Pudel1  89   1   2   1   1  21   1   1   1   1 BWL   7   6   1   2 2890   0   6   2   5   1   6   4   4
Pudel1  89   1   2   1   1  21   1   1   1   1 BWL   7   7   1   1 1880   1   1   6   4   5   3   1   4
Pudel1  89   1   2   1   1  21   1   1   1   1 BWL   7   8   1   3 2881   0   4   5   3   1   6   2   4
Pudel1  89   1   2   1   1  21   1   1   1   1 BWL   7   9   1   1 5030   0   2   1   6   4   5   3   3
Pudel1  89   1   2   1   1  21   1   1   1   1 BWL   7  10   1   3 2691   0   4   5   3   1   6   2   3
Pudel1  89   1   2   1   1  21   1   1   1   1 BWL   7  11   1   3 2290   0   5   3   1   6   2   5   4
Pudel1  89   1   2   1   1  21   1   1   1   1 BWL   7  12   1   2 6811   0   6   2   5   1   6   4   3
Pudel1  89   1   2   1   1  21   1   1   1   1 BWL   7  13   1   2 6380   0   6   4   5   3   1   6   3
Pudel1  89   1   2   1   1  21   1   1   1   1 BWL   7  14   1   6 3650   1   1   6   2   5   1   6   5
Pudel1  89   1   2   1   1  21   1   1   1   1 BWL   7  15   1   3 2470   0   6   2   5   1   6   4   4
Pudel1  89   1   2   1   1  21   1   1   1   1 BWL   7  16   1   3 970   0   3   1   6   2   5   1   4
Pudel1  89   1   2   1   1  21   1   1   1   1 BWL   7  17   1   2 2860   0   1   6   4   5   3   1   4
Pudel1  89   1   2   1   1  21   1   1   1   1 BWL   7  18   1   1 2630   0   2   1   6   4   5   3   3
Pudel1  89   1   2   1   1  21   1   1   1   1 BWL   7  19   1   6 640   1   1   6   2   5   1   6   3
Pudel1  89   1   2   1   1  21   1   1   1   1 BWL   7  20   1   6 690   1   1   6   2   5   1   6   5
Pudel1  89   1   2   1   1  21   1   1   1   1 BWL   7  21   1   2 1660   0   6   4   5   3   1   6   4
Pudel1  89   1   2   1   1  21   1   1   1   1 BWL   7  22   1   5 1230   1   5   3   1   6   2   5   3
Pudel1  89   1   2   1   1  21   1   1   1   1 BWL   7  23   1   6 1250   1   1   6   2   5   1   6   3
Pudel1  89   1   2   1   1  21   1   1   1   1 BWL   7  24   1   6 2020   1   6   4   5   3   1   6   4
Pudel1  89   1   2   1   1  21   1   1   1   1 BWL   7  25   1   1 1480   1   3   1   6   2   5   1   3
Pudel1  89   1   2   1   1  21   1   1   1   1 BWL   7  26   1   6 1000   1   1   6   2   5   1   6   5
Pudel1  89   1   2   1   1  21   1   1   1   1 BWL   7  27   1   2 770   0   6   4   5   3   1   6   4
Pudel1  89   1   2   1   1  21   1   1   1   1 BWL   7  28   1   4 870   0   4   5   3   1   6   2   3
Pudel1  89   1   2   1   1  21   1   1   1   1 BWL   7  29   1   2 1500   0   6   4   5   3   1   6   3
Pudel1  89   1   2   1   1  21   1   1   1   1 BWL   7  30   1   4 760   1   6   2   5   1   6   4   5
Pudel1  89   1   2   1   1  21   1   1   1   1 BWL   7  31   1   5 770   1   5   3   1   6   2   5   4
Pudel1  89   1   2   1   1  21   1   1   1   1 BWL   7  32   1   2 560   0   1   6   4   5   3   1   5
Pudel1  89   1   2   1   1  21   1   1   1   1 BWL   7  33   1   5 2300   1   5   3   1   6   2   5   4
Pudel1  89   1   2   1   1  21   1   1   1   1 BWL   7  34   1   1 1870   0   2   1   6   4   5   3   3
Pudel1  89   1   2   1   1  21   1   1   1   1 BWL   7  35   1   2 590   0   1   6   4   5   3   1   5
Pudel1  89   1   2   1   1  21   1   1   1   1 BWL   7  36   1   4 2061   0   4   5   3   1   6   2   3
Pudel1  89   1   2   1   1  21   1   1   1   1 BWL   7  37   1   3 1270   0   3   1   6   2   5   1   4
Pudel1  89   1   2   1   1  21   1   1   1   1 BWL   7  38   1   4 1270   0   5   3   1   6   2   5   4
Pudel1  89   1   2   1   1  21   1   1   1   1 BWL   7  39   1   2 460   1   4   5   3   1   6   2   5
Pudel1  89   1   2   1   1  21   1   1   1   1 BWL   7  40   1   4 680   0   1   6   2   5   1   6   4
Pudel1  89   1   2   1   1  21   1   1   1   1 BWL   7  41   1   3 1011   1   2   1   6   4   5   3   4
Pudel1  89   1   2   1   1  21   1   1   1   1 BWL   7  42   1   2 720   0   1   6   4   5   3   1   4
Pudel1  89   1   2   1   1  21   1   1   1   1 BWL   7  43   1   4 640   1   6   2   5   1   6   4   5
Pudel1  89   1   2   1   1  21   1   1   1   1 BWL   7  44   1   5 790   1   5   3   1   6   2   5   5
Pudel1  89   1   2   1   1  21   1   1   1   1 BWL   7  45   1   4 1700   0   1   6   2   5   1   6   4
Pudel1  89   1   2   1   1  21   1   1   1   1 BWL   7  46   1   4 1400   0   3   1   6   2   5   1   3
Pudel1  89   1   2   1   1  21   1   1   1   1 BWL   7  47   1   2 680   1   4   5   3   1   6   2   4
Pudel1  89   1   2   1   1  21   1   1   1   1 BWL   7  48   1   2 660   0   1   6   4   5   3   1   5
Pudel1  89   1   2   1   1  21   1   1   1   1 BWL   7  49   1   3 820   1   2   1   6   4   5   3   4
Pudel1  89   1   2   1   1  21   1   1   1   1 BWL   7  50   1   4 1280   0   4   5   3   1   6   2   3
Pudel1  89   1   2   1   1  21   1   1   1   1 BWL   7  51   1   2 720   0   1   6   4   5   3   1   3
Pudel1  89   1   2   1   1  21   1   1   1   1 BWL   7  52   1   4 1000   1   6   2   5   1   6   4   3
Pudel1  89   1   2   1   1  21   1   1   1   1 BWL   7  53   1   2 1270   0   2   1   6   4   5   3   4
Pudel1  89   1   2   1   1  21   1   1   1   1 BWL   7  54   1   4 520   1   6   2   5   1   6   4   4
Pudel1  89   1   2   1   1  21   1   1   1   1 BWL   7  55   1   3 1870   0   3   1   6   2   5   1   3
Pudel1  89   1   2   1   1  21   1   1   1   1 BWL   7  56   1   2 1160   0   6   4   5   3   1   6   3
Pudel1  89   1   2   1   1  21   1   1   1   1 BWL   7  57   1   5 1470   1   5   3   1   6   2   5   5
Pudel1  89   1   2   1   1  21   1   1   1   1 BWL   7  58   1   4 1120   0   4   5   3   1   6   2   3
Pudel1  89   1   2   1   1  21   1   1   1   1 BWL   7  59   1   1 1840   1   3   1   6   2   5   1   3
Pudel1  89   1   2   1   1  21   1   1   1   1 BWL   7  60   1   3 840   1   2   1   6   4   5   3   5
Pudel1  89   1   2   1   1  21   1   1   1   1 BWL   7  61   1   5 550   0   4   5   3   1   6   2   5
Pudel1  89   1   2   1   1  21   1   1   1   1 BWL   7  62   1   6 790   1   1   6   2   5   1   6   3
Pudel1  89   1   2   1   1  21   1   1   1   1 BWL   7  63   1   2 660   1   4   5   3   1   6   2   5
Pudel1  89   1   2   1   1  21   1   1   1   1 BWL   7  64   1   6 1040   1   1   6   2   5   1   6   5
Pudel1  89   1   2   1   1  21   1   1   1   1 BWL   7  65   1   3 600   0   3   1   6   2   5   1   5
Pudel1  89   1   2   1   1  21   1   1   1   1 BWL   7  66   1   3 1390   0   3   1   6   2   5   1   5
Pudel1  89   1   2   1   1  21   1   1   1   1 BWL   7  67   1   6 800   1   1   6   2   5   1   6   3
Pudel1  89   1   2   1   1  21   1   1   1   1 BWL   7  68   1   6 910   1   1   6   2   5   1   6   4
Pudel1  89   1   2   1   1  21   1   1   1   1 BWL   7  69   1   2 670   0   1   6   4   5   3   1   4
Pudel1  89   1   2   1   1  21   1   1   1   1 BWL   7  70   1   3 1450   0   5   3   1   6   2   5   5
Pudel1  89   1   2   1   1  21   1   1   1   1 BWL   7  71   1   2 500   0   6   4   5   3   1   6   5
Pudel1  89   1   2   1   1  21   1   1   1   1 BWL   7  72   1   5 790   1   5   3   1   6   2   5   3
Pudel1  89   1   2   1   1  21   1   1   1   1 BWL   7  73   1   5 711   1   5   3   1   6   2   5   3
Pudel1  89   1   2   1   1  21   1   1   1   1 BWL   7  74   1   4 640   0   3   1   6   2   5   1   5
Pudel1  89   1   2   1   1  21   1   1   1   1 BWL   7  75   1   2 1850   0   1   6   4   5   3   1   4
Pudel1  89   1   2   1   1  21   1   1   1   1 BWL   7  76   1   2 711   0   1   6   4   5   3   1   5
Pudel1  89   1   2   1   1  21   1   1   1   1 BWL   7  77   1   2 410   0   6   4   5   3   1   6   5
Pudel1  89   1   2   1   1  21   1   1   1   1 BWL   7  78   1   3 790   0   3   1   6   2   5   1   4
Pudel1  89   1   2   1   1  21   1   1   1   1 BWL   7  79   1   3 1410   1   2   1   6   4   5   3   3
Pudel1  89   1   2   1   1  21   1   1   1   1 BWL   7  80   1   6 920   1   1   6   2   5   1   6   4
Pudel1  89   1   2   1   1  21   1   1   1   1 BWL   7  81   1   4 1060   0   4   5   3   1   6   2   4
Pudel1  89   1   2   1   1  21   1   1   1   1 BWL   7  82   1   3 840   1   2   1   6   4   5   3   5
Pudel1  89   1   2   1   1  21   1   1   1   1 BWL   7  83   1   2 670   0   1   6   4   5   3   1   3
Pudel1  89   1   2   1   1  21   1   1   1   1 BWL   7  84   1   6 1040   1   1   6   2   5   1   6   5
Pudel1  89   1   2   1   1  21   1   1   1   1 BWL   7  85   1   3 1120   0   6   2   5   1   6   4   4
Pudel1  89   1   2   1   1  21   1   1   1   1 BWL   7  86   1   1 951   0   2   1   6   4   5   3   3
Pudel1  89   1   2   1   1  21   1   1   1   1 BWL   7  87   1   3 1250   0   6   2   5   1   6   4   5
Pudel1  89   1   2   1   1  21   1   1   1   1 BWL   7  88   1   3 560   0   3   1   6   2   5   1   4
Pudel1  89   1   2   1   1  21   1   1   1   1 BWL   7  89   1   6 1371   1   6   4   5   3   1   6   3
Pudel1  89   1   2   1   1  21   1   1   1   1 BWL   7  90   1   3 1190   1   2   1   6   4   5   3   4
Pudel1  89   1   2   1   1  21   1   1   1   1 BWL   7  91   1   3 1170   1   2   1   6   4   5   3   5
Pudel1  89   1   2   1   1  21   1   1   1   1 BWL   7  92   1   3 1571   0   6   2   5   1   6   4   4
Pudel1  89   1   2   1   1  21   1   1   1   1 BWL   7  93   1   1 1380   1   1   6   4   5   3   1   3
Pudel1  89   1   2   1   1  21   1   1   1   1 BWL   7  94   1   5 1030   1   5   3   1   6   2   5   5
Pudel1  89   1   2   1   1  21   1   1   1   1 BWL   7  95   1   6 880   1   6   4   5   3   1   6   4
Pudel1  89   1   2   1   1  21   1   1   1   1 BWL   7  96   1   4 1960   0   4   5   3   1   6   2   4
Pudel1  89   1   2   1   1  21   1   1   1   1 BWL   7  97   1   5 980   1   5   3   1   6   2   5   5
Pudel1  89   1   2   1   1  21   1   1   1   1 BWL   7  98   1   5 740   0   6   4   5   3   1   6   5
Pudel1  89   1   2   1   1  21   1   1   1   1 BWL   7  99   1   3 1070   0   3   1   6   2   5   1   5
Pudel1  89   1   2   1   1  21   1   1   1   1 BWL   7 100   1   6 810   1   1   6   2   5   1   6   4
Pudel1  89   1   2   1   1  21   1   1   1   1 BWL   7 101   1   2 490   0   6   4   5   3   1   6   5
Pudel1  89   1   2   1   1  21   1   1   1   1 BWL   7 102   1   6 660   1   1   6   2   5   1   6   3
Pudel1  89   1   2   1   1  21   1   1   1   1 BWL   7 103   1   2 800   0   6   2   5   1   6   4   3
Pudel1  89   1   2   1   1  21   1   1   1   1 BWL   7 104   1   6 1510   0   2   1   6   4   5   3   5
Pudel1  89   1   2   1   1  21   1   1   1   1 BWL   7 105   1   4 730   0   3   1   6   2   5   1   5
Pudel1  89   1   2   1   1  21   1   1   1   1 BWL   7 106   1   1 770   1   3   1   6   2   5   1   3
Pudel1  89   1   2   1   1  21   1   1   1   1 BWL   7 107   1   2 520   0   1   6   4   5   3   1   5
Pudel1  89   1   2   1   1  21   1   1   1   1 BWL   7 108   1   2 580   0   6   4   5   3   1   6   4
Pudel1  89   1   2   1   1  21   1   1   1   1 BWL   7 109   1   2 970   1   4   5   3   1   6   2   4
Pudel1  89   1   2   1   1  21   1   1   1   1 BWL   7 110   1   2 940   0   1   6   4   5   3   1   3
Pudel1  89   1   2   1   1  21   1   1   1   1 BWL   7 111   1   2 550   0   1   6   4   5   3   1   3
Pudel1  89   1   2   1   1  21   1   1   1   1 BWL   7 112   1   3 1390   0   6   2   5   1   6   4   5
Pudel1  89   1   2   1   1  21   1   1   1   1 BWL   7 113   1   3 1080   1   2   1   6   4   5   3   5
Pudel1  89   1   2   1   1  21   1   1   1   1 BWL   7 114   1   2 1050   0   6   4   5   3   1   6   5
Pudel1  89   1   2   1   1  21   1   1   1   1 BWL   7 115   1   2 2590   0   2   1   6   4   5   3   4
Pudel1  89   1   2   1   1  21   1   1   1   1 BWL   7 116   1   5 760   1   5   3   1   6   2   5   3
Pudel1  89   1   2   1   1  21   1   1   1   1 BWL   7 117   1   5 470   1   5   3   1   6   2   5   3
Pudel1  89   1   2   1   1  21   1   1   1   1 BWL   7 118   1   2 470   1   4   5   3   1   6   2   5
Pudel1  89   1   2   1   1  21   1   1   1   1 BWL   7 119   1   2 1210   0   6   2   5   1   6   4   3
Pudel1  89   1   2   1   1  21   1   1   1   1 BWL   7 120   1   6 850   1   6   4   5   3   1   6   3
Pudel1  89   1   2   1   1  21   1   1   1   1 BWL   8   1   1   3 1350   0   6   2   5   1   6   4   3
Pudel1  89   1   2   1   1  21   1   1   1   1 BWL   8   2   1   6 1080   0   4   5   3   1   6   2   5
Pudel1  89   1   2   1   1  21   1   1   1   1 BWL   8   3   1   1 1080   1   3   1   6   2   5   1   4
Pudel1  89   1   2   1   1  21   1   1   1   1 BWL   8   4   1   4 1660   0   5   3   1   6   2   5   4
Pudel1  89   1   2   1   1  21   1   1   1   1 BWL   8   5   1   1 1260   0   6   2   5   1   6   4   5
Pudel1  89   1   2   1   1  21   1   1   1   1 BWL   8   6   1   1 1380   0   6   2   5   1   6   4   4
Pudel1  89   1   2   1   1  21   1   1   1   1 BWL   8   7   1   4 1720   0   1   6   4   5   3   1   4
Pudel1  89   1   2   1   1  21   1   1   1   1 BWL   8   8   1   1 1090   0   4   5   3   1   6   2   4
Pudel1  89   1   2   1   1  21   1   1   1   1 BWL   8   9   1   1 2750   0   2   1   6   4   5   3   3
Pudel1  89   1   2   1   1  21   1   1   1   1 BWL   8  10   1   2 2991   1   4   5   3   1   6   2   3
Pudel1  89   1   2   1   1  21   1   1   1   1 BWL   8  11   1   4 1410   0   5   3   1   6   2   5   4
Pudel1  89   1   2   1   1  21   1   1   1   1 BWL   8  12   1   3 1650   0   6   2   5   1   6   4   3
Pudel1  89   1   2   1   1  21   1   1   1   1 BWL   8  13   1   6 2340   1   6   4   5   3   1   6   3
Pudel1  89   1   2   1   1  21   1   1   1   1 BWL   8  14   1   2 1740   0   1   6   2   5   1   6   5
Pudel1  89   1   2   1   1  21   1   1   1   1 BWL   8  15   1   1 1560   0   6   2   5   1   6   4   4
Pudel1  89   1   2   1   1  21   1   1   1   1 BWL   8  16   1   1 1000   1   3   1   6   2   5   1   4
Pudel1  89   1   2   1   1  21   1   1   1   1 BWL   8  17   1   6 1370   0   1   6   4   5   3   1   4
Pudel1  89   1   2   1   1  21   1   1   1   1 BWL   8  18   1   6 2670   0   2   1   6   4   5   3   3
Pudel1  89   1   2   1   1  21   1   1   1   1 BWL   8  19   1   3 2100   0   1   6   2   5   1   6   3
Pudel1  89   1   2   1   1  21   1   1   1   1 BWL   8  20   1   4 1320   0   1   6   2   5   1   6   5
Pudel1  89   1   2   1   1  21   1   1   1   1 BWL   8  21   1   4 1401   0   6   4   5   3   1   6   4
Pudel1  89   1   2   1   1  21   1   1   1   1 BWL   8  22   1   4 1200   0   5   3   1   6   2   5   3
Pudel1  89   1   2   1   1  21   1   1   1   1 BWL   8  23   1   4 1630   0   1   6   2   5   1   6   3
Pudel1  89   1   2   1   1  21   1   1   1   1 BWL   8  24   1   6 1340   1   6   4   5   3   1   6   4
Pudel1  89   1   2   1   1  21   1   1   1   1 BWL   8  25   1   6 1360   0   3   1   6   2   5   1   3
Pudel1  89   1   2   1   1  21   1   1   1   1 BWL   8  26   1   3 1540   0   1   6   2   5   1   6   5
Pudel1  89   1   2   1   1  21   1   1   1   1 BWL   8  27   1   4 1731   0   6   4   5   3   1   6   4
Pudel1  89   1   2   1   1  21   1   1   1   1 BWL   8  28   1   4 2360   0   4   5   3   1   6   2   3
Pudel1  89   1   2   1   1  21   1   1   1   1 BWL   8  29   1   3 2530   0   6   4   5   3   1   6   3
Pudel1  89   1   2   1   1  21   1   1   1   1 BWL   8  30   1   5 2350   0   6   2   5   1   6   4   5
Pudel1  89   1   2   1   1  21   1   1   1   1 BWL   8  31   1   6 1670   0   5   3   1   6   2   5   4
Pudel1  89   1   2   1   1  21   1   1   1   1 BWL   8  32   1   6 970   0   1   6   4   5   3   1   5
Pudel1  89   1   2   1   1  21   1   1   1   1 BWL   8  33   1   6 1050   0   5   3   1   6   2   5   4
Pudel1  89   1   2   1   1  21   1   1   1   1 BWL   8  34   1   6 1450   0   2   1   6   4   5   3   3
Pudel1  89   1   2   1   1  21   1   1   1   1 BWL   8  35   1   1 870   1   1   6   4   5   3   1   5
Pudel1  89   1   2   1   1  21   1   1   1   1 BWL   8  36   1   1 1920   0   4   5   3   1   6   2   3
Pudel1  89   1   2   1   1  21   1   1   1   1 BWL   8  37   1   6 1180   0   3   1   6   2   5   1   4
Pudel1  89   1   2   1   1  21   1   1   1   1 BWL   8  38   1   6 970   0   5   3   1   6   2   5   4
Pudel1  89   1   2   1   1  21   1   1   1   1 BWL   8  39   1   1 1120   0   4   5   3   1   6   2   5
Pudel1  89   1   2   1   1  21   1   1   1   1 BWL   8  40   1   3 2720   0   1   6   2   5   1   6   4
Pudel1  89   1   2   1   1  21   1   1   1   1 BWL   8  41   1   6 840   0   2   1   6   4   5   3   4
Pudel1  89   1   2   1   1  21   1   1   1   1 BWL   8  42   1   6 820   0   1   6   4   5   3   1   4
Pudel1  89   1   2   1   1  21   1   1   1   1 BWL   8  43   1   5 1020   0   6   2   5   1   6   4   5
Pudel1  89   1   2   1   1  21   1   1   1   1 BWL   8  44   1   6 1290   0   5   3   1   6   2   5   5
Pudel1  89   1   2   1   1  21   1   1   1   1 BWL   8  45   1   6 1070   1   1   6   2   5   1   6   4
Pudel1  89   1   2   1   1  21   1   1   1   1 BWL   8  46   1   6 1450   0   3   1   6   2   5   1   3
Pudel1  89   1   2   1   1  21   1   1   1   1 BWL   8  47   1   1 2080   0   4   5   3   1   6   2   4
Pudel1  89   1   2   1   1  21   1   1   1   1 BWL   8  48   1   6 1050   0   1   6   4   5   3   1   5
Pudel1  89   1   2   1   1  21   1   1   1   1 BWL   8  49   1   6 610   0   2   1   6   4   5   3   4
Pudel1  89   1   2   1   1  21   1   1   1   1 BWL   8  50   1   5 1410   0   4   5   3   1   6   2   3
Pudel1  89   1   2   1   1  21   1   1   1   1 BWL   8  51   1   2 1640   0   1   6   4   5   3   1   3
Pudel1  89   1   2   1   1  21   1   1   1   1 BWL   8  52   1   5 1210   0   6   2   5   1   6   4   3
Pudel1  89   1   2   1   1  21   1   1   1   1 BWL   8  53   1   3 4760   1   2   1   6   4   5   3   4
Pudel1  89   1   2   1   1  21   1   1   1   1 BWL   8  54   1   5 2921   0   6   2   5   1   6   4   4
Pudel1  89   1   2   1   1  21   1   1   1   1 BWL   8  55   1   6 980   0   3   1   6   2   5   1   3
Pudel1  89   1   2   1   1  21   1   1   1   1 BWL   8  56   1   5 1790   0   6   4   5   3   1   6   3
Pudel1  89   1   2   1   1  21   1   1   1   1 BWL   8  57   1   5 550   1   5   3   1   6   2   5   5
Pudel1  89   1   2   1   1  21   1   1   1   1 BWL   8  58   1   5 1140   0   4   5   3   1   6   2   3
Pudel1  89   1   2   1   1  21   1   1   1   1 BWL   8  59   1   6 2050   0   3   1   6   2   5   1   3
Pudel1  89   1   2   1   1  21   1   1   1   1 BWL   8  60   1   6 1040   0   2   1   6   4   5   3   5
Pudel1  89   1   2   1   1  21   1   1   1   1 BWL   8  61   1   6 910   0   4   5   3   1   6   2   5
Pudel1  89   1   2   1   1  21   1   1   1   1 BWL   8  62   1   4 1900   0   1   6   2   5   1   6   3
Pudel1  89   1   2   1   1  21   1   1   1   1 BWL   8  63   1   5 980   0   4   5   3   1   6   2   5
Pudel1  89   1   2   1   1  21   1   1   1   1 BWL   8  64   1   4 1440   0   1   6   2   5   1   6   5
Pudel1  89   1   2   1   1  21   1   1   1   1 BWL   8  65   1   3 790   0   3   1   6   2   5   1   5
Pudel1  89   1   2   1   1  21   1   1   1   1 BWL   8  66   1   1 1420   1   3   1   6   2   5   1   5
Pudel1  89   1   2   1   1  21   1   1   1   1 BWL   8  67   1   2 1340   0   1   6   2   5   1   6   3
Pudel1  89   1   2   1   1  21   1   1   1   1 BWL   8  68   1   6 1690   1   1   6   2   5   1   6   4
Pudel1  89   1   2   1   1  21   1   1   1   1 BWL   8  69   1   1 2070   1   1   6   4   5   3   1   4
Pudel1  89   1   2   1   1  21   1   1   1   1 BWL   8  70   1   6 1070   0   5   3   1   6   2   5   5
Pudel1  89   1   2   1   1  21   1   1   1   1 BWL   8  71   1   6 890   1   6   4   5   3   1   6   5
Pudel1  89   1   2   1   1  21   1   1   1   1 BWL   8  72   1   4 1320   0   5   3   1   6   2   5   3
Pudel1  89   1   2   1   1  21   1   1   1   1 BWL   8  73   1   4 1060   0   5   3   1   6   2   5   3
Pudel1  89   1   2   1   1  21   1   1   1   1 BWL   8  74   1   1 760   1   3   1   6   2   5   1   5
Pudel1  89   1   2   1   1  21   1   1   1   1 BWL   8  75   1   6 1700   0   1   6   4   5   3   1   4
Pudel1  89   1   2   1   1  21   1   1   1   1 BWL   8  76   1   6 910   0   1   6   4   5   3   1   5
Pudel1  89   1   2   1   1  21   1   1   1   1 BWL   8  77   1   6 800   1   6   4   5   3   1   6   5
Pudel1  89   1   2   1   1  21   1   1   1   1 BWL   8  78   1   6 570   0   3   1   6   2   5   1   4
Pudel1  89   1   2   1   1  21   1   1   1   1 BWL   8  79   1   6 1350   0   2   1   6   4   5   3   3
Pudel1  89   1   2   1   1  21   1   1   1   1 BWL   8  80   1   6 1170   1   1   6   2   5   1   6   4
Pudel1  89   1   2   1   1  21   1   1   1   1 BWL   8  81   1   1 1200   0   4   5   3   1   6   2   4
Pudel1  89   1   2   1   1  21   1   1   1   1 BWL   8  82   1   1 660   0   2   1   6   4   5   3   5
Pudel1  89   1   2   1   1  21   1   1   1   1 BWL   8  83   1   6 1160   0   1   6   4   5   3   1   3
Pudel1  89   1   2   1   1  21   1   1   1   1 BWL   8  84   1   4 1310   0   1   6   2   5   1   6   5
Pudel1  89   1   2   1   1  21   1   1   1   1 BWL   8  85   1   1 2270   0   6   2   5   1   6   4   4
Pudel1  89   1   2   1   1  21   1   1   1   1 BWL   8  86   1   2 2760   0   2   1   6   4   5   3   3
Pudel1  89   1   2   1   1  21   1   1   1   1 BWL   8  87   1   3 1440   0   6   2   5   1   6   4   5
Pudel1  89   1   2   1   1  21   1   1   1   1 BWL   8  88   1   6 890   0   3   1   6   2   5   1   4
Pudel1  89   1   2   1   1  21   1   1   1   1 BWL   8  89   1   6 1600   1   6   4   5   3   1   6   3
Pudel1  89   1   2   1   1  21   1   1   1   1 BWL   8  90   1   6 1280   0   2   1   6   4   5   3   4
Pudel1  89   1   2   1   1  21   1   1   1   1 BWL   8  91   1   1 670   0   2   1   6   4   5   3   5
Pudel1  89   1   2   1   1  21   1   1   1   1 BWL   8  92   1   1 1420   0   6   2   5   1   6   4   4
Pudel1  89   1   2   1   1  21   1   1   1   1 BWL   8  93   1   6 1120   0   1   6   4   5   3   1   3
Pudel1  89   1   2   1   1  21   1   1   1   1 BWL   8  94   1   6 1040   0   5   3   1   6   2   5   5
Pudel1  89   1   2   1   1  21   1   1   1   1 BWL   8  95   1   6 1080   1   6   4   5   3   1   6   4
Pudel1  89   1   2   1   1  21   1   1   1   1 BWL   8  96   1   5 1070   0   4   5   3   1   6   2   4
Pudel1  89   1   2   1   1  21   1   1   1   1 BWL   8  97   1   6 1230   0   5   3   1   6   2   5   5
Pudel1  89   1   2   1   1  21   1   1   1   1 BWL   8  98   1   6 1140   1   6   4   5   3   1   6   5
Pudel1  89   1   2   1   1  21   1   1   1   1 BWL   8  99   1   6 1121   0   3   1   6   2   5   1   5
Pudel1  89   1   2   1   1  21   1   1   1   1 BWL   8 100   1   6 1440   1   1   6   2   5   1   6   4
Pudel1  89   1   2   1   1  21   1   1   1   1 BWL   8 101   1   6 570   1   6   4   5   3   1   6   5
Pudel1  89   1   2   1   1  21   1   1   1   1 BWL   8 102   1   4 1180   0   1   6   2   5   1   6   3
Pudel1  89   1   2   1   1  21   1   1   1   1 BWL   8 103   1   5 2140   0   6   2   5   1   6   4   3
Pudel1  89   1   2   1   1  21   1   1   1   1 BWL   8 104   1   1 620   0   2   1   6   4   5   3   5
Pudel1  89   1   2   1   1  21   1   1   1   1 BWL   8 105   1   6 660   0   3   1   6   2   5   1   5
Pudel1  89   1   2   1   1  21   1   1   1   1 BWL   8 106   1   6 1320   0   3   1   6   2   5   1   3
Pudel1  89   1   2   1   1  21   1   1   1   1 BWL   8 107   1   6 610   0   1   6   4   5   3   1   5
Pudel1  89   1   2   1   1  21   1   1   1   1 BWL   8 108   1   4 1540   0   6   4   5   3   1   6   4
Pudel1  89   1   2   1   1  21   1   1   1   1 BWL   8 109   1   1 1290   0   4   5   3   1   6   2   4
Pudel1  89   1   2   1   1  21   1   1   1   1 BWL   8 110   1   4 1350   0   1   6   4   5   3   1   3
Pudel1  89   1   2   1   1  21   1   1   1   1 BWL   8 111   1   4 780   0   1   6   4   5   3   1   3
Pudel1  89   1   2   1   1  21   1   1   1   1 BWL   8 112   1   1 1350   0   6   2   5   1   6   4   5
Pudel1  89   1   2   1   1  21   1   1   1   1 BWL   8 113   1   1 920   0   2   1   6   4   5   3   5
Pudel1  89   1   2   1   1  21   1   1   1   1 BWL   8 114   1   6 610   1   6   4   5   3   1   6   5
Pudel1  89   1   2   1   1  21   1   1   1   1 BWL   8 115   1   6 660   0   2   1   6   4   5   3   4
Pudel1  89   1   2   1   1  21   1   1   1   1 BWL   8 116   1   6 1060   0   5   3   1   6   2   5   3
Pudel1  89   1   2   1   1  21   1   1   1   1 BWL   8 117   1   4 1660   0   5   3   1   6   2   5   3
Pudel1  89   1   2   1   1  21   1   1   1   1 BWL   8 118   1   1 1040   0   4   5   3   1   6   2   5
Pudel1  89   1   2   1   1  21   1   1   1   1 BWL   8 119   1   1 1400   0   6   2   5   1   6   4   3
Pudel1  89   1   2   1   1  21   1   1   1   1 BWL   8 120   1   6 1240   1   6   4   5   3   1   6   3
