Pudel1  98   1   1   1   1  25   1   2   1   1 BWL   1   1   5 676   4   0
Pudel1  98   1   1   1   1  25   1   2   1   1 BWL   1   2   1 926   1   1
Pudel1  98   1   1   1   1  25   1   2   1   1 BWL   1   3   5 749   5   1
Pudel1  98   1   1   1   1  25   1   2   1   1 BWL   1   4   6 164   2   0
Pudel1  98   1   1   1   1  25   1   2   1   1 BWL   1   5   2 929   3   0
Pudel1  98   1   1   1   1  25   1   2   1   1 BWL   1   6   6 1181   6   1
Pudel1  98   1   1   1   1  25   1   2   1   1 BWL   1   7   5 896   5   1
Pudel1  98   1   1   1   1  25   1   2   1   1 BWL   1   8   2 1121   2   1
Pudel1  98   1   1   1   1  25   1   2   1   1 BWL   1   9   5 852   4   0
Pudel1  98   1   1   1   1  25   1   2   1   1 BWL   1  10   6 1177   5   0
Pudel1  98   1   1   1   1  25   1   2   1   1 BWL   1  11   2 1319   2   1
Pudel1  98   1   1   1   1  25   1   2   1   1 BWL   1  12   1 856   1   1
Pudel1  98   1   1   1   1  25   1   2   1   1 BWL   1  13   5 1127   5   1
Pudel1  98   1   1   1   1  25   1   2   1   1 BWL   1  14   2 976   2   1
Pudel1  98   1   1   1   1  25   1   2   1   1 BWL   1  15   3 1012   3   1
Pudel1  98   1   1   1   1  25   1   2   1   1 BWL   1  16   6 875   6   1
Pudel1  98   1   1   1   1  25   1   2   1   1 BWL   1  17   5 1016   4   0
Pudel1  98   1   1   1   1  25   1   2   1   1 BWL   1  18   2 880   2   1
Pudel1  98   1   1   1   1  25   1   2   1   1 BWL   1  19   1 863   1   1
Pudel1  98   1   1   1   1  25   1   2   1   1 BWL   1  20   5 883   5   1
Pudel1  98   1   1   1   1  25   1   2   1   1 BWL   1  21   6 793   6   1
Pudel1  98   1   1   1   1  25   1   2   1   1 BWL   1  22   2 926   2   1
Pudel1  98   1   1   1   1  25   1   2   1   1 BWL   1  23   3 875   3   1
Pudel1  98   1   1   1   1  25   1   2   1   1 BWL   1  24   5 850   5   1
Pudel1  98   1   1   1   1  25   1   2   1   1 BWL   1  25   2 903   2   1
Pudel1  98   1   1   1   1  25   1   2   1   1 BWL   1  26   3 954   3   1
Pudel1  98   1   1   1   1  25   1   2   1   1 BWL   1  27   5 937   5   1
Pudel1  98   1   1   1   1  25   1   2   1   1 BWL   1  28   2 768   2   1
Pudel1  98   1   1   1   1  25   1   2   1   1 BWL   1  29   4 855   4   1
Pudel1  98   1   1   1   1  25   1   2   1   1 BWL   1  30   6 815   6   1
Pudel1  98   1   1   1   1  25   1   2   1   1 BWL   1  31   5 800   5   1
Pudel1  98   1   1   1   1  25   1   2   1   1 BWL   1  32   1 811   1   1
Pudel1  98   1   1   1   1  25   1   2   1   1 BWL   1  33   2 705   2   1
Pudel1  98   1   1   1   1  25   1   2   1   1 BWL   1  34   3 697   3   1
Pudel1  98   1   1   1   1  25   1   2   1   1 BWL   1  35   4 680   4   1
Pudel1  98   1   1   1   1  25   1   2   1   1 BWL   1  36   5 577   5   1
Pudel1  98   1   1   1   1  25   1   2   1   1 BWL   1  37   6 574   6   1
Pudel1  98   1   1   1   1  25   1   2   1   1 BWL   1  38   2 824   2   1
Pudel1  98   1   1   1   1  25   1   2   1   1 BWL   1  39   1 709   1   1
Pudel1  98   1   1   1   1  25   1   2   1   1 BWL   1  40   5 792   5   1
Pudel1  98   1   1   1   1  25   1   2   1   1 BWL   1  41   2 757   2   1
Pudel1  98   1   1   1   1  25   1   2   1   1 BWL   1  42   3 1025   3   1
Pudel1  98   1   1   1   1  25   1   2   1   1 BWL   1  43   6 749   6   1
Pudel1  98   1   1   1   1  25   1   2   1   1 BWL   1  44   5 782   5   1
Pudel1  98   1   1   1   1  25   1   2   1   1 BWL   1  45   1 825   1   1
Pudel1  98   1   1   1   1  25   1   2   1   1 BWL   1  46   4 1174   4   1
Pudel1  98   1   1   1   1  25   1   2   1   1 BWL   1  47   5 763   5   1
Pudel1  98   1   1   1   1  25   1   2   1   1 BWL   1  48   2 932   2   1
Pudel1  98   1   1   1   1  25   1   2   1   1 BWL   1  49   4 1189   4   1
Pudel1  98   1   1   1   1  25   1   2   1   1 BWL   1  50   5 722   5   1
Pudel1  98   1   1   1   1  25   1   2   1   1 BWL   1  51   2 785   2   1
Pudel1  98   1   1   1   1  25   1   2   1   1 BWL   1  52   3 769   3   1
Pudel1  98   1   1   1   1  25   1   2   1   1 BWL   1  53   6 789   6   1
Pudel1  98   1   1   1   1  25   1   2   1   1 BWL   1  54   1 756   1   1
Pudel1  98   1   1   1   1  25   1   2   1   1 BWL   1  55   5 859   5   1
Pudel1  98   1   1   1   1  25   1   2   1   1 BWL   1  56   2 723   2   1
Pudel1  98   1   1   1   1  25   1   2   1   1 BWL   1  57   4 1125   4   1
Pudel1  98   1   1   1   1  25   1   2   1   1 BWL   1  58   5 733   5   1
Pudel1  98   1   1   1   1  25   1   2   1   1 BWL   1  59   6 659   6   1
Pudel1  98   1   1   1   1  25   1   2   1   1 BWL   1  60   2 755   2   1
Pudel1  98   1   1   1   1  25   1   2   1   1 BWL   1  61   1 714   1   1
Pudel1  98   1   1   1   1  25   1   2   1   1 BWL   1  62   5 772   5   1
Pudel1  98   1   1   1   1  25   1   2   1   1 BWL   1  63   2 690   2   1
Pudel1  98   1   1   1   1  25   1   2   1   1 BWL   1  64   3 741   3   1
Pudel1  98   1   1   1   1  25   1   2   1   1 BWL   1  65   6 746   6   1
Pudel1  98   1   1   1   1  25   1   2   1   1 BWL   1  66   5 721   5   1
Pudel1  98   1   1   1   1  25   1   2   1   1 BWL   1  67   3 874   3   1
Pudel1  98   1   1   1   1  25   1   2   1   1 BWL   1  68   2 671   2   1
Pudel1  98   1   1   1   1  25   1   2   1   1 BWL   1  69   1 676   1   1
Pudel1  98   1   1   1   1  25   1   2   1   1 BWL   1  70   5 670   5   1
Pudel1  98   1   1   1   1  25   1   2   1   1 BWL   1  71   4 681   4   1
Pudel1  98   1   1   1   1  25   1   2   1   1 BWL   1  72   2 648   2   1
Pudel1  98   1   1   1   1  25   1   2   1   1 BWL   1  73   1 585   1   1
Pudel1  98   1   1   1   1  25   1   2   1   1 BWL   1  74   3 612   3   1
Pudel1  98   1   1   1   1  25   1   2   1   1 BWL   1  75   6 743   6   1
Pudel1  98   1   1   1   1  25   1   2   1   1 BWL   1  76   5 638   5   1
Pudel1  98   1   1   1   1  25   1   2   1   1 BWL   1  77   2 702   2   1
Pudel1  98   1   1   1   1  25   1   2   1   1 BWL   1  78   5 625   4   0
Pudel1  98   1   1   1   1  25   1   2   1   1 BWL   1  79   5 791   5   1
Pudel1  98   1   1   1   1  25   1   2   1   1 BWL   1  80   2 905   2   1
Pudel1  98   1   1   1   1  25   1   2   1   1 BWL   1  81   6 837   6   1
Pudel1  98   1   1   1   1  25   1   2   1   1 BWL   1  82   5 877   5   1
Pudel1  98   1   1   1   1  25   1   2   1   1 BWL   1  83   3 762   3   1
Pudel1  98   1   1   1   1  25   1   2   1   1 BWL   1  84   4 720   4   1
Pudel1  98   1   1   1   1  25   1   2   1   1 BWL   1  85   2 980   2   1
Pudel1  98   1   1   1   1  25   1   2   1   1 BWL   1  86   1 843   1   1
Pudel1  98   1   1   1   1  25   1   2   1   1 BWL   1  87   5 940   5   1
Pudel1  98   1   1   1   1  25   1   2   1   1 BWL   1  88   2 734   2   1
Pudel1  98   1   1   1   1  25   1   2   1   1 BWL   1  89   3 722   3   1
Pudel1  98   1   1   1   1  25   1   2   1   1 BWL   1  90   5 686   5   1
Pudel1  98   1   1   1   1  25   1   2   1   1 BWL   1  91   3 706   4   0
Pudel1  98   1   1   1   1  25   1   2   1   1 BWL   1  92   2 751   2   1
Pudel1  98   1   1   1   1  25   1   2   1   1 BWL   1  93   6 753   6   1
Pudel1  98   1   1   1   1  25   1   2   1   1 BWL   1  94   1 909   1   1
Pudel1  98   1   1   1   1  25   1   2   1   1 BWL   1  95   2 918   2   1
Pudel1  98   1   1   1   1  25   1   2   1   1 BWL   1  96   5 901   5   1
Pudel1  98   1   1   1   1  25   1   2   1   1 BWL   1  97   4 695   4   1
Pudel1  98   1   1   1   1  25   1   2   1   1 BWL   1  98   2 775   2   1
Pudel1  98   1   1   1   1  25   1   2   1   1 BWL   1  99   5 837   5   1
Pudel1  98   1   1   1   1  25   1   2   1   1 BWL   1 100   6 671   6   1
Pudel1  98   1   1   1   1  25   1   2   1   1 BWL   1 101   1 728   1   1
Pudel1  98   1   1   1   1  25   1   2   1   1 BWL   1 102   5 760   5   1
Pudel1  98   1   1   1   1  25   1   2   1   1 BWL   1 103   3 1193   3   1
Pudel1  98   1   1   1   1  25   1   2   1   1 BWL   1 104   2 867   2   1
Pudel1  98   1   1   1   1  25   1   2   1   1 BWL   1 105   5 1005   5   1
Pudel1  98   1   1   1   1  25   1   2   1   1 BWL   1 106   3 838   3   1
Pudel1  98   1   1   1   1  25   1   2   1   1 BWL   1 107   4 801   4   1
Pudel1  98   1   1   1   1  25   1   2   1   1 BWL   1 108   1 826   1   1
Pudel1  98   1   1   1   1  25   1   2   1   1 BWL   1 109   2 693   2   1
Pudel1  98   1   1   1   1  25   1   2   1   1 BWL   1 110   6 739   6   1
Pudel1  98   1   1   1   1  25   1   2   1   1 BWL   1 111   5 665   5   1
Pudel1  98   1   1   1   1  25   1   2   1   1 BWL   1 112   2 736   2   1
Pudel1  98   1   1   1   1  25   1   2   1   1 BWL   1 113   6 750   6   1
Pudel1  98   1   1   1   1  25   1   2   1   1 BWL   1 114   5 818   5   1
Pudel1  98   1   1   1   1  25   1   2   1   1 BWL   1 115   4 639   4   1
Pudel1  98   1   1   1   1  25   1   2   1   1 BWL   1 116   2 722   2   1
Pudel1  98   1   1   1   1  25   1   2   1   1 BWL   1 117   3 706   3   1
Pudel1  98   1   1   1   1  25   1   2   1   1 BWL   1 118   5 758   5   1
Pudel1  98   1   1   1   1  25   1   2   1   1 BWL   1 119   1 748   1   1
Pudel1  98   1   1   1   1  25   1   2   1   1 BWL   1 120   2 723   2   1
Pudel1  98   1   1   1   1  25   1   2   1   1 BWL   1 121   3 774   3   1
Pudel1  98   1   1   1   1  25   1   2   1   1 BWL   1 122   1 832   1   1
Pudel1  98   1   1   1   1  25   1   2   1   1 BWL   1 123   5 1015   5   1
Pudel1  98   1   1   1   1  25   1   2   1   1 BWL   1 124   2 730   2   1
Pudel1  98   1   1   1   1  25   1   2   1   1 BWL   1 125   4 1042   4   1
Pudel1  98   1   1   1   1  25   1   2   1   1 BWL   1 126   6 696   6   1
Pudel1  98   1   1   1   1  25   1   2   1   1 BWL   1 127   2 752   2   1
Pudel1  98   1   1   1   1  25   1   2   1   1 BWL   1 128   5 1192   5   1
Pudel1  98   1   1   1   1  25   1   2   1   1 BWL   1 129   4 793   4   1
Pudel1  98   1   1   1   1  25   1   2   1   1 BWL   1 130   2 658   2   1
Pudel1  98   1   1   1   1  25   1   2   1   1 BWL   1 131   5 835   5   1
Pudel1  98   1   1   1   1  25   1   2   1   1 BWL   1 132   1 661   1   1
Pudel1  98   1   1   1   1  25   1   2   1   1 BWL   1 133   2 830   2   1
Pudel1  98   1   1   1   1  25   1   2   1   1 BWL   1 134   3 630   3   1
Pudel1  98   1   1   1   1  25   1   2   1   1 BWL   1 135   6 751   6   1
Pudel1  98   1   1   1   1  25   1   2   1   1 BWL   1 136   5 729   5   1
Pudel1  98   1   1   1   1  25   1   2   1   1 BWL   1 137   3 1038   3   1
Pudel1  98   1   1   1   1  25   1   2   1   1 BWL   1 138   6 782   6   1
Pudel1  98   1   1   1   1  25   1   2   1   1 BWL   1 139   1 802   1   1
Pudel1  98   1   1   1   1  25   1   2   1   1 BWL   1 140   2 694   2   1
Pudel1  98   1   1   1   1  25   1   2   1   1 BWL   1 141   5 948   5   1
Pudel1  98   1   1   1   1  25   1   2   1   1 BWL   1 142   4 844   4   1
Pudel1  98   1   1   1   1  25   1   2   1   1 BWL   1 143   2 707   2   1
Pudel1  98   1   1   1   1  25   1   2   1   1 BWL   1 144   5 874   5   1
Pudel1  98   1   1   1   1  25   1   2   1   1 BWL   2   1   5 719   4   0
Pudel1  98   1   1   1   1  25   1   2   1   1 BWL   2   2   1 1191   1   1
Pudel1  98   1   1   1   1  25   1   2   1   1 BWL   2   3   5 986   5   1
Pudel1  98   1   1   1   1  25   1   2   1   1 BWL   2   4   2 860   2   1
Pudel1  98   1   1   1   1  25   1   2   1   1 BWL   2   5   3 922   3   1
Pudel1  98   1   1   1   1  25   1   2   1   1 BWL   2   6   6 782   6   1
Pudel1  98   1   1   1   1  25   1   2   1   1 BWL   2   7   5 758   5   1
Pudel1  98   1   1   1   1  25   1   2   1   1 BWL   2   8   2 1070   2   1
Pudel1  98   1   1   1   1  25   1   2   1   1 BWL   2   9   4 790   4   1
Pudel1  98   1   1   1   1  25   1   2   1   1 BWL   2  10   5 679   5   1
Pudel1  98   1   1   1   1  25   1   2   1   1 BWL   2  11   2 794   2   1
Pudel1  98   1   1   1   1  25   1   2   1   1 BWL   2  12   1 761   1   1
Pudel1  98   1   1   1   1  25   1   2   1   1 BWL   2  13   5 779   5   1
Pudel1  98   1   1   1   1  25   1   2   1   1 BWL   2  14   2 721   2   1
Pudel1  98   1   1   1   1  25   1   2   1   1 BWL   2  15   3 781   3   1
Pudel1  98   1   1   1   1  25   1   2   1   1 BWL   2  16   6 752   6   1
Pudel1  98   1   1   1   1  25   1   2   1   1 BWL   2  17   4 1168   4   1
Pudel1  98   1   1   1   1  25   1   2   1   1 BWL   2  18   2 698   2   1
Pudel1  98   1   1   1   1  25   1   2   1   1 BWL   2  19   1 775   1   1
Pudel1  98   1   1   1   1  25   1   2   1   1 BWL   2  20   5 828   5   1
Pudel1  98   1   1   1   1  25   1   2   1   1 BWL   2  21   6 742   6   1
Pudel1  98   1   1   1   1  25   1   2   1   1 BWL   2  22   2 755   2   1
Pudel1  98   1   1   1   1  25   1   2   1   1 BWL   2  23   3 677   3   1
Pudel1  98   1   1   1   1  25   1   2   1   1 BWL   2  24   5 677   5   1
Pudel1  98   1   1   1   1  25   1   2   1   1 BWL   2  25   2 701   2   1
Pudel1  98   1   1   1   1  25   1   2   1   1 BWL   2  26   3 744   3   1
Pudel1  98   1   1   1   1  25   1   2   1   1 BWL   2  27   5 783   5   1
Pudel1  98   1   1   1   1  25   1   2   1   1 BWL   2  28   2 701   2   1
Pudel1  98   1   1   1   1  25   1   2   1   1 BWL   2  29   4 702   4   1
Pudel1  98   1   1   1   1  25   1   2   1   1 BWL   2  30   6 662   6   1
Pudel1  98   1   1   1   1  25   1   2   1   1 BWL   2  31   5 745   5   1
Pudel1  98   1   1   1   1  25   1   2   1   1 BWL   2  32   1 768   1   1
Pudel1  98   1   1   1   1  25   1   2   1   1 BWL   2  33   2 636   2   1
Pudel1  98   1   1   1   1  25   1   2   1   1 BWL   2  34   3 621   3   1
Pudel1  98   1   1   1   1  25   1   2   1   1 BWL   2  35   4 659   4   1
Pudel1  98   1   1   1   1  25   1   2   1   1 BWL   2  36   5 544   5   1
Pudel1  98   1   1   1   1  25   1   2   1   1 BWL   2  37   6 559   6   1
Pudel1  98   1   1   1   1  25   1   2   1   1 BWL   2  38   2 674   2   1
Pudel1  98   1   1   1   1  25   1   2   1   1 BWL   2  39   1 696   1   1
Pudel1  98   1   1   1   1  25   1   2   1   1 BWL   2  40   5 853   5   1
Pudel1  98   1   1   1   1  25   1   2   1   1 BWL   2  41   2 653   2   1
Pudel1  98   1   1   1   1  25   1   2   1   1 BWL   2  42   3 601   3   1
Pudel1  98   1   1   1   1  25   1   2   1   1 BWL   2  43   6 664   6   1
Pudel1  98   1   1   1   1  25   1   2   1   1 BWL   2  44   5 621   5   1
Pudel1  98   1   1   1   1  25   1   2   1   1 BWL   2  45   1 637   1   1
Pudel1  98   1   1   1   1  25   1   2   1   1 BWL   2  46   4 993   4   1
Pudel1  98   1   1   1   1  25   1   2   1   1 BWL   2  47   5 625   5   1
Pudel1  98   1   1   1   1  25   1   2   1   1 BWL   2  48   2 703   2   1
Pudel1  98   1   1   1   1  25   1   2   1   1 BWL   2  49   4 1021   4   1
Pudel1  98   1   1   1   1  25   1   2   1   1 BWL   2  50   5 691   5   1
Pudel1  98   1   1   1   1  25   1   2   1   1 BWL   2  51   2 816   2   1
Pudel1  98   1   1   1   1  25   1   2   1   1 BWL   2  52   3 647   3   1
Pudel1  98   1   1   1   1  25   1   2   1   1 BWL   2  53   6 703   6   1
Pudel1  98   1   1   1   1  25   1   2   1   1 BWL   2  54   1 848   1   1
Pudel1  98   1   1   1   1  25   1   2   1   1 BWL   2  55   5 955   5   1
Pudel1  98   1   1   1   1  25   1   2   1   1 BWL   2  56   2 717   2   1
Pudel1  98   1   1   1   1  25   1   2   1   1 BWL   2  57   4 1197   4   1
Pudel1  98   1   1   1   1  25   1   2   1   1 BWL   2  58   5 842   5   1
Pudel1  98   1   1   1   1  25   1   2   1   1 BWL   2  59   6 737   6   1
Pudel1  98   1   1   1   1  25   1   2   1   1 BWL   2  60   2 750   2   1
Pudel1  98   1   1   1   1  25   1   2   1   1 BWL   2  61   1 691   1   1
Pudel1  98   1   1   1   1  25   1   2   1   1 BWL   2  62   5 917   5   1
Pudel1  98   1   1   1   1  25   1   2   1   1 BWL   2  63   2 667   2   1
Pudel1  98   1   1   1   1  25   1   2   1   1 BWL   2  64   3 707   3   1
Pudel1  98   1   1   1   1  25   1   2   1   1 BWL   2  65   6 733   6   1
Pudel1  98   1   1   1   1  25   1   2   1   1 BWL   2  66   5 739   5   1
Pudel1  98   1   1   1   1  25   1   2   1   1 BWL   2  67   2 1612   3   0
Pudel1  98   1   1   1   1  25   1   2   1   1 BWL   2  68   2 931   2   1
Pudel1  98   1   1   1   1  25   1   2   1   1 BWL   2  69   1 683   1   1
Pudel1  98   1   1   1   1  25   1   2   1   1 BWL   2  70   5 917   5   1
Pudel1  98   1   1   1   1  25   1   2   1   1 BWL   2  71   4 753   4   1
Pudel1  98   1   1   1   1  25   1   2   1   1 BWL   2  72   2 716   2   1
Pudel1  98   1   1   1   1  25   1   2   1   1 BWL   2  73   1 598   1   1
Pudel1  98   1   1   1   1  25   1   2   1   1 BWL   2  74   3 643   3   1
Pudel1  98   1   1   1   1  25   1   2   1   1 BWL   2  75   6 729   6   1
Pudel1  98   1   1   1   1  25   1   2   1   1 BWL   2  76   5 623   5   1
Pudel1  98   1   1   1   1  25   1   2   1   1 BWL   2  77   2 856   2   1
Pudel1  98   1   1   1   1  25   1   2   1   1 BWL   2  78   4 1174   4   1
Pudel1  98   1   1   1   1  25   1   2   1   1 BWL   2  79   5 608   5   1
Pudel1  98   1   1   1   1  25   1   2   1   1 BWL   2  80   2 737   2   1
Pudel1  98   1   1   1   1  25   1   2   1   1 BWL   2  81   6 744   6   1
Pudel1  98   1   1   1   1  25   1   2   1   1 BWL   2  82   5 734   5   1
Pudel1  98   1   1   1   1  25   1   2   1   1 BWL   2  83   2 696   3   0
Pudel1  98   1   1   1   1  25   1   2   1   1 BWL   2  84   4 1070   4   1
Pudel1  98   1   1   1   1  25   1   2   1   1 BWL   2  85   2 827   2   1
Pudel1  98   1   1   1   1  25   1   2   1   1 BWL   2  86   1 769   1   1
Pudel1  98   1   1   1   1  25   1   2   1   1 BWL   2  87   5 898   5   1
Pudel1  98   1   1   1   1  25   1   2   1   1 BWL   2  88   2 980   2   1
Pudel1  98   1   1   1   1  25   1   2   1   1 BWL   2  89   3 918   3   1
Pudel1  98   1   1   1   1  25   1   2   1   1 BWL   2  90   5 688   5   1
Pudel1  98   1   1   1   1  25   1   2   1   1 BWL   2  91   4 732   4   1
Pudel1  98   1   1   1   1  25   1   2   1   1 BWL   2  92   2 715   2   1
Pudel1  98   1   1   1   1  25   1   2   1   1 BWL   2  93   6 707   6   1
Pudel1  98   1   1   1   1  25   1   2   1   1 BWL   2  94   1 665   1   1
Pudel1  98   1   1   1   1  25   1   2   1   1 BWL   2  95   2 916   2   1
Pudel1  98   1   1   1   1  25   1   2   1   1 BWL   2  96   5 835   5   1
Pudel1  98   1   1   1   1  25   1   2   1   1 BWL   2  97   4 646   4   1
Pudel1  98   1   1   1   1  25   1   2   1   1 BWL   2  98   2 626   2   1
Pudel1  98   1   1   1   1  25   1   2   1   1 BWL   2  99   5 839   5   1
Pudel1  98   1   1   1   1  25   1   2   1   1 BWL   2 100   6 1519   6   1
Pudel1  98   1   1   1   1  25   1   2   1   1 BWL   2 101   1 763   1   1
Pudel1  98   1   1   1   1  25   1   2   1   1 BWL   2 102   5 698   5   1
Pudel1  98   1   1   1   1  25   1   2   1   1 BWL   2 103   3 938   3   1
Pudel1  98   1   1   1   1  25   1   2   1   1 BWL   2 104   2 687   2   1
Pudel1  98   1   1   1   1  25   1   2   1   1 BWL   2 105   5 650   5   1
Pudel1  98   1   1   1   1  25   1   2   1   1 BWL   2 106   3 1047   3   1
Pudel1  98   1   1   1   1  25   1   2   1   1 BWL   2 107   4 625   4   1
Pudel1  98   1   1   1   1  25   1   2   1   1 BWL   2 108   1 805   1   1
Pudel1  98   1   1   1   1  25   1   2   1   1 BWL   2 109   2 990   2   1
Pudel1  98   1   1   1   1  25   1   2   1   1 BWL   2 110   6 807   6   1
Pudel1  98   1   1   1   1  25   1   2   1   1 BWL   2 111   5 685   5   1
Pudel1  98   1   1   1   1  25   1   2   1   1 BWL   2 112   2 858   2   1
Pudel1  98   1   1   1   1  25   1   2   1   1 BWL   2 113   6 824   6   1
Pudel1  98   1   1   1   1  25   1   2   1   1 BWL   2 114   5 730   5   1
Pudel1  98   1   1   1   1  25   1   2   1   1 BWL   2 115   4 791   4   1
Pudel1  98   1   1   1   1  25   1   2   1   1 BWL   2 116   2 682   2   1
Pudel1  98   1   1   1   1  25   1   2   1   1 BWL   2 117   3 886   3   1
Pudel1  98   1   1   1   1  25   1   2   1   1 BWL   2 118   5 598   5   1
Pudel1  98   1   1   1   1  25   1   2   1   1 BWL   2 119   1 671   1   1
Pudel1  98   1   1   1   1  25   1   2   1   1 BWL   2 120   2 611   2   1
Pudel1  98   1   1   1   1  25   1   2   1   1 BWL   2 121   3 730   3   1
Pudel1  98   1   1   1   1  25   1   2   1   1 BWL   2 122   1 671   1   1
Pudel1  98   1   1   1   1  25   1   2   1   1 BWL   2 123   5 728   5   1
Pudel1  98   1   1   1   1  25   1   2   1   1 BWL   2 124   2 728   2   1
Pudel1  98   1   1   1   1  25   1   2   1   1 BWL   2 125   4 1287   4   1
Pudel1  98   1   1   1   1  25   1   2   1   1 BWL   2 126   6 698   6   1
Pudel1  98   1   1   1   1  25   1   2   1   1 BWL   2 127   2 792   2   1
Pudel1  98   1   1   1   1  25   1   2   1   1 BWL   2 128   5 853   5   1
Pudel1  98   1   1   1   1  25   1   2   1   1 BWL   2 129   4 877   4   1
Pudel1  98   1   1   1   1  25   1   2   1   1 BWL   2 130   2 685   2   1
Pudel1  98   1   1   1   1  25   1   2   1   1 BWL   2 131   5 810   5   1
Pudel1  98   1   1   1   1  25   1   2   1   1 BWL   2 132   1 776   1   1
Pudel1  98   1   1   1   1  25   1   2   1   1 BWL   2 133   2 634   2   1
Pudel1  98   1   1   1   1  25   1   2   1   1 BWL   2 134   3 1021   3   1
Pudel1  98   1   1   1   1  25   1   2   1   1 BWL   2 135   6 761   6   1
Pudel1  98   1   1   1   1  25   1   2   1   1 BWL   2 136   5 725   5   1
Pudel1  98   1   1   1   1  25   1   2   1   1 BWL   2 137   3 962   3   1
Pudel1  98   1   1   1   1  25   1   2   1   1 BWL   2 138   6 784   6   1
Pudel1  98   1   1   1   1  25   1   2   1   1 BWL   2 139   1 785   1   1
Pudel1  98   1   1   1   1  25   1   2   1   1 BWL   2 140   2 634   2   1
Pudel1  98   1   1   1   1  25   1   2   1   1 BWL   2 141   5 826   5   1
Pudel1  98   1   1   1   1  25   1   2   1   1 BWL   2 142   4 769   4   1
Pudel1  98   1   1   1   1  25   1   2   1   1 BWL   2 143   2 705   2   1
Pudel1  98   1   1   1   1  25   1   2   1   1 BWL   2 144   5 785   5   1
Pudel1  98   1   1   1   1  25   1   2   1   1 BWL   3   1   4 1047   4   1
Pudel1  98   1   1   1   1  25   1   2   1   1 BWL   3   2   1 811   1   1
Pudel1  98   1   1   1   1  25   1   2   1   1 BWL   3   3   5 644   5   1
Pudel1  98   1   1   1   1  25   1   2   1   1 BWL   3   4   2 727   2   1
Pudel1  98   1   1   1   1  25   1   2   1   1 BWL   3   5   3 725   3   1
Pudel1  98   1   1   1   1  25   1   2   1   1 BWL   3   6   6 745   6   1
Pudel1  98   1   1   1   1  25   1   2   1   1 BWL   3   7   5 774   5   1
Pudel1  98   1   1   1   1  25   1   2   1   1 BWL   3   8   2 806   2   1
Pudel1  98   1   1   1   1  25   1   2   1   1 BWL   3   9   4 997   4   1
Pudel1  98   1   1   1   1  25   1   2   1   1 BWL   3  10   5 651   5   1
Pudel1  98   1   1   1   1  25   1   2   1   1 BWL   3  11   2 810   2   1
Pudel1  98   1   1   1   1  25   1   2   1   1 BWL   3  12   1 708   1   1
Pudel1  98   1   1   1   1  25   1   2   1   1 BWL   3  13   5 816   5   1
Pudel1  98   1   1   1   1  25   1   2   1   1 BWL   3  14   2 709   2   1
Pudel1  98   1   1   1   1  25   1   2   1   1 BWL   3  15   3 746   3   1
Pudel1  98   1   1   1   1  25   1   2   1   1 BWL   3  16   6 717   6   1
Pudel1  98   1   1   1   1  25   1   2   1   1 BWL   3  17   4 923   4   1
Pudel1  98   1   1   1   1  25   1   2   1   1 BWL   3  18   2 737   2   1
Pudel1  98   1   1   1   1  25   1   2   1   1 BWL   3  19   1 751   1   1
Pudel1  98   1   1   1   1  25   1   2   1   1 BWL   3  20   5 958   5   1
Pudel1  98   1   1   1   1  25   1   2   1   1 BWL   3  21   6 759   6   1
Pudel1  98   1   1   1   1  25   1   2   1   1 BWL   3  22   2 831   2   1
Pudel1  98   1   1   1   1  25   1   2   1   1 BWL   3  23   3 679   3   1
Pudel1  98   1   1   1   1  25   1   2   1   1 BWL   3  24   5 767   5   1
Pudel1  98   1   1   1   1  25   1   2   1   1 BWL   3  25   2 855   2   1
Pudel1  98   1   1   1   1  25   1   2   1   1 BWL   3  26   3 766   3   1
Pudel1  98   1   1   1   1  25   1   2   1   1 BWL   3  27   5 702   5   1
Pudel1  98   1   1   1   1  25   1   2   1   1 BWL   3  28   2 958   2   1
Pudel1  98   1   1   1   1  25   1   2   1   1 BWL   3  29   4 980   4   1
Pudel1  98   1   1   1   1  25   1   2   1   1 BWL   3  30   6 682   6   1
Pudel1  98   1   1   1   1  25   1   2   1   1 BWL   3  31   5 819   5   1
Pudel1  98   1   1   1   1  25   1   2   1   1 BWL   3  32   1 754   1   1
Pudel1  98   1   1   1   1  25   1   2   1   1 BWL   3  33   2 678   2   1
Pudel1  98   1   1   1   1  25   1   2   1   1 BWL   3  34   3 607   3   1
Pudel1  98   1   1   1   1  25   1   2   1   1 BWL   3  35   4 595   4   1
Pudel1  98   1   1   1   1  25   1   2   1   1 BWL   3  36   5 528   5   1
Pudel1  98   1   1   1   1  25   1   2   1   1 BWL   3  37   6 558   6   1
Pudel1  98   1   1   1   1  25   1   2   1   1 BWL   3  38   2 903   2   1
Pudel1  98   1   1   1   1  25   1   2   1   1 BWL   3  39   1 731   1   1
Pudel1  98   1   1   1   1  25   1   2   1   1 BWL   3  40   5 662   5   1
Pudel1  98   1   1   1   1  25   1   2   1   1 BWL   3  41   2 639   2   1
Pudel1  98   1   1   1   1  25   1   2   1   1 BWL   3  42   3 737   3   1
Pudel1  98   1   1   1   1  25   1   2   1   1 BWL   3  43   6 736   6   1
Pudel1  98   1   1   1   1  25   1   2   1   1 BWL   3  44   5 681   5   1
Pudel1  98   1   1   1   1  25   1   2   1   1 BWL   3  45   1 803   1   1
Pudel1  98   1   1   1   1  25   1   2   1   1 BWL   3  46   4 950   4   1
Pudel1  98   1   1   1   1  25   1   2   1   1 BWL   3  47   5 629   5   1
Pudel1  98   1   1   1   1  25   1   2   1   1 BWL   3  48   2 783   2   1
Pudel1  98   1   1   1   1  25   1   2   1   1 BWL   3  49   4 1435   4   1
Pudel1  98   1   1   1   1  25   1   2   1   1 BWL   3  50   5 679   5   1
Pudel1  98   1   1   1   1  25   1   2   1   1 BWL   3  51   2 745   2   1
Pudel1  98   1   1   1   1  25   1   2   1   1 BWL   3  52   3 761   3   1
Pudel1  98   1   1   1   1  25   1   2   1   1 BWL   3  53   6 753   6   1
Pudel1  98   1   1   1   1  25   1   2   1   1 BWL   3  54   1 632   1   1
Pudel1  98   1   1   1   1  25   1   2   1   1 BWL   3  55   5 643   5   1
Pudel1  98   1   1   1   1  25   1   2   1   1 BWL   3  56   2 935   2   1
Pudel1  98   1   1   1   1  25   1   2   1   1 BWL   3  57   4 819   4   1
Pudel1  98   1   1   1   1  25   1   2   1   1 BWL   3  58   5 619   5   1
Pudel1  98   1   1   1   1  25   1   2   1   1 BWL   3  59   6 766   6   1
Pudel1  98   1   1   1   1  25   1   2   1   1 BWL   3  60   2 765   2   1
Pudel1  98   1   1   1   1  25   1   2   1   1 BWL   3  61   1 860   1   1
Pudel1  98   1   1   1   1  25   1   2   1   1 BWL   3  62   5 1506   5   1
Pudel1  98   1   1   1   1  25   1   2   1   1 BWL   3  63   2 746   2   1
Pudel1  98   1   1   1   1  25   1   2   1   1 BWL   3  64   3 687   3   1
Pudel1  98   1   1   1   1  25   1   2   1   1 BWL   3  65   6 707   6   1
Pudel1  98   1   1   1   1  25   1   2   1   1 BWL   3  66   5 892   5   1
Pudel1  98   1   1   1   1  25   1   2   1   1 BWL   3  67   3 921   3   1
Pudel1  98   1   1   1   1  25   1   2   1   1 BWL   3  68   2 605   2   1
Pudel1  98   1   1   1   1  25   1   2   1   1 BWL   3  69   1 577   1   1
Pudel1  98   1   1   1   1  25   1   2   1   1 BWL   3  70   5 830   5   1
Pudel1  98   1   1   1   1  25   1   2   1   1 BWL   3  71   4 791   4   1
Pudel1  98   1   1   1   1  25   1   2   1   1 BWL   3  72   2 673   2   1
Pudel1  98   1   1   1   1  25   1   2   1   1 BWL   3  73   1 712   1   1
Pudel1  98   1   1   1   1  25   1   2   1   1 BWL   3  74   3 703   3   1
Pudel1  98   1   1   1   1  25   1   2   1   1 BWL   3  75   6 701   6   1
Pudel1  98   1   1   1   1  25   1   2   1   1 BWL   3  76   5 811   5   1
Pudel1  98   1   1   1   1  25   1   2   1   1 BWL   3  77   2 698   2   1
Pudel1  98   1   1   1   1  25   1   2   1   1 BWL   3  78   4 979   4   1
Pudel1  98   1   1   1   1  25   1   2   1   1 BWL   3  79   5 721   5   1
Pudel1  98   1   1   1   1  25   1   2   1   1 BWL   3  80   2 651   2   1
Pudel1  98   1   1   1   1  25   1   2   1   1 BWL   3  81   6 694   6   1
Pudel1  98   1   1   1   1  25   1   2   1   1 BWL   3  82   5 699   5   1
Pudel1  98   1   1   1   1  25   1   2   1   1 BWL   3  83   3 1158   3   1
Pudel1  98   1   1   1   1  25   1   2   1   1 BWL   3  84   5 665   4   0
Pudel1  98   1   1   1   1  25   1   2   1   1 BWL   3  85   2 1102   2   1
Pudel1  98   1   1   1   1  25   1   2   1   1 BWL   3  86   1 860   1   1
Pudel1  98   1   1   1   1  25   1   2   1   1 BWL   3  87   5 804   5   1
Pudel1  98   1   1   1   1  25   1   2   1   1 BWL   3  88   2 770   2   1
Pudel1  98   1   1   1   1  25   1   2   1   1 BWL   3  89   3 660   3   1
Pudel1  98   1   1   1   1  25   1   2   1   1 BWL   3  90   5 940   5   1
Pudel1  98   1   1   1   1  25   1   2   1   1 BWL   3  91   4 783   4   1
Pudel1  98   1   1   1   1  25   1   2   1   1 BWL   3  92   2 747   2   1
Pudel1  98   1   1   1   1  25   1   2   1   1 BWL   3  93   6 676   6   1
Pudel1  98   1   1   1   1  25   1   2   1   1 BWL   3  94   1 739   1   1
Pudel1  98   1   1   1   1  25   1   2   1   1 BWL   3  95   2 716   2   1
Pudel1  98   1   1   1   1  25   1   2   1   1 BWL   3  96   5 1029   5   1
Pudel1  98   1   1   1   1  25   1   2   1   1 BWL   3  97   4 779   4   1
Pudel1  98   1   1   1   1  25   1   2   1   1 BWL   3  98   2 672   2   1
Pudel1  98   1   1   1   1  25   1   2   1   1 BWL   3  99   5 815   5   1
Pudel1  98   1   1   1   1  25   1   2   1   1 BWL   3 100   6 701   6   1
Pudel1  98   1   1   1   1  25   1   2   1   1 BWL   3 101   1 808   1   1
Pudel1  98   1   1   1   1  25   1   2   1   1 BWL   3 102   5 763   5   1
Pudel1  98   1   1   1   1  25   1   2   1   1 BWL   3 103   3 1371   3   1
Pudel1  98   1   1   1   1  25   1   2   1   1 BWL   3 104   2 870   2   1
Pudel1  98   1   1   1   1  25   1   2   1   1 BWL   3 105   5 956   5   1
Pudel1  98   1   1   1   1  25   1   2   1   1 BWL   3 106   3 1380   3   1
Pudel1  98   1   1   1   1  25   1   2   1   1 BWL   3 107   4 784   4   1
Pudel1  98   1   1   1   1  25   1   2   1   1 BWL   3 108   1 727   1   1
Pudel1  98   1   1   1   1  25   1   2   1   1 BWL   3 109   2 722   2   1
Pudel1  98   1   1   1   1  25   1   2   1   1 BWL   3 110   6 788   6   1
Pudel1  98   1   1   1   1  25   1   2   1   1 BWL   3 111   5 689   5   1
Pudel1  98   1   1   1   1  25   1   2   1   1 BWL   3 112   2 755   2   1
Pudel1  98   1   1   1   1  25   1   2   1   1 BWL   3 113   6 700   6   1
Pudel1  98   1   1   1   1  25   1   2   1   1 BWL   3 114   5 766   5   1
Pudel1  98   1   1   1   1  25   1   2   1   1 BWL   3 115   5 730   4   0
Pudel1  98   1   1   1   1  25   1   2   1   1 BWL   3 116   2 866   2   1
Pudel1  98   1   1   1   1  25   1   2   1   1 BWL   3 117   3 788   3   1
Pudel1  98   1   1   1   1  25   1   2   1   1 BWL   3 118   5 782   5   1
Pudel1  98   1   1   1   1  25   1   2   1   1 BWL   3 119   1 802   1   1
Pudel1  98   1   1   1   1  25   1   2   1   1 BWL   3 120   2 661   2   1
Pudel1  98   1   1   1   1  25   1   2   1   1 BWL   3 121   3 841   3   1
Pudel1  98   1   1   1   1  25   1   2   1   1 BWL   3 122   1 830   1   1
Pudel1  98   1   1   1   1  25   1   2   1   1 BWL   3 123   5 1005   5   1
Pudel1  98   1   1   1   1  25   1   2   1   1 BWL   3 124   2 763   2   1
Pudel1  98   1   1   1   1  25   1   2   1   1 BWL   3 125   4 845   4   1
Pudel1  98   1   1   1   1  25   1   2   1   1 BWL   3 126   6 758   6   1
Pudel1  98   1   1   1   1  25   1   2   1   1 BWL   3 127   2 686   2   1
Pudel1  98   1   1   1   1  25   1   2   1   1 BWL   3 128   5 769   5   1
Pudel1  98   1   1   1   1  25   1   2   1   1 BWL   3 129   4 715   4   1
Pudel1  98   1   1   1   1  25   1   2   1   1 BWL   3 130   2 685   2   1
Pudel1  98   1   1   1   1  25   1   2   1   1 BWL   3 131   5 784   5   1
Pudel1  98   1   1   1   1  25   1   2   1   1 BWL   3 132   1 846   1   1
Pudel1  98   1   1   1   1  25   1   2   1   1 BWL   3 133   2 658   2   1
Pudel1  98   1   1   1   1  25   1   2   1   1 BWL   3 134   3 764   3   1
Pudel1  98   1   1   1   1  25   1   2   1   1 BWL   3 135   6 921   6   1
Pudel1  98   1   1   1   1  25   1   2   1   1 BWL   3 136   5 670   5   1
Pudel1  98   1   1   1   1  25   1   2   1   1 BWL   3 137   3 1327   3   1
Pudel1  98   1   1   1   1  25   1   2   1   1 BWL   3 138   6 796   6   1
Pudel1  98   1   1   1   1  25   1   2   1   1 BWL   3 139   1 817   1   1
Pudel1  98   1   1   1   1  25   1   2   1   1 BWL   3 140   2 699   2   1
Pudel1  98   1   1   1   1  25   1   2   1   1 BWL   3 141   5 785   5   1
Pudel1  98   1   1   1   1  25   1   2   1   1 BWL   3 142   4 666   4   1
Pudel1  98   1   1   1   1  25   1   2   1   1 BWL   3 143   2 747   2   1
Pudel1  98   1   1   1   1  25   1   2   1   1 BWL   3 144   5 816   5   1
Pudel1  98   1   1   1   1  25   1   2   1   1 BWL   4   1   4 941   4   1
Pudel1  98   1   1   1   1  25   1   2   1   1 BWL   4   2   1 730   1   1
Pudel1  98   1   1   1   1  25   1   2   1   1 BWL   4   3   5 718   5   1
Pudel1  98   1   1   1   1  25   1   2   1   1 BWL   4   4   2 787   2   1
Pudel1  98   1   1   1   1  25   1   2   1   1 BWL   4   5   3 712   3   1
Pudel1  98   1   1   1   1  25   1   2   1   1 BWL   4   6   6 774   6   1
Pudel1  98   1   1   1   1  25   1   2   1   1 BWL   4   7   5 713   5   1
Pudel1  98   1   1   1   1  25   1   2   1   1 BWL   4   8   2 786   2   1
Pudel1  98   1   1   1   1  25   1   2   1   1 BWL   4   9   4 1046   4   1
Pudel1  98   1   1   1   1  25   1   2   1   1 BWL   4  10   5 710   5   1
Pudel1  98   1   1   1   1  25   1   2   1   1 BWL   4  11   2 873   2   1
Pudel1  98   1   1   1   1  25   1   2   1   1 BWL   4  12   1 751   1   1
Pudel1  98   1   1   1   1  25   1   2   1   1 BWL   4  13   5 1160   5   1
Pudel1  98   1   1   1   1  25   1   2   1   1 BWL   4  14   2 782   2   1
Pudel1  98   1   1   1   1  25   1   2   1   1 BWL   4  15   3 772   3   1
Pudel1  98   1   1   1   1  25   1   2   1   1 BWL   4  16   6 774   6   1
Pudel1  98   1   1   1   1  25   1   2   1   1 BWL   4  17   4 883   4   1
Pudel1  98   1   1   1   1  25   1   2   1   1 BWL   4  18   2 721   2   1
Pudel1  98   1   1   1   1  25   1   2   1   1 BWL   4  19   1 797   1   1
Pudel1  98   1   1   1   1  25   1   2   1   1 BWL   4  20   5 1048   5   1
Pudel1  98   1   1   1   1  25   1   2   1   1 BWL   4  21   6 704   6   1
Pudel1  98   1   1   1   1  25   1   2   1   1 BWL   4  22   2 728   2   1
Pudel1  98   1   1   1   1  25   1   2   1   1 BWL   4  23   3 645   3   1
Pudel1  98   1   1   1   1  25   1   2   1   1 BWL   4  24   5 802   5   1
Pudel1  98   1   1   1   1  25   1   2   1   1 BWL   4  25   1 933   2   0
Pudel1  98   1   1   1   1  25   1   2   1   1 BWL   4  26   3 2267   3   1
Pudel1  98   1   1   1   1  25   1   2   1   1 BWL   4  27   5 1012   5   1
Pudel1  98   1   1   1   1  25   1   2   1   1 BWL   4  28   2 1008   2   1
Pudel1  98   1   1   1   1  25   1   2   1   1 BWL   4  29   4 1173   4   1
Pudel1  98   1   1   1   1  25   1   2   1   1 BWL   4  30   6 793   6   1
Pudel1  98   1   1   1   1  25   1   2   1   1 BWL   4  31   5 864   5   1
Pudel1  98   1   1   1   1  25   1   2   1   1 BWL   4  32   1 927   1   1
Pudel1  98   1   1   1   1  25   1   2   1   1 BWL   4  33   2 651   2   1
Pudel1  98   1   1   1   1  25   1   2   1   1 BWL   4  34   3 633   3   1
Pudel1  98   1   1   1   1  25   1   2   1   1 BWL   4  35   4 547   4   1
Pudel1  98   1   1   1   1  25   1   2   1   1 BWL   4  36   5 510   5   1
Pudel1  98   1   1   1   1  25   1   2   1   1 BWL   4  37   6 622   6   1
Pudel1  98   1   1   1   1  25   1   2   1   1 BWL   4  38   2 732   2   1
Pudel1  98   1   1   1   1  25   1   2   1   1 BWL   4  39   1 871   1   1
Pudel1  98   1   1   1   1  25   1   2   1   1 BWL   4  40   5 745   5   1
Pudel1  98   1   1   1   1  25   1   2   1   1 BWL   4  41   2 655   2   1
Pudel1  98   1   1   1   1  25   1   2   1   1 BWL   4  42   3 845   3   1
Pudel1  98   1   1   1   1  25   1   2   1   1 BWL   4  43   6 776   6   1
Pudel1  98   1   1   1   1  25   1   2   1   1 BWL   4  44   5 695   5   1
Pudel1  98   1   1   1   1  25   1   2   1   1 BWL   4  45   1 742   1   1
Pudel1  98   1   1   1   1  25   1   2   1   1 BWL   4  46   4 985   4   1
Pudel1  98   1   1   1   1  25   1   2   1   1 BWL   4  47   5 673   5   1
Pudel1  98   1   1   1   1  25   1   2   1   1 BWL   4  48   2 705   2   1
Pudel1  98   1   1   1   1  25   1   2   1   1 BWL   4  49   4 1036   4   1
Pudel1  98   1   1   1   1  25   1   2   1   1 BWL   4  50   5 639   5   1
Pudel1  98   1   1   1   1  25   1   2   1   1 BWL   4  51   2 802   2   1
Pudel1  98   1   1   1   1  25   1   2   1   1 BWL   4  52   3 809   3   1
Pudel1  98   1   1   1   1  25   1   2   1   1 BWL   4  53   6 770   6   1
Pudel1  98   1   1   1   1  25   1   2   1   1 BWL   4  54   1 829   1   1
Pudel1  98   1   1   1   1  25   1   2   1   1 BWL   4  55   5 894   5   1
Pudel1  98   1   1   1   1  25   1   2   1   1 BWL   4  56   2 807   2   1
Pudel1  98   1   1   1   1  25   1   2   1   1 BWL   4  57   4 1106   4   1
Pudel1  98   1   1   1   1  25   1   2   1   1 BWL   4  58   5 743   5   1
Pudel1  98   1   1   1   1  25   1   2   1   1 BWL   4  59   6 596   6   1
Pudel1  98   1   1   1   1  25   1   2   1   1 BWL   4  60   2 652   2   1
Pudel1  98   1   1   1   1  25   1   2   1   1 BWL   4  61   1 1260   1   1
Pudel1  98   1   1   1   1  25   1   2   1   1 BWL   4  62   5 745   5   1
Pudel1  98   1   1   1   1  25   1   2   1   1 BWL   4  63   2 880   2   1
Pudel1  98   1   1   1   1  25   1   2   1   1 BWL   4  64   3 949   3   1
Pudel1  98   1   1   1   1  25   1   2   1   1 BWL   4  65   6 827   6   1
Pudel1  98   1   1   1   1  25   1   2   1   1 BWL   4  66   5 686   5   1
Pudel1  98   1   1   1   1  25   1   2   1   1 BWL   4  67   3 1004   3   1
Pudel1  98   1   1   1   1  25   1   2   1   1 BWL   4  68   2 817   2   1
Pudel1  98   1   1   1   1  25   1   2   1   1 BWL   4  69   1 842   1   1
Pudel1  98   1   1   1   1  25   1   2   1   1 BWL   4  70   5 834   5   1
Pudel1  98   1   1   1   1  25   1   2   1   1 BWL   4  71   4 663   4   1
Pudel1  98   1   1   1   1  25   1   2   1   1 BWL   4  72   2 671   2   1
Pudel1  98   1   1   1   1  25   1   2   1   1 BWL   4  73   1 758   1   1
Pudel1  98   1   1   1   1  25   1   2   1   1 BWL   4  74   3 1453   3   1
Pudel1  98   1   1   1   1  25   1   2   1   1 BWL   4  75   6 822   6   1
Pudel1  98   1   1   1   1  25   1   2   1   1 BWL   4  76   5 701   5   1
Pudel1  98   1   1   1   1  25   1   2   1   1 BWL   4  77   2 797   2   1
Pudel1  98   1   1   1   1  25   1   2   1   1 BWL   4  78   4 1214   4   1
Pudel1  98   1   1   1   1  25   1   2   1   1 BWL   4  79   5 620   5   1
Pudel1  98   1   1   1   1  25   1   2   1   1 BWL   4  80   2 761   2   1
Pudel1  98   1   1   1   1  25   1   2   1   1 BWL   4  81   6 792   6   1
Pudel1  98   1   1   1   1  25   1   2   1   1 BWL   4  82   5 777   5   1
Pudel1  98   1   1   1   1  25   1   2   1   1 BWL   4  83   3 920   3   1
Pudel1  98   1   1   1   1  25   1   2   1   1 BWL   4  84   5 660   4   0
Pudel1  98   1   1   1   1  25   1   2   1   1 BWL   4  85   2 782   2   1
Pudel1  98   1   1   1   1  25   1   2   1   1 BWL   4  86   1 849   1   1
Pudel1  98   1   1   1   1  25   1   2   1   1 BWL   4  87   5 942   5   1
Pudel1  98   1   1   1   1  25   1   2   1   1 BWL   4  88   2 934   2   1
Pudel1  98   1   1   1   1  25   1   2   1   1 BWL   4  89   3 814   3   1
Pudel1  98   1   1   1   1  25   1   2   1   1 BWL   4  90   5 704   5   1
Pudel1  98   1   1   1   1  25   1   2   1   1 BWL   4  91   4 1146   4   1
Pudel1  98   1   1   1   1  25   1   2   1   1 BWL   4  92   2 634   2   1
Pudel1  98   1   1   1   1  25   1   2   1   1 BWL   4  93   6 874   6   1
Pudel1  98   1   1   1   1  25   1   2   1   1 BWL   4  94   1 881   1   1
Pudel1  98   1   1   1   1  25   1   2   1   1 BWL   4  95   2 602   2   1
Pudel1  98   1   1   1   1  25   1   2   1   1 BWL   4  96   5 837   5   1
Pudel1  98   1   1   1   1  25   1   2   1   1 BWL   4  97   4 844   4   1
Pudel1  98   1   1   1   1  25   1   2   1   1 BWL   4  98   2 867   2   1
Pudel1  98   1   1   1   1  25   1   2   1   1 BWL   4  99   5 906   5   1
Pudel1  98   1   1   1   1  25   1   2   1   1 BWL   4 100   6 723   6   1
Pudel1  98   1   1   1   1  25   1   2   1   1 BWL   4 101   1 750   1   1
Pudel1  98   1   1   1   1  25   1   2   1   1 BWL   4 102   5 1179   5   1
Pudel1  98   1   1   1   1  25   1   2   1   1 BWL   4 103   3 932   3   1
Pudel1  98   1   1   1   1  25   1   2   1   1 BWL   4 104   2 870   2   1
Pudel1  98   1   1   1   1  25   1   2   1   1 BWL   4 105   5 1129   5   1
Pudel1  98   1   1   1   1  25   1   2   1   1 BWL   4 106   3 981   3   1
Pudel1  98   1   1   1   1  25   1   2   1   1 BWL   4 107   4 948   4   1
Pudel1  98   1   1   1   1  25   1   2   1   1 BWL   4 108   1 881   1   1
Pudel1  98   1   1   1   1  25   1   2   1   1 BWL   4 109   2 618   2   1
Pudel1  98   1   1   1   1  25   1   2   1   1 BWL   4 110   6 837   6   1
Pudel1  98   1   1   1   1  25   1   2   1   1 BWL   4 111   5 787   5   1
Pudel1  98   1   1   1   1  25   1   2   1   1 BWL   4 112   2 882   2   1
Pudel1  98   1   1   1   1  25   1   2   1   1 BWL   4 113   6 797   6   1
Pudel1  98   1   1   1   1  25   1   2   1   1 BWL   4 114   5 770   5   1
Pudel1  98   1   1   1   1  25   1   2   1   1 BWL   4 115   4 815   4   1
Pudel1  98   1   1   1   1  25   1   2   1   1 BWL   4 116   2 881   2   1
Pudel1  98   1   1   1   1  25   1   2   1   1 BWL   4 117   3 686   3   1
Pudel1  98   1   1   1   1  25   1   2   1   1 BWL   4 118   5 750   5   1
Pudel1  98   1   1   1   1  25   1   2   1   1 BWL   4 119   1 699   1   1
Pudel1  98   1   1   1   1  25   1   2   1   1 BWL   4 120   2 756   2   1
Pudel1  98   1   1   1   1  25   1   2   1   1 BWL   4 121   3 712   3   1
Pudel1  98   1   1   1   1  25   1   2   1   1 BWL   4 122   1 817   1   1
Pudel1  98   1   1   1   1  25   1   2   1   1 BWL   4 123   5 876   5   1
Pudel1  98   1   1   1   1  25   1   2   1   1 BWL   4 124   2 769   2   1
Pudel1  98   1   1   1   1  25   1   2   1   1 BWL   4 125   4 1238   4   1
Pudel1  98   1   1   1   1  25   1   2   1   1 BWL   4 126   6 727   6   1
Pudel1  98   1   1   1   1  25   1   2   1   1 BWL   4 127   2 569   2   1
Pudel1  98   1   1   1   1  25   1   2   1   1 BWL   4 128   5 822   5   1
Pudel1  98   1   1   1   1  25   1   2   1   1 BWL   4 129   4 979   4   1
Pudel1  98   1   1   1   1  25   1   2   1   1 BWL   4 130   1 1219   2   0
Pudel1  98   1   1   1   1  25   1   2   1   1 BWL   4 131   5 1116   5   1
Pudel1  98   1   1   1   1  25   1   2   1   1 BWL   4 132   1 1888   1   1
Pudel1  98   1   1   1   1  25   1   2   1   1 BWL   4 133   2 778   2   1
Pudel1  98   1   1   1   1  25   1   2   1   1 BWL   4 134   3 627   3   1
Pudel1  98   1   1   1   1  25   1   2   1   1 BWL   4 135   6 893   6   1
Pudel1  98   1   1   1   1  25   1   2   1   1 BWL   4 136   5 688   5   1
Pudel1  98   1   1   1   1  25   1   2   1   1 BWL   4 137   3 900   3   1
Pudel1  98   1   1   1   1  25   1   2   1   1 BWL   4 138   6 830   6   1
Pudel1  98   1   1   1   1  25   1   2   1   1 BWL   4 139   1 806   1   1
Pudel1  98   1   1   1   1  25   1   2   1   1 BWL   4 140   2 688   2   1
Pudel1  98   1   1   1   1  25   1   2   1   1 BWL   4 141   5 944   5   1
Pudel1  98   1   1   1   1  25   1   2   1   1 BWL   4 142   4 840   4   1
Pudel1  98   1   1   1   1  25   1   2   1   1 BWL   4 143   2 786   2   1
Pudel1  98   1   1   1   1  25   1   2   1   1 BWL   4 144   5 887   5   1
Pudel1  98   1   1   1   1  25   1   2   1   1 BWL   5   1   4 1351   4   1
Pudel1  98   1   1   1   1  25   1   2   1   1 BWL   5   2   1 769   1   1
Pudel1  98   1   1   1   1  25   1   2   1   1 BWL   5   3   5 655   5   1
Pudel1  98   1   1   1   1  25   1   2   1   1 BWL   5   4   2 1014   2   1
Pudel1  98   1   1   1   1  25   1   2   1   1 BWL   5   5   3 783   3   1
Pudel1  98   1   1   1   1  25   1   2   1   1 BWL   5   6   6 691   6   1
Pudel1  98   1   1   1   1  25   1   2   1   1 BWL   5   7   5 660   5   1
Pudel1  98   1   1   1   1  25   1   2   1   1 BWL   5   8   2 781   2   1
Pudel1  98   1   1   1   1  25   1   2   1   1 BWL   5   9   4 931   4   1
Pudel1  98   1   1   1   1  25   1   2   1   1 BWL   5  10   5 615   5   1
Pudel1  98   1   1   1   1  25   1   2   1   1 BWL   5  11   2 779   2   1
Pudel1  98   1   1   1   1  25   1   2   1   1 BWL   5  12   1 787   1   1
Pudel1  98   1   1   1   1  25   1   2   1   1 BWL   5  13   5 1027   5   1
Pudel1  98   1   1   1   1  25   1   2   1   1 BWL   5  14   2 851   2   1
Pudel1  98   1   1   1   1  25   1   2   1   1 BWL   5  15   3 716   3   1
Pudel1  98   1   1   1   1  25   1   2   1   1 BWL   5  16   6 753   6   1
Pudel1  98   1   1   1   1  25   1   2   1   1 BWL   5  17   4 1095   4   1
Pudel1  98   1   1   1   1  25   1   2   1   1 BWL   5  18   2 847   2   1
Pudel1  98   1   1   1   1  25   1   2   1   1 BWL   5  19   1 799   1   1
Pudel1  98   1   1   1   1  25   1   2   1   1 BWL   5  20   5 818   5   1
Pudel1  98   1   1   1   1  25   1   2   1   1 BWL   5  21   6 743   6   1
Pudel1  98   1   1   1   1  25   1   2   1   1 BWL   5  22   2 789   2   1
Pudel1  98   1   1   1   1  25   1   2   1   1 BWL   5  23   3 669   3   1
Pudel1  98   1   1   1   1  25   1   2   1   1 BWL   5  24   5 752   5   1
Pudel1  98   1   1   1   1  25   1   2   1   1 BWL   5  25   2 954   2   1
Pudel1  98   1   1   1   1  25   1   2   1   1 BWL   5  26   3 704   3   1
Pudel1  98   1   1   1   1  25   1   2   1   1 BWL   5  27   5 679   5   1
Pudel1  98   1   1   1   1  25   1   2   1   1 BWL   5  28   2 751   2   1
Pudel1  98   1   1   1   1  25   1   2   1   1 BWL   5  29   4 1005   4   1
Pudel1  98   1   1   1   1  25   1   2   1   1 BWL   5  30   6 684   6   1
Pudel1  98   1   1   1   1  25   1   2   1   1 BWL   5  31   5 858   5   1
Pudel1  98   1   1   1   1  25   1   2   1   1 BWL   5  32   1 852   1   1
Pudel1  98   1   1   1   1  25   1   2   1   1 BWL   5  33   2 594   2   1
Pudel1  98   1   1   1   1  25   1   2   1   1 BWL   5  34   4 651   3   0
Pudel1  98   1   1   1   1  25   1   2   1   1 BWL   5  35   4 831   4   1
Pudel1  98   1   1   1   1  25   1   2   1   1 BWL   5  36   5 571   5   1
Pudel1  98   1   1   1   1  25   1   2   1   1 BWL   5  37   6 726   6   1
Pudel1  98   1   1   1   1  25   1   2   1   1 BWL   5  38   2 597   2   1
Pudel1  98   1   1   1   1  25   1   2   1   1 BWL   5  39   1 1112   1   1
Pudel1  98   1   1   1   1  25   1   2   1   1 BWL   5  40   5 964   5   1
Pudel1  98   1   1   1   1  25   1   2   1   1 BWL   5  41   2 779   2   1
Pudel1  98   1   1   1   1  25   1   2   1   1 BWL   5  42   3 691   3   1
Pudel1  98   1   1   1   1  25   1   2   1   1 BWL   5  43   6 1210   6   1
Pudel1  98   1   1   1   1  25   1   2   1   1 BWL   5  44   5 670   5   1
Pudel1  98   1   1   1   1  25   1   2   1   1 BWL   5  45   1 809   1   1
Pudel1  98   1   1   1   1  25   1   2   1   1 BWL   5  46   4 1122   4   1
Pudel1  98   1   1   1   1  25   1   2   1   1 BWL   5  47   5 901   5   1
Pudel1  98   1   1   1   1  25   1   2   1   1 BWL   5  48   2 799   2   1
Pudel1  98   1   1   1   1  25   1   2   1   1 BWL   5  49   4 930   4   1
Pudel1  98   1   1   1   1  25   1   2   1   1 BWL   5  50   5 668   5   1
Pudel1  98   1   1   1   1  25   1   2   1   1 BWL   5  51   2 860   2   1
Pudel1  98   1   1   1   1  25   1   2   1   1 BWL   5  52   3 817   3   1
Pudel1  98   1   1   1   1  25   1   2   1   1 BWL   5  53   6 1049   6   1
Pudel1  98   1   1   1   1  25   1   2   1   1 BWL   5  54   1 887   1   1
Pudel1  98   1   1   1   1  25   1   2   1   1 BWL   5  55   5 960   5   1
Pudel1  98   1   1   1   1  25   1   2   1   1 BWL   5  56   2 1062   2   1
Pudel1  98   1   1   1   1  25   1   2   1   1 BWL   5  57   5 1092   4   0
Pudel1  98   1   1   1   1  25   1   2   1   1 BWL   5  58   5 899   5   1
Pudel1  98   1   1   1   1  25   1   2   1   1 BWL   5  59   6 781   6   1
Pudel1  98   1   1   1   1  25   1   2   1   1 BWL   5  60   2 904   2   1
Pudel1  98   1   1   1   1  25   1   2   1   1 BWL   5  61   1 786   1   1
Pudel1  98   1   1   1   1  25   1   2   1   1 BWL   5  62   5 936   5   1
Pudel1  98   1   1   1   1  25   1   2   1   1 BWL   5  63   2 829   2   1
Pudel1  98   1   1   1   1  25   1   2   1   1 BWL   5  64   3 749   3   1
Pudel1  98   1   1   1   1  25   1   2   1   1 BWL   5  65   6 995   6   1
Pudel1  98   1   1   1   1  25   1   2   1   1 BWL   5  66   5 743   5   1
Pudel1  98   1   1   1   1  25   1   2   1   1 BWL   5  67   2 814   3   0
Pudel1  98   1   1   1   1  25   1   2   1   1 BWL   5  68   2 1093   2   1
Pudel1  98   1   1   1   1  25   1   2   1   1 BWL   5  69   1 764   1   1
Pudel1  98   1   1   1   1  25   1   2   1   1 BWL   5  70   5 1329   5   1
Pudel1  98   1   1   1   1  25   1   2   1   1 BWL   5  71   4 1199   4   1
Pudel1  98   1   1   1   1  25   1   2   1   1 BWL   5  72   2 814   2   1
Pudel1  98   1   1   1   1  25   1   2   1   1 BWL   5  73   1 787   1   1
Pudel1  98   1   1   1   1  25   1   2   1   1 BWL   5  74   3 875   3   1
Pudel1  98   1   1   1   1  25   1   2   1   1 BWL   5  75   6 1386   6   1
Pudel1  98   1   1   1   1  25   1   2   1   1 BWL   5  76   5 771   5   1
Pudel1  98   1   1   1   1  25   1   2   1   1 BWL   5  77   2 1170   2   1
Pudel1  98   1   1   1   1  25   1   2   1   1 BWL   5  78   5 1044   4   0
Pudel1  98   1   1   1   1  25   1   2   1   1 BWL   5  79   5 994   5   1
Pudel1  98   1   1   1   1  25   1   2   1   1 BWL   5  80   2 881   2   1
Pudel1  98   1   1   1   1  25   1   2   1   1 BWL   5  81   6 824   6   1
Pudel1  98   1   1   1   1  25   1   2   1   1 BWL   5  82   5 903   5   1
Pudel1  98   1   1   1   1  25   1   2   1   1 BWL   5  83   2 1662   3   0
Pudel1  98   1   1   1   1  25   1   2   1   1 BWL   5  84   4 1115   4   1
Pudel1  98   1   1   1   1  25   1   2   1   1 BWL   5  85   2 893   2   1
Pudel1  98   1   1   1   1  25   1   2   1   1 BWL   5  86   1 685   1   1
Pudel1  98   1   1   1   1  25   1   2   1   1 BWL   5  87   5 1064   5   1
Pudel1  98   1   1   1   1  25   1   2   1   1 BWL   5  88   2 964   2   1
Pudel1  98   1   1   1   1  25   1   2   1   1 BWL   5  89   3 826   3   1
Pudel1  98   1   1   1   1  25   1   2   1   1 BWL   5  90   5 823   5   1
Pudel1  98   1   1   1   1  25   1   2   1   1 BWL   5  91   4 744   4   1
Pudel1  98   1   1   1   1  25   1   2   1   1 BWL   5  92   2 676   2   1
Pudel1  98   1   1   1   1  25   1   2   1   1 BWL   5  93   6 1290   6   1
Pudel1  98   1   1   1   1  25   1   2   1   1 BWL   5  94   1 1113   1   1
Pudel1  98   1   1   1   1  25   1   2   1   1 BWL   5  95   2 672   2   1
Pudel1  98   1   1   1   1  25   1   2   1   1 BWL   5  96   5 938   5   1
Pudel1  98   1   1   1   1  25   1   2   1   1 BWL   5  97   4 704   4   1
Pudel1  98   1   1   1   1  25   1   2   1   1 BWL   5  98   2 768   2   1
Pudel1  98   1   1   1   1  25   1   2   1   1 BWL   5  99   5 700   5   1
Pudel1  98   1   1   1   1  25   1   2   1   1 BWL   5 100   6 737   6   1
Pudel1  98   1   1   1   1  25   1   2   1   1 BWL   5 101   1 703   1   1
Pudel1  98   1   1   1   1  25   1   2   1   1 BWL   5 102   5 705   5   1
Pudel1  98   1   1   1   1  25   1   2   1   1 BWL   5 103   3 950   3   1
Pudel1  98   1   1   1   1  25   1   2   1   1 BWL   5 104   2 865   2   1
Pudel1  98   1   1   1   1  25   1   2   1   1 BWL   5 105   5 862   5   1
Pudel1  98   1   1   1   1  25   1   2   1   1 BWL   5 106   3 858   3   1
Pudel1  98   1   1   1   1  25   1   2   1   1 BWL   5 107   4 806   4   1
Pudel1  98   1   1   1   1  25   1   2   1   1 BWL   5 108   1 855   1   1
Pudel1  98   1   1   1   1  25   1   2   1   1 BWL   5 109   2 648   2   1
Pudel1  98   1   1   1   1  25   1   2   1   1 BWL   5 110   6 745   6   1
Pudel1  98   1   1   1   1  25   1   2   1   1 BWL   5 111   5 666   5   1
Pudel1  98   1   1   1   1  25   1   2   1   1 BWL   5 112   2 911   2   1
Pudel1  98   1   1   1   1  25   1   2   1   1 BWL   5 113   6 906   6   1
Pudel1  98   1   1   1   1  25   1   2   1   1 BWL   5 114   5 727   5   1
Pudel1  98   1   1   1   1  25   1   2   1   1 BWL   5 115   4 630   4   1
Pudel1  98   1   1   1   1  25   1   2   1   1 BWL   5 116   2 821   2   1
Pudel1  98   1   1   1   1  25   1   2   1   1 BWL   5 117   3 616   3   1
Pudel1  98   1   1   1   1  25   1   2   1   1 BWL   5 118   5 696   5   1
Pudel1  98   1   1   1   1  25   1   2   1   1 BWL   5 119   1 778   1   1
Pudel1  98   1   1   1   1  25   1   2   1   1 BWL   5 120   2 751   2   1
Pudel1  98   1   1   1   1  25   1   2   1   1 BWL   5 121   3 938   3   1
Pudel1  98   1   1   1   1  25   1   2   1   1 BWL   5 122   1 722   1   1
Pudel1  98   1   1   1   1  25   1   2   1   1 BWL   5 123   5 832   5   1
Pudel1  98   1   1   1   1  25   1   2   1   1 BWL   5 124   2 753   2   1
Pudel1  98   1   1   1   1  25   1   2   1   1 BWL   5 125   4 922   4   1
Pudel1  98   1   1   1   1  25   1   2   1   1 BWL   5 126   6 787   6   1
Pudel1  98   1   1   1   1  25   1   2   1   1 BWL   5 127   2 973   2   1
Pudel1  98   1   1   1   1  25   1   2   1   1 BWL   5 128   2  92   5   0
Pudel1  98   1   1   1   1  25   1   2   1   1 BWL   5 129   4 1166   4   1
Pudel1  98   1   1   1   1  25   1   2   1   1 BWL   5 130   2 1977   2   1
Pudel1  98   1   1   1   1  25   1   2   1   1 BWL   5 131   5 915   5   1
Pudel1  98   1   1   1   1  25   1   2   1   1 BWL   5 132   1 832   1   1
Pudel1  98   1   1   1   1  25   1   2   1   1 BWL   5 133   2 768   2   1
Pudel1  98   1   1   1   1  25   1   2   1   1 BWL   5 134   3 877   3   1
Pudel1  98   1   1   1   1  25   1   2   1   1 BWL   5 135   6 839   6   1
Pudel1  98   1   1   1   1  25   1   2   1   1 BWL   5 136   5 722   5   1
Pudel1  98   1   1   1   1  25   1   2   1   1 BWL   5 137   3 1103   3   1
Pudel1  98   1   1   1   1  25   1   2   1   1 BWL   5 138   6 811   6   1
Pudel1  98   1   1   1   1  25   1   2   1   1 BWL   5 139   1 822   1   1
Pudel1  98   1   1   1   1  25   1   2   1   1 BWL   5 140   2 655   2   1
Pudel1  98   1   1   1   1  25   1   2   1   1 BWL   5 141   5 794   5   1
Pudel1  98   1   1   1   1  25   1   2   1   1 BWL   5 142   4 841   4   1
Pudel1  98   1   1   1   1  25   1   2   1   1 BWL   5 143   2 724   2   1
Pudel1  98   1   1   1   1  25   1   2   1   1 BWL   5 144   5 854   5   1
Pudel1  98   1   1   1   1  25   1   2   1   1 BWL   6   1   4 906   4   1
Pudel1  98   1   1   1   1  25   1   2   1   1 BWL   6   2   1 801   1   1
Pudel1  98   1   1   1   1  25   1   2   1   1 BWL   6   3   5 714   5   1
Pudel1  98   1   1   1   1  25   1   2   1   1 BWL   6   4   2 678   2   1
Pudel1  98   1   1   1   1  25   1   2   1   1 BWL   6   5   3 764   3   1
Pudel1  98   1   1   1   1  25   1   2   1   1 BWL   6   6   6 836   6   1
Pudel1  98   1   1   1   1  25   1   2   1   1 BWL   6   7   5 602   5   1
Pudel1  98   1   1   1   1  25   1   2   1   1 BWL   6   8   2 857   2   1
Pudel1  98   1   1   1   1  25   1   2   1   1 BWL   6   9   5 979   4   0
Pudel1  98   1   1   1   1  25   1   2   1   1 BWL   6  10   5 979   5   1
Pudel1  98   1   1   1   1  25   1   2   1   1 BWL   6  11   2 793   2   1
Pudel1  98   1   1   1   1  25   1   2   1   1 BWL   6  12   1 769   1   1
Pudel1  98   1   1   1   1  25   1   2   1   1 BWL   6  13   5 892   5   1
Pudel1  98   1   1   1   1  25   1   2   1   1 BWL   6  14   2 816   2   1
Pudel1  98   1   1   1   1  25   1   2   1   1 BWL   6  15   3 913   3   1
Pudel1  98   1   1   1   1  25   1   2   1   1 BWL   6  16   6 849   6   1
Pudel1  98   1   1   1   1  25   1   2   1   1 BWL   6  17   4 1106   4   1
Pudel1  98   1   1   1   1  25   1   2   1   1 BWL   6  18   2 760   2   1
Pudel1  98   1   1   1   1  25   1   2   1   1 BWL   6  19   1 844   1   1
Pudel1  98   1   1   1   1  25   1   2   1   1 BWL   6  20   5 767   5   1
Pudel1  98   1   1   1   1  25   1   2   1   1 BWL   6  21   6 957   6   1
Pudel1  98   1   1   1   1  25   1   2   1   1 BWL   6  22   2 862   2   1
Pudel1  98   1   1   1   1  25   1   2   1   1 BWL   6  23   3 623   3   1
Pudel1  98   1   1   1   1  25   1   2   1   1 BWL   6  24   5 660   5   1
Pudel1  98   1   1   1   1  25   1   2   1   1 BWL   6  25   2 759   2   1
Pudel1  98   1   1   1   1  25   1   2   1   1 BWL   6  26   3 630   3   1
Pudel1  98   1   1   1   1  25   1   2   1   1 BWL   6  27   5 635   5   1
Pudel1  98   1   1   1   1  25   1   2   1   1 BWL   6  28   2 773   2   1
Pudel1  98   1   1   1   1  25   1   2   1   1 BWL   6  29   4 1309   4   1
Pudel1  98   1   1   1   1  25   1   2   1   1 BWL   6  30   6 827   6   1
Pudel1  98   1   1   1   1  25   1   2   1   1 BWL   6  31   5 922   5   1
Pudel1  98   1   1   1   1  25   1   2   1   1 BWL   6  32   1 786   1   1
Pudel1  98   1   1   1   1  25   1   2   1   1 BWL   6  33   2 658   2   1
Pudel1  98   1   1   1   1  25   1   2   1   1 BWL   6  34   3 602   3   1
Pudel1  98   1   1   1   1  25   1   2   1   1 BWL   6  35   3 772   4   0
Pudel1  98   1   1   1   1  25   1   2   1   1 BWL   6  36   4   8   5   0
Pudel1  98   1   1   1   1  25   1   2   1   1 BWL   6  37   6 1636   6   1
Pudel1  98   1   1   1   1  25   1   2   1   1 BWL   6  38   2 808   2   1
Pudel1  98   1   1   1   1  25   1   2   1   1 BWL   6  39   1 736   1   1
Pudel1  98   1   1   1   1  25   1   2   1   1 BWL   6  40   5 1105   5   1
Pudel1  98   1   1   1   1  25   1   2   1   1 BWL   6  41   2 836   2   1
Pudel1  98   1   1   1   1  25   1   2   1   1 BWL   6  42   3 981   3   1
Pudel1  98   1   1   1   1  25   1   2   1   1 BWL   6  43   6 927   6   1
Pudel1  98   1   1   1   1  25   1   2   1   1 BWL   6  44   5 650   5   1
Pudel1  98   1   1   1   1  25   1   2   1   1 BWL   6  45   1 850   1   1
Pudel1  98   1   1   1   1  25   1   2   1   1 BWL   6  46   4 1539   4   1
Pudel1  98   1   1   1   1  25   1   2   1   1 BWL   6  47   5 644   5   1
Pudel1  98   1   1   1   1  25   1   2   1   1 BWL   6  48   2 917   2   1
Pudel1  98   1   1   1   1  25   1   2   1   1 BWL   6  49   4 1384   4   1
Pudel1  98   1   1   1   1  25   1   2   1   1 BWL   6  50   5 647   5   1
Pudel1  98   1   1   1   1  25   1   2   1   1 BWL   6  51   2 955   2   1
Pudel1  98   1   1   1   1  25   1   2   1   1 BWL   6  52   3 743   3   1
Pudel1  98   1   1   1   1  25   1   2   1   1 BWL   6  53   6 1169   6   1
Pudel1  98   1   1   1   1  25   1   2   1   1 BWL   6  54   1 1262   1   1
Pudel1  98   1   1   1   1  25   1   2   1   1 BWL   6  55   5 886   5   1
Pudel1  98   1   1   1   1  25   1   2   1   1 BWL   6  56   2 697   2   1
Pudel1  98   1   1   1   1  25   1   2   1   1 BWL   6  57   5 1235   4   0
Pudel1  98   1   1   1   1  25   1   2   1   1 BWL   6  58   5 847   5   1
Pudel1  98   1   1   1   1  25   1   2   1   1 BWL   6  59   6 811   6   1
Pudel1  98   1   1   1   1  25   1   2   1   1 BWL   6  60   2 1022   2   1
Pudel1  98   1   1   1   1  25   1   2   1   1 BWL   6  61   1 806   1   1
Pudel1  98   1   1   1   1  25   1   2   1   1 BWL   6  62   5 876   5   1
Pudel1  98   1   1   1   1  25   1   2   1   1 BWL   6  63   2 801   2   1
Pudel1  98   1   1   1   1  25   1   2   1   1 BWL   6  64   3 821   3   1
Pudel1  98   1   1   1   1  25   1   2   1   1 BWL   6  65   6 879   6   1
Pudel1  98   1   1   1   1  25   1   2   1   1 BWL   6  66   5 794   5   1
Pudel1  98   1   1   1   1  25   1   2   1   1 BWL   6  67   2 836   3   0
Pudel1  98   1   1   1   1  25   1   2   1   1 BWL   6  68   2 776   2   1
Pudel1  98   1   1   1   1  25   1   2   1   1 BWL   6  69   1 872   1   1
Pudel1  98   1   1   1   1  25   1   2   1   1 BWL   6  70   5 798   5   1
Pudel1  98   1   1   1   1  25   1   2   1   1 BWL   6  71   4 928   4   1
Pudel1  98   1   1   1   1  25   1   2   1   1 BWL   6  72   2 811   2   1
Pudel1  98   1   1   1   1  25   1   2   1   1 BWL   6  73   1 812   1   1
Pudel1  98   1   1   1   1  25   1   2   1   1 BWL   6  74   3 796   3   1
Pudel1  98   1   1   1   1  25   1   2   1   1 BWL   6  75   6 996   6   1
Pudel1  98   1   1   1   1  25   1   2   1   1 BWL   6  76   5 593   5   1
Pudel1  98   1   1   1   1  25   1   2   1   1 BWL   6  77   2 900   2   1
Pudel1  98   1   1   1   1  25   1   2   1   1 BWL   6  78   4 712   4   1
Pudel1  98   1   1   1   1  25   1   2   1   1 BWL   6  79   5 968   5   1
Pudel1  98   1   1   1   1  25   1   2   1   1 BWL   6  80   2 998   2   1
Pudel1  98   1   1   1   1  25   1   2   1   1 BWL   6  81   6 764   6   1
Pudel1  98   1   1   1   1  25   1   2   1   1 BWL   6  82   5 787   5   1
Pudel1  98   1   1   1   1  25   1   2   1   1 BWL   6  83   3 1265   3   1
Pudel1  98   1   1   1   1  25   1   2   1   1 BWL   6  84   4 616   4   1
Pudel1  98   1   1   1   1  25   1   2   1   1 BWL   6  85   2 849   2   1
Pudel1  98   1   1   1   1  25   1   2   1   1 BWL   6  86   1 905   1   1
Pudel1  98   1   1   1   1  25   1   2   1   1 BWL   6  87   5 704   5   1
Pudel1  98   1   1   1   1  25   1   2   1   1 BWL   6  88   2 1251   2   1
Pudel1  98   1   1   1   1  25   1   2   1   1 BWL   6  89   3 753   3   1
Pudel1  98   1   1   1   1  25   1   2   1   1 BWL   6  90   5 605   5   1
Pudel1  98   1   1   1   1  25   1   2   1   1 BWL   6  91   4 758   4   1
Pudel1  98   1   1   1   1  25   1   2   1   1 BWL   6  92   2 1136   2   1
Pudel1  98   1   1   1   1  25   1   2   1   1 BWL   6  93   6 784   6   1
Pudel1  98   1   1   1   1  25   1   2   1   1 BWL   6  94   1 803   1   1
Pudel1  98   1   1   1   1  25   1   2   1   1 BWL   6  95   2 734   2   1
Pudel1  98   1   1   1   1  25   1   2   1   1 BWL   6  96   5 848   5   1
Pudel1  98   1   1   1   1  25   1   2   1   1 BWL   6  97   4 751   4   1
Pudel1  98   1   1   1   1  25   1   2   1   1 BWL   6  98   2 742   2   1
Pudel1  98   1   1   1   1  25   1   2   1   1 BWL   6  99   5 814   5   1
Pudel1  98   1   1   1   1  25   1   2   1   1 BWL   6 100   6 833   6   1
Pudel1  98   1   1   1   1  25   1   2   1   1 BWL   6 101   1 883   1   1
Pudel1  98   1   1   1   1  25   1   2   1   1 BWL   6 102   5 666   5   1
Pudel1  98   1   1   1   1  25   1   2   1   1 BWL   6 103   2 706   3   0
Pudel1  98   1   1   1   1  25   1   2   1   1 BWL   6 104   2 801   2   1
Pudel1  98   1   1   1   1  25   1   2   1   1 BWL   6 105   5 717   5   1
Pudel1  98   1   1   1   1  25   1   2   1   1 BWL   6 106   3 969   3   1
Pudel1  98   1   1   1   1  25   1   2   1   1 BWL   6 107   4 665   4   1
Pudel1  98   1   1   1   1  25   1   2   1   1 BWL   6 108   1 702   1   1
Pudel1  98   1   1   1   1  25   1   2   1   1 BWL   6 109   2 982   2   1
Pudel1  98   1   1   1   1  25   1   2   1   1 BWL   6 110   6 817   6   1
Pudel1  98   1   1   1   1  25   1   2   1   1 BWL   6 111   5 581   5   1
Pudel1  98   1   1   1   1  25   1   2   1   1 BWL   6 112   2 809   2   1
Pudel1  98   1   1   1   1  25   1   2   1   1 BWL   6 113   6 747   6   1
Pudel1  98   1   1   1   1  25   1   2   1   1 BWL   6 114   5 637   5   1
Pudel1  98   1   1   1   1  25   1   2   1   1 BWL   6 115   4 948   4   1
Pudel1  98   1   1   1   1  25   1   2   1   1 BWL   6 116   2 862   2   1
Pudel1  98   1   1   1   1  25   1   2   1   1 BWL   6 117   3 824   3   1
Pudel1  98   1   1   1   1  25   1   2   1   1 BWL   6 118   5 732   5   1
Pudel1  98   1   1   1   1  25   1   2   1   1 BWL   6 119   1 671   1   1
Pudel1  98   1   1   1   1  25   1   2   1   1 BWL   6 120   2 568   2   1
Pudel1  98   1   1   1   1  25   1   2   1   1 BWL   6 121   3 616   3   1
Pudel1  98   1   1   1   1  25   1   2   1   1 BWL   6 122   1 786   1   1
Pudel1  98   1   1   1   1  25   1   2   1   1 BWL   6 123   5 779   5   1
Pudel1  98   1   1   1   1  25   1   2   1   1 BWL   6 124   2 621   2   1
Pudel1  98   1   1   1   1  25   1   2   1   1 BWL   6 125   4 901   4   1
Pudel1  98   1   1   1   1  25   1   2   1   1 BWL   6 126   6 703   6   1
Pudel1  98   1   1   1   1  25   1   2   1   1 BWL   6 127   2 745   2   1
Pudel1  98   1   1   1   1  25   1   2   1   1 BWL   6 128   5 606   5   1
Pudel1  98   1   1   1   1  25   1   2   1   1 BWL   6 129   4 682   4   1
Pudel1  98   1   1   1   1  25   1   2   1   1 BWL   6 130   2 605   2   1
Pudel1  98   1   1   1   1  25   1   2   1   1 BWL   6 131   5 662   5   1
Pudel1  98   1   1   1   1  25   1   2   1   1 BWL   6 132   1 688   1   1
Pudel1  98   1   1   1   1  25   1   2   1   1 BWL   6 133   2 631   2   1
Pudel1  98   1   1   1   1  25   1   2   1   1 BWL   6 134   3 804   3   1
Pudel1  98   1   1   1   1  25   1   2   1   1 BWL   6 135   6 694   6   1
Pudel1  98   1   1   1   1  25   1   2   1   1 BWL   6 136   5 669   5   1
Pudel1  98   1   1   1   1  25   1   2   1   1 BWL   6 137   2 642   3   0
Pudel1  98   1   1   1   1  25   1   2   1   1 BWL   6 138   6 676   6   1
Pudel1  98   1   1   1   1  25   1   2   1   1 BWL   6 139   1 751   1   1
Pudel1  98   1   1   1   1  25   1   2   1   1 BWL   6 140   2 763   2   1
Pudel1  98   1   1   1   1  25   1   2   1   1 BWL   6 141   5 602   5   1
Pudel1  98   1   1   1   1  25   1   2   1   1 BWL   6 142   4 643   4   1
Pudel1  98   1   1   1   1  25   1   2   1   1 BWL   6 143   2 870   2   1
Pudel1  98   1   1   1   1  25   1   2   1   1 BWL   6 144   5 599   5   1
Pudel1  98   1   1   1   1  25   1   2   1   1 BWL   7   1   1   5 3202   0   2   6   5   3   4   2   4
Pudel1  98   1   1   1   1  25   1   2   1   1 BWL   7   2   1   2 2862   0   5   2   4   5   2   6   4
Pudel1  98   1   1   1   1  25   1   2   1   1 BWL   7   3   1   3 3103   0   6   5   2   4   5   2   3
Pudel1  98   1   1   1   1  25   1   2   1   1 BWL   7   4   1   1 1353   0   3   6   5   2   4   5   4
Pudel1  98   1   1   1   1  25   1   2   1   1 BWL   7   5   1   6 732   0   4   5   2   6   5   3   4
Pudel1  98   1   1   1   1  25   1   2   1   1 BWL   7   6   1   2 2762   0   5   2   4   5   2   6   4
Pudel1  98   1   1   1   1  25   1   2   1   1 BWL   7   7   1   5 2982   0   5   2   4   5   2   6   5
Pudel1  98   1   1   1   1  25   1   2   1   1 BWL   7   8   1   3 1244   0   5   2   6   5   3   4   5
Pudel1  98   1   1   1   1  25   1   2   1   1 BWL   7   9   1   1 1783   0   5   2   6   5   3   4   4
Pudel1  98   1   1   1   1  25   1   2   1   1 BWL   7  10   1   6 1382   0   2   4   5   2   6   5   3
Pudel1  98   1   1   1   1  25   1   2   1   1 BWL   7  11   1   2 1412   0   2   4   5   2   6   5   4
Pudel1  98   1   1   1   1  25   1   2   1   1 BWL   7  12   1   3 1723   0   2   6   5   3   4   2   5
Pudel1  98   1   1   1   1  25   1   2   1   1 BWL   7  13   1   5 1313   0   5   2   4   5   2   6   5
Pudel1  98   1   1   1   1  25   1   2   1   1 BWL   7  14   1   1 1374   0   2   4   5   2   6   5   3
Pudel1  98   1   1   1   1  25   1   2   1   1 BWL   7  15   1   2 1062   0   4   5   2   6   5   3   5
Pudel1  98   1   1   1   1  25   1   2   1   1 BWL   7  16   1   3 1012   0   4   5   2   6   5   3   3
Pudel1  98   1   1   1   1  25   1   2   1   1 BWL   7  17   1   4 953   0   2   4   5   2   6   5   4
Pudel1  98   1   1   1   1  25   1   2   1   1 BWL   7  18   1   5 773   0   2   4   5   2   6   5   5
Pudel1  98   1   1   1   1  25   1   2   1   1 BWL   7  19   1   6 1183   0   1   3   6   5   2   4   5
Pudel1  98   1   1   1   1  25   1   2   1   1 BWL   7  20   1   4 1783   0   6   5   2   4   5   2   4
Pudel1  98   1   1   1   1  25   1   2   1   1 BWL   7  21   1   2 593   0   5   2   4   5   2   6   3
Pudel1  98   1   1   1   1  25   1   2   1   1 BWL   7  22   1   6 1234   0   6   5   2   4   5   2   5
Pudel1  98   1   1   1   1  25   1   2   1   1 BWL   7  23   1   5 1033   0   2   4   5   2   6   5   4
Pudel1  98   1   1   1   1  25   1   2   1   1 BWL   7  24   1   1 1042   0   5   2   4   5   2   6   3
Pudel1  98   1   1   1   1  25   1   2   1   1 BWL   7  25   1   5 1742   0   3   6   5   2   4   5   5
Pudel1  98   1   1   1   1  25   1   2   1   1 BWL   7  26   1   4 673   0   2   6   5   3   4   2   3
Pudel1  98   1   1   1   1  25   1   2   1   1 BWL   7  27   1   2 873   0   5   2   6   5   3   4   5
Pudel1  98   1   1   1   1  25   1   2   1   1 BWL   7  28   1   3 1482   0   2   4   5   2   6   5   4
Pudel1  98   1   1   1   1  25   1   2   1   1 BWL   7  29   1   1 1173   0   4   5   2   6   5   3   3
Pudel1  98   1   1   1   1  25   1   2   1   1 BWL   7  30   1   3 883   0   1   3   6   5   2   4   5
Pudel1  98   1   1   1   1  25   1   2   1   1 BWL   7  31   1   5 932   0   6   5   2   4   5   2   5
Pudel1  98   1   1   1   1  25   1   2   1   1 BWL   7  32   1   4 683   0   1   3   6   5   2   4   4
Pudel1  98   1   1   1   1  25   1   2   1   1 BWL   7  33   1   2 883   0   6   5   2   4   5   2   4
Pudel1  98   1   1   1   1  25   1   2   1   1 BWL   7  34   1   6 983   0   3   6   5   2   4   5   3
Pudel1  98   1   1   1   1  25   1   2   1   1 BWL   7  35   1   5 802   0   3   6   5   2   4   5   4
Pudel1  98   1   1   1   1  25   1   2   1   1 BWL   7  36   1   2 742   0   6   5   2   4   5   2   4
Pudel1  98   1   1   1   1  25   1   2   1   1 BWL   7  37   1   5 902   0   2   6   5   3   4   2   4
Pudel1  98   1   1   1   1  25   1   2   1   1 BWL   7  38   1   4 1012   0   3   6   5   2   4   5   4
Pudel1  98   1   1   1   1  25   1   2   1   1 BWL   7  39   1   3 583   0   6   5   2   4   5   2   5
Pudel1  98   1   1   1   1  25   1   2   1   1 BWL   7  40   1   1 613   0   4   5   2   6   5   3   4
Pudel1  98   1   1   1   1  25   1   2   1   1 BWL   7  41   1   6 1003   0   4   5   2   6   5   3   3
Pudel1  98   1   1   1   1  25   1   2   1   1 BWL   7  42   1   2 893   0   3   6   5   2   4   5   5
Pudel1  98   1   1   1   1  25   1   2   1   1 BWL   7  43   1   5 492   0   2   4   5   2   6   5   3
Pudel1  98   1   1   1   1  25   1   2   1   1 BWL   7  44   1   2 1103   0   2   4   5   2   6   5   5
Pudel1  98   1   1   1   1  25   1   2   1   1 BWL   7  45   1   5 602   0   2   6   5   3   4   2   4
Pudel1  98   1   1   1   1  25   1   2   1   1 BWL   7  46   1   2 812   0   5   2   6   5   3   4   3
Pudel1  98   1   1   1   1  25   1   2   1   1 BWL   7  47   1   3 1043   0   2   6   5   3   4   2   4
Pudel1  98   1   1   1   1  25   1   2   1   1 BWL   7  48   1   4 443   0   2   6   5   3   4   2   5
Pudel1  98   1   1   1   1  25   1   2   1   1 BWL   7  49   1   6 813   0   4   5   2   6   5   3   4
Pudel1  98   1   1   1   1  25   1   2   1   1 BWL   7  50   1   5 852   0   2   4   5   2   6   5   3
Pudel1  98   1   1   1   1  25   1   2   1   1 BWL   7  51   1   4 612   0   5   2   4   5   2   6   4
Pudel1  98   1   1   1   1  25   1   2   1   1 BWL   7  52   1   1 693   0   1   3   6   5   2   4   3
Pudel1  98   1   1   1   1  25   1   2   1   1 BWL   7  53   1   6 782   0   5   2   6   5   3   4   4
Pudel1  98   1   1   1   1  25   1   2   1   1 BWL   7  54   1   5 572   0   5   2   4   5   2   6   4
Pudel1  98   1   1   1   1  25   1   2   1   1 BWL   7  55   1   2 612   0   3   6   5   2   4   5   3
Pudel1  98   1   1   1   1  25   1   2   1   1 BWL   7  56   1   4 673   0   4   5   2   6   5   3   3
Pudel1  98   1   1   1   1  25   1   2   1   1 BWL   7  57   1   6 593   0   4   5   2   6   5   3   4
Pudel1  98   1   1   1   1  25   1   2   1   1 BWL   7  58   1   1 643   0   1   3   6   5   2   4   3
Pudel1  98   1   1   1   1  25   1   2   1   1 BWL   7  59   1   5 492   0   1   3   6   5   2   4   4
Pudel1  98   1   1   1   1  25   1   2   1   1 BWL   7  60   1   2 492   0   2   4   5   2   6   5   5
Pudel1  98   1   1   1   1  25   1   2   1   1 BWL   7  61   1   5 632   0   1   3   6   5   2   4   4
Pudel1  98   1   1   1   1  25   1   2   1   1 BWL   7  62   1   4 643   0   6   5   2   4   5   2   5
Pudel1  98   1   1   1   1  25   1   2   1   1 BWL   7  63   1   2 513   0   6   5   2   4   5   2   4
Pudel1  98   1   1   1   1  25   1   2   1   1 BWL   7  64   1   5 552   0   1   3   6   5   2   4   3
Pudel1  98   1   1   1   1  25   1   2   1   1 BWL   7  65   1   6 573   0   3   6   5   2   4   5   5
Pudel1  98   1   1   1   1  25   1   2   1   1 BWL   7  66   1   1 632   0   5   2   4   5   2   6   5
Pudel1  98   1   1   1   1  25   1   2   1   1 BWL   7  67   1   5 493   0   1   3   6   5   2   4   5
Pudel1  98   1   1   1   1  25   1   2   1   1 BWL   7  68   1   2 483   0   1   3   6   5   2   4   5
Pudel1  98   1   1   1   1  25   1   2   1   1 BWL   7  69   1   4 942   0   5   2   4   5   2   6   5
Pudel1  98   1   1   1   1  25   1   2   1   1 BWL   7  70   1   5 153   0   5   2   6   5   3   4   4
Pudel1  98   1   1   1   1  25   1   2   1   1 BWL   7  71   1   3 672   0   2   4   5   2   6   5   5
Pudel1  98   1   1   1   1  25   1   2   1   1 BWL   7  72   1   6 733   0   6   5   2   4   5   2   3
Pudel1  98   1   1   1   1  25   1   2   1   1 BWL   7  73   1   2 842   0   4   5   2   6   5   3   5
Pudel1  98   1   1   1   1  25   1   2   1   1 BWL   7  74   1   6 1143   0   2   6   5   3   4   2   5
Pudel1  98   1   1   1   1  25   1   2   1   1 BWL   7  75   1   1 522   0   2   6   5   3   4   2   3
Pudel1  98   1   1   1   1  25   1   2   1   1 BWL   7  76   1   5 663   0   5   2   4   5   2   6   5
Pudel1  98   1   1   1   1  25   1   2   1   1 BWL   7  77   1   2 912   0   4   5   2   6   5   3   4
Pudel1  98   1   1   1   1  25   1   2   1   1 BWL   7  78   1   4 683   0   2   6   5   3   4   2   4
Pudel1  98   1   1   1   1  25   1   2   1   1 BWL   7  79   1   3 452   0   2   4   5   2   6   5   4
Pudel1  98   1   1   1   1  25   1   2   1   1 BWL   7  80   1   1 533   0   3   6   5   2   4   5   5
Pudel1  98   1   1   1   1  25   1   2   1   1 BWL   7  81   1   5 492   0   2   4   5   2   6   5   5
Pudel1  98   1   1   1   1  25   1   2   1   1 BWL   7  82   1   4 783   0   1   3   6   5   2   4   3
Pudel1  98   1   1   1   1  25   1   2   1   1 BWL   7  83   1   6 572   0   3   6   5   2   4   5   3
Pudel1  98   1   1   1   1  25   1   2   1   1 BWL   7  84   1   3 833   0   5   2   6   5   3   4   3
Pudel1  98   1   1   1   1  25   1   2   1   1 BWL   7  85   1   2 563   0   2   6   5   3   4   2   3
Pudel1  98   1   1   1   1  25   1   2   1   1 BWL   7  86   1   1 483   0   4   5   2   6   5   3   5
Pudel1  98   1   1   1   1  25   1   2   1   1 BWL   7  87   1   6 773   0   6   5   2   4   5   2   3
Pudel1  98   1   1   1   1  25   1   2   1   1 BWL   7  88   1   2 1292   0   4   5   2   6   5   3   3
Pudel1  98   1   1   1   1  25   1   2   1   1 BWL   7  89   1   5 1202   0   1   3   6   5   2   4   4
Pudel1  98   1   1   1   1  25   1   2   1   1 BWL   7  90   1   1 2074   0   6   5   2   4   5   2   3
Pudel1  98   1   1   1   1  25   1   2   1   1 BWL   7  91   1   3 903   0   2   6   5   3   4   2   5
Pudel1  98   1   1   1   1  25   1   2   1   1 BWL   7  92   1   2 602   0   2   4   5   2   6   5   3
Pudel1  98   1   1   1   1  25   1   2   1   1 BWL   7  93   1   6 1302   0   5   2   6   5   3   4   5
Pudel1  98   1   1   1   1  25   1   2   1   1 BWL   7  94   1   5 1123   0   2   6   5   3   4   2   5
Pudel1  98   1   1   1   1  25   1   2   1   1 BWL   7  95   1   1 813   0   3   6   5   2   4   5   4
Pudel1  98   1   1   1   1  25   1   2   1   1 BWL   7  96   1   2 532   0   5   2   6   5   3   4   3
Pudel1  98   1   1   1   1  25   1   2   1   1 BWL   7  97   1   5 882   0   5   2   6   5   3   4   5
Pudel1  98   1   1   1   1  25   1   2   1   1 BWL   7  98   1   1 603   0   5   2   4   5   2   6   3
Pudel1  98   1   1   1   1  25   1   2   1   1 BWL   7  99   1   5 492   0   5   2   4   5   2   6   3
Pudel1  98   1   1   1   1  25   1   2   1   1 BWL   7 100   1   2 602   0   6   5   2   4   5   2   3
Pudel1  98   1   1   1   1  25   1   2   1   1 BWL   7 101   1   4 633   0   2   6   5   3   4   2   3
Pudel1  98   1   1   1   1  25   1   2   1   1 BWL   7 102   1   3 923   0   4   5   2   6   5   3   5
Pudel1  98   1   1   1   1  25   1   2   1   1 BWL   7 103   1   6 812   0   6   5   2   4   5   2   5
Pudel1  98   1   1   1   1  25   1   2   1   1 BWL   7 104   1   2 1012   0   1   3   6   5   2   4   3
Pudel1  98   1   1   1   1  25   1   2   1   1 BWL   7 105   1   1 843   0   3   6   5   2   4   5   5
Pudel1  98   1   1   1   1  25   1   2   1   1 BWL   7 106   1   6 813   0   5   2   6   5   3   4   4
Pudel1  98   1   1   1   1  25   1   2   1   1 BWL   7 107   1   2 992   0   3   6   5   2   4   5   4
Pudel1  98   1   1   1   1  25   1   2   1   1 BWL   7 108   1   5 563   0   2   6   5   3   4   2   3
Pudel1  98   1   1   1   1  25   1   2   1   1 BWL   7 109   1   4  82   0   5   2   6   5   3   4   3
Pudel1  98   1   1   1   1  25   1   2   1   1 BWL   7 110   1   3 872   0   6   5   2   4   5   2   4
Pudel1  98   1   1   1   1  25   1   2   1   1 BWL   7 111   1   1 1043   0   3   6   5   2   4   5   3
Pudel1  98   1   1   1   1  25   1   2   1   1 BWL   7 112   1   6 673   0   5   2   6   5   3   4   4
Pudel1  98   1   1   1   1  25   1   2   1   1 BWL   7 113   1   2 932   0   5   2   6   5   3   4   5
Pudel1  98   1   1   1   1  25   1   2   1   1 BWL   7 114   1   5 1332   0   5   2   4   5   2   6   4
Pudel1  98   1   1   1   1  25   1   2   1   1 BWL   7 115   1   4 1022   0   5   2   4   5   2   6   3
Pudel1  98   1   1   1   1  25   1   2   1   1 BWL   7 116   1   2 1183   0   4   5   2   6   5   3   5
Pudel1  98   1   1   1   1  25   1   2   1   1 BWL   7 117   1   5 453   0   1   3   6   5   2   4   5
Pudel1  98   1   1   1   1  25   1   2   1   1 BWL   7 118   1   3 492   0   1   3   6   5   2   4   4
Pudel1  98   1   1   1   1  25   1   2   1   1 BWL   7 119   1   5 963   0   5   2   6   5   3   4   3
Pudel1  98   1   1   1   1  25   1   2   1   1 BWL   7 120   1   1 1262   0   3   6   5   2   4   5   3
Pudel1  98   1   1   1   1  25   1   2   1   1 BWL   8   1   1   6 962   0   2   6   5   3   4   2   4
Pudel1  98   1   1   1   1  25   1   2   1   1 BWL   8   2   1   1 692   0   5   2   4   5   2   6   4
Pudel1  98   1   1   1   1  25   1   2   1   1 BWL   8   3   1   5 402   0   6   5   2   4   5   2   3
Pudel1  98   1   1   1   1  25   1   2   1   1 BWL   8   4   1   2 362   0   3   6   5   2   4   5   4
Pudel1  98   1   1   1   1  25   1   2   1   1 BWL   8   5   1   4 373   0   4   5   2   6   5   3   4
Pudel1  98   1   1   1   1  25   1   2   1   1 BWL   8   6   1   3 522   0   5   2   4   5   2   6   4
Pudel1  98   1   1   1   1  25   1   2   1   1 BWL   8   7   1   5 472   0   5   2   4   5   2   6   5
Pudel1  98   1   1   1   1  25   1   2   1   1 BWL   8   8   1   1 603   0   5   2   6   5   3   4   5
Pudel1  98   1   1   1   1  25   1   2   1   1 BWL   8   9   1   6 603   0   5   2   6   5   3   4   4
Pudel1  98   1   1   1   1  25   1   2   1   1 BWL   8  10   1   2 402   0   2   4   5   2   6   5   3
Pudel1  98   1   1   1   1  25   1   2   1   1 BWL   8  11   1   4 382   0   2   4   5   2   6   5   4
Pudel1  98   1   1   1   1  25   1   2   1   1 BWL   8  12   1   3 332   0   2   6   5   3   4   2   5
Pudel1  98   1   1   1   1  25   1   2   1   1 BWL   8  13   1   5 443   0   5   2   4   5   2   6   5
Pudel1  98   1   1   1   1  25   1   2   1   1 BWL   8  14   1   1 392   0   2   4   5   2   6   5   3
Pudel1  98   1   1   1   1  25   1   2   1   1 BWL   8  15   1   6 483   0   4   5   2   6   5   3   5
Pudel1  98   1   1   1   1  25   1   2   1   1 BWL   8  16   1   2 382   0   4   5   2   6   5   3   3
Pudel1  98   1   1   1   1  25   1   2   1   1 BWL   8  17   1   5 332   0   2   4   5   2   6   5   4
Pudel1  98   1   1   1   1  25   1   2   1   1 BWL   8  18   1   3 333   0   2   4   5   2   6   5   5
Pudel1  98   1   1   1   1  25   1   2   1   1 BWL   8  19   1   4 402   0   1   3   6   5   2   4   5
Pudel1  98   1   1   1   1  25   1   2   1   1 BWL   8  20   1   2 442   0   6   5   2   4   5   2   4
Pudel1  98   1   1   1   1  25   1   2   1   1 BWL   8  21   1   5 422   0   5   2   4   5   2   6   3
Pudel1  98   1   1   1   1  25   1   2   1   1 BWL   8  22   1   1 393   0   6   5   2   4   5   2   5
Pudel1  98   1   1   1   1  25   1   2   1   1 BWL   8  23   1   2 812   0   2   4   5   2   6   5   4
Pudel1  98   1   1   1   1  25   1   2   1   1 BWL   8  24   1   3 342   0   5   2   4   5   2   6   3
Pudel1  98   1   1   1   1  25   1   2   1   1 BWL   8  25   1   4 342   0   3   6   5   2   4   5   5
Pudel1  98   1   1   1   1  25   1   2   1   1 BWL   8  26   1   5 342   0   2   6   5   3   4   2   3
Pudel1  98   1   1   1   1  25   1   2   1   1 BWL   8  27   1   6 382   0   5   2   6   5   3   4   5
Pudel1  98   1   1   1   1  25   1   2   1   1 BWL   8  28   1   2 703   0   2   4   5   2   6   5   4
Pudel1  98   1   1   1   1  25   1   2   1   1 BWL   8  29   1   6 512   0   4   5   2   6   5   3   3
Pudel1  98   1   1   1   1  25   1   2   1   1 BWL   8  30   1   1 562   0   1   3   6   5   2   4   5
Pudel1  98   1   1   1   1  25   1   2   1   1 BWL   8  31   1   5 333   0   6   5   2   4   5   2   5
Pudel1  98   1   1   1   1  25   1   2   1   1 BWL   8  32   1   2 252   0   1   3   6   5   2   4   4
Pudel1  98   1   1   1   1  25   1   2   1   1 BWL   8  33   1   4 533   0   6   5   2   4   5   2   4
Pudel1  98   1   1   1   1  25   1   2   1   1 BWL   8  34   1   3 392   0   3   6   5   2   4   5   3
Pudel1  98   1   1   1   1  25   1   2   1   1 BWL   8  35   1   2 403   0   3   6   5   2   4   5   4
Pudel1  98   1   1   1   1  25   1   2   1   1 BWL   8  36   1   1 383   0   6   5   2   4   5   2   4
Pudel1  98   1   1   1   1  25   1   2   1   1 BWL   8  37   1   3 492   0   2   6   5   3   4   2   4
Pudel1  98   1   1   1   1  25   1   2   1   1 BWL   8  38   1   1 563   0   3   6   5   2   4   5   4
Pudel1  98   1   1   1   1  25   1   2   1   1 BWL   8  39   1   6 443   0   6   5   2   4   5   2   5
Pudel1  98   1   1   1   1  25   1   2   1   1 BWL   8  40   1   2 342   0   4   5   2   6   5   3   4
Pudel1  98   1   1   1   1  25   1   2   1   1 BWL   8  41   1   5 512   0   4   5   2   6   5   3   3
Pudel1  98   1   1   1   1  25   1   2   1   1 BWL   8  42   1   6 552   0   3   6   5   2   4   5   5
Pudel1  98   1   1   1   1  25   1   2   1   1 BWL   8  43   1   1 303   0   2   4   5   2   6   5   3
Pudel1  98   1   1   1   1  25   1   2   1   1 BWL   8  44   1   4 372   0   2   4   5   2   6   5   5
Pudel1  98   1   1   1   1  25   1   2   1   1 BWL   8  45   1   2 462   0   2   6   5   3   4   2   4
Pudel1  98   1   1   1   1  25   1   2   1   1 BWL   8  46   1   5 472   0   5   2   6   5   3   4   3
Pudel1  98   1   1   1   1  25   1   2   1   1 BWL   8  47   1   6 502   0   2   6   5   3   4   2   4
Pudel1  98   1   1   1   1  25   1   2   1   1 BWL   8  48   1   3 562   0   2   6   5   3   4   2   5
Pudel1  98   1   1   1   1  25   1   2   1   1 BWL   8  49   1   4 413   0   4   5   2   6   5   3   4
Pudel1  98   1   1   1   1  25   1   2   1   1 BWL   8  50   1   1 452   0   2   4   5   2   6   5   3
Pudel1  98   1   1   1   1  25   1   2   1   1 BWL   8  51   1   6 512   0   5   2   4   5   2   6   4
Pudel1  98   1   1   1   1  25   1   2   1   1 BWL   8  52   1   2 684   0   1   3   6   5   2   4   3
Pudel1  98   1   1   1   1  25   1   2   1   1 BWL   8  53   1   5 603   0   5   2   6   5   3   4   4
Pudel1  98   1   1   1   1  25   1   2   1   1 BWL   8  54   1   3 753   0   5   2   4   5   2   6   4
Pudel1  98   1   1   1   1  25   1   2   1   1 BWL   8  55   1   6 442   0   3   6   5   2   4   5   3
Pudel1  98   1   1   1   1  25   1   2   1   1 BWL   8  56   1   1 422   0   4   5   2   6   5   3   3
Pudel1  98   1   1   1   1  25   1   2   1   1 BWL   8  57   1   2 603   0   4   5   2   6   5   3   4
Pudel1  98   1   1   1   1  25   1   2   1   1 BWL   8  58   1   5 422   0   1   3   6   5   2   4   3
Pudel1  98   1   1   1   1  25   1   2   1   1 BWL   8  59   1   3 513   0   1   3   6   5   2   4   4
Pudel1  98   1   1   1   1  25   1   2   1   1 BWL   8  60   1   4 492   0   2   4   5   2   6   5   5
Pudel1  98   1   1   1   1  25   1   2   1   1 BWL   8  61   1   2 703   0   1   3   6   5   2   4   4
Pudel1  98   1   1   1   1  25   1   2   1   1 BWL   8  62   1   5 702   0   6   5   2   4   5   2   5
Pudel1  98   1   1   1   1  25   1   2   1   1 BWL   8  63   1   5 822   0   6   5   2   4   5   2   4
Pudel1  98   1   1   1   1  25   1   2   1   1 BWL   8  64   1   6 891   0   1   3   6   5   2   4   3
Pudel1  98   1   1   1   1  25   1   2   1   1 BWL   8  65   1   4 422   0   3   6   5   2   4   5   5
Pudel1  98   1   1   1   1  25   1   2   1   1 BWL   8  66   1   2 473   0   5   2   4   5   2   6   5
Pudel1  98   1   1   1   1  25   1   2   1   1 BWL   8  67   1   6 1322   0   1   3   6   5   2   4   5
Pudel1  98   1   1   1   1  25   1   2   1   1 BWL   8  68   1   3 1962   0   1   3   6   5   2   4   5
Pudel1  98   1   1   1   1  25   1   2   1   1 BWL   8  69   1   6 1173   0   5   2   4   5   2   6   5
Pudel1  98   1   1   1   1  25   1   2   1   1 BWL   8  70   1   2 703   0   5   2   6   5   3   4   4
Pudel1  98   1   1   1   1  25   1   2   1   1 BWL   8  71   1   5 513   0   2   4   5   2   6   5   5
Pudel1  98   1   1   1   1  25   1   2   1   1 BWL   8  72   1   3 633   0   6   5   2   4   5   2   3
Pudel1  98   1   1   1   1  25   1   2   1   1 BWL   8  73   1   4 702   0   4   5   2   6   5   3   5
Pudel1  98   1   1   1   1  25   1   2   1   1 BWL   8  74   1   1 543   0   2   6   5   3   4   2   5
Pudel1  98   1   1   1   1  25   1   2   1   1 BWL   8  75   1   2 1923   0   2   6   5   3   4   2   3
Pudel1  98   1   1   1   1  25   1   2   1   1 BWL   8  76   1   6 673   0   5   2   4   5   2   6   5
Pudel1  98   1   1   1   1  25   1   2   1   1 BWL   8  77   1   5 1592   0   4   5   2   6   5   3   4
Pudel1  98   1   1   1   1  25   1   2   1   1 BWL   8  78   1   3 832   0   2   6   5   3   4   2   4
Pudel1  98   1   1   1   1  25   1   2   1   1 BWL   8  79   1   2 483   0   2   4   5   2   6   5   4
Pudel1  98   1   1   1   1  25   1   2   1   1 BWL   8  80   1   4 503   0   3   6   5   2   4   5   5
Pudel1  98   1   1   1   1  25   1   2   1   1 BWL   8  81   1   2 712   0   2   4   5   2   6   5   5
Pudel1  98   1   1   1   1  25   1   2   1   1 BWL   8  82   1   5 1002   0   1   3   6   5   2   4   3
Pudel1  98   1   1   1   1  25   1   2   1   1 BWL   8  83   1   3 432   0   3   6   5   2   4   5   3
Pudel1  98   1   1   1   1  25   1   2   1   1 BWL   8  84   1   5 543   0   5   2   6   5   3   4   3
Pudel1  98   1   1   1   1  25   1   2   1   1 BWL   8  85   1   6 492   0   2   6   5   3   4   2   3
Pudel1  98   1   1   1   1  25   1   2   1   1 BWL   8  86   1   1 432   0   4   5   2   6   5   3   5
Pudel1  98   1   1   1   1  25   1   2   1   1 BWL   8  87   1   2 472   0   6   5   2   4   5   2   3
Pudel1  98   1   1   1   1  25   1   2   1   1 BWL   8  88   1   5 392   0   4   5   2   6   5   3   3
Pudel1  98   1   1   1   1  25   1   2   1   1 BWL   8  89   1   3 1143   0   1   3   6   5   2   4   4
Pudel1  98   1   1   1   1  25   1   2   1   1 BWL   8  90   1   6 493   0   6   5   2   4   5   2   3
Pudel1  98   1   1   1   1  25   1   2   1   1 BWL   8  91   1   1 372   0   2   6   5   3   4   2   5
Pudel1  98   1   1   1   1  25   1   2   1   1 BWL   8  92   1   2 462   0   2   4   5   2   6   5   3
Pudel1  98   1   1   1   1  25   1   2   1   1 BWL   8  93   1   3 1543   0   5   2   6   5   3   4   5
Pudel1  98   1   1   1   1  25   1   2   1   1 BWL   8  94   1   6 1833   0   2   6   5   3   4   2   5
Pudel1  98   1   1   1   1  25   1   2   1   1 BWL   8  95   1   5 373   0   3   6   5   2   4   5   4
Pudel1  98   1   1   1   1  25   1   2   1   1 BWL   8  96   1   4 613   0   5   2   6   5   3   4   3
Pudel1  98   1   1   1   1  25   1   2   1   1 BWL   8  97   1   1 1032   0   5   2   6   5   3   4   5
Pudel1  98   1   1   1   1  25   1   2   1   1 BWL   8  98   1   2 622   0   5   2   4   5   2   6   3
Pudel1  98   1   1   1   1  25   1   2   1   1 BWL   8  99   1   6 1023   0   5   2   4   5   2   6   3
Pudel1  98   1   1   1   1  25   1   2   1   1 BWL   8 100   1   5 442   0   6   5   2   4   5   2   3
Pudel1  98   1   1   1   1  25   1   2   1   1 BWL   8 101   1   2 422   0   2   6   5   3   4   2   3
Pudel1  98   1   1   1   1  25   1   2   1   1 BWL   8 102   1   3 822   0   4   5   2   6   5   3   5
Pudel1  98   1   1   1   1  25   1   2   1   1 BWL   8 103   1   4 643   0   6   5   2   4   5   2   5
Pudel1  98   1   1   1   1  25   1   2   1   1 BWL   8 104   1   5 542   0   1   3   6   5   2   4   3
Pudel1  98   1   1   1   1  25   1   2   1   1 BWL   8 105   1   1 533   0   3   6   5   2   4   5   5
Pudel1  98   1   1   1   1  25   1   2   1   1 BWL   8 106   1   5 603   0   5   2   6   5   3   4   4
Pudel1  98   1   1   1   1  25   1   2   1   1 BWL   8 107   1   2 363   0   3   6   5   2   4   5   4
Pudel1  98   1   1   1   1  25   1   2   1   1 BWL   8 108   1   4 492   0   2   6   5   3   4   2   3
Pudel1  98   1   1   1   1  25   1   2   1   1 BWL   8 109   1   3 512   0   5   2   6   5   3   4   3
Pudel1  98   1   1   1   1  25   1   2   1   1 BWL   8 110   1   2 392   0   6   5   2   4   5   2   4
Pudel1  98   1   1   1   1  25   1   2   1   1 BWL   8 111   1   6 432   0   3   6   5   2   4   5   3
Pudel1  98   1   1   1   1  25   1   2   1   1 BWL   8 112   1   5 402   0   5   2   6   5   3   4   4
Pudel1  98   1   1   1   1  25   1   2   1   1 BWL   8 113   1   4 303   0   5   2   6   5   3   4   5
Pudel1  98   1   1   1   1  25   1   2   1   1 BWL   8 114   1   2 372   0   5   2   4   5   2   6   4
Pudel1  98   1   1   1   1  25   1   2   1   1 BWL   8 115   1   5 362   0   5   2   4   5   2   6   3
Pudel1  98   1   1   1   1  25   1   2   1   1 BWL   8 116   1   3 542   0   4   5   2   6   5   3   5
Pudel1  98   1   1   1   1  25   1   2   1   1 BWL   8 117   1   6 362   0   1   3   6   5   2   4   5
Pudel1  98   1   1   1   1  25   1   2   1   1 BWL   8 118   1   1 402   0   1   3   6   5   2   4   4
Pudel1  98   1   1   1   1  25   1   2   1   1 BWL   8 119   1   5 483   0   5   2   6   5   3   4   3
Pudel1  98   1   1   1   1  25   1   2   1   1 BWL   8 120   1   2 363   0   3   6   5   2   4   5   3
