Pudel1  99   3   1   1   4  29   1   1   1   1 BWL   1   1   0   0   2   0
Pudel1  99   3   1   1   4  29   1   1   1   1 BWL   1   2   0   0   1   0
Pudel1  99   3   1   1   4  29   1   1   1   1 BWL   1   3   0   0   4   0
Pudel1  99   3   1   1   4  29   1   1   1   1 BWL   1   4   0   0   6   0
Pudel1  99   3   1   1   4  29   1   1   1   1 BWL   1   5   0   0   1   0
Pudel1  99   3   1   1   4  29   1   1   1   1 BWL   1   6   0   0   3   0
Pudel1  99   3   1   1   4  29   1   1   1   1 BWL   1   7   0   0   6   0
Pudel1  99   3   1   1   4  29   1   1   1   1 BWL   1   8   0   0   5   0
Pudel1  99   3   1   1   4  29   1   1   1   1 BWL   1   9   0   0   1   0
Pudel1  99   3   1   1   4  29   1   1   1   1 BWL   1  10   0   0   3   0
Pudel1  99   3   1   1   4  29   1   1   1   1 BWL   1  11   0   0   6   0
Pudel1  99   3   1   1   4  29   1   1   1   1 BWL   1  12   0   0   5   0
Pudel1  99   3   1   1   4  29   1   1   1   1 BWL   1  13   0   0   4   0
Pudel1  99   3   1   1   4  29   1   1   1   1 BWL   1  14   0   0   3   0
Pudel1  99   3   1   1   4  29   1   1   1   1 BWL   1  15   0   0   5   0
Pudel1  99   3   1   1   4  29   1   1   1   1 BWL   1  16   0   0   4   0
Pudel1  99   3   1   1   4  29   1   1   1   1 BWL   1  17   0   0   6   0
Pudel1  99   3   1   1   4  29   1   1   1   1 BWL   1  18   0   0   2   0
Pudel1  99   3   1   1   4  29   1   1   1   1 BWL   1  19   0   0   5   0
Pudel1  99   3   1   1   4  29   1   1   1   1 BWL   1  20   0   0   3   0
Pudel1  99   3   1   1   4  29   1   1   1   1 BWL   1  21   0   0   1   0
Pudel1  99   3   1   1   4  29   1   1   1   1 BWL   1  22   0   0   4   0
Pudel1  99   3   1   1   4  29   1   1   1   1 BWL   1  23   0   0   2   0
Pudel1  99   3   1   1   4  29   1   1   1   1 BWL   1  24   0   0   3   0
Pudel1  99   3   1   1   4  29   1   1   1   1 BWL   1  25   0   0   4   0
Pudel1  99   3   1   1   4  29   1   1   1   1 BWL   1  26   0   0   5   0
Pudel1  99   3   1   1   4  29   1   1   1   1 BWL   1  27   0   0   2   0
Pudel1  99   3   1   1   4  29   1   1   1   1 BWL   1  28   0   0   3   0
Pudel1  99   3   1   1   4  29   1   1   1   1 BWL   1  29   0   0   6   0
Pudel1  99   3   1   1   4  29   1   1   1   1 BWL   1  30   0   0   4   0
Pudel1  99   3   1   1   4  29   1   1   1   1 BWL   1  31   0   0   2   0
Pudel1  99   3   1   1   4  29   1   1   1   1 BWL   1  32   0   0   3   0
Pudel1  99   3   1   1   4  29   1   1   1   1 BWL   1  33   0   0   6   0
Pudel1  99   3   1   1   4  29   1   1   1   1 BWL   1  34   0   0   4   0
Pudel1  99   3   1   1   4  29   1   1   1   1 BWL   1  35   0   0   5   0
Pudel1  99   3   1   1   4  29   1   1   1   1 BWL   1  36   0   0   1   0
Pudel1  99   3   1   1   4  29   1   1   1   1 BWL   1  37   0   0   3   0
Pudel1  99   3   1   1   4  29   1   1   1   1 BWL   1  38   0   0   4   0
Pudel1  99   3   1   1   4  29   1   1   1   1 BWL   1  39   0   0   1   0
Pudel1  99   3   1   1   4  29   1   1   1   1 BWL   1  40   0   0   2   0
Pudel1  99   3   1   1   4  29   1   1   1   1 BWL   1  41   0   0   4   0
Pudel1  99   3   1   1   4  29   1   1   1   1 BWL   1  42   0   0   1   0
Pudel1  99   3   1   1   4  29   1   1   1   1 BWL   1  43   0   0   5   0
Pudel1  99   3   1   1   4  29   1   1   1   1 BWL   1  44   0   0   4   0
Pudel1  99   3   1   1   4  29   1   1   1   1 BWL   1  45   0   0   1   0
Pudel1  99   3   1   1   4  29   1   1   1   1 BWL   1  46   0   0   6   0
Pudel1  99   3   1   1   4  29   1   1   1   1 BWL   1  47   0   0   4   0
Pudel1  99   3   1   1   4  29   1   1   1   1 BWL   1  48   0   0   2   0
Pudel1  99   3   1   1   4  29   1   1   1   1 BWL   1  49   0   0   6   0
Pudel1  99   3   1   1   4  29   1   1   1   1 BWL   1  50   0   0   1   0
Pudel1  99   3   1   1   4  29   1   1   1   1 BWL   1  51   0   0   2   0
Pudel1  99   3   1   1   4  29   1   1   1   1 BWL   1  52   0   0   3   0
Pudel1  99   3   1   1   4  29   1   1   1   1 BWL   1  53   0   0   6   0
Pudel1  99   3   1   1   4  29   1   1   1   1 BWL   1  54   0   0   1   0
Pudel1  99   3   1   1   4  29   1   1   1   1 BWL   1  55   0   0   4   0
Pudel1  99   3   1   1   4  29   1   1   1   1 BWL   1  56   0   0   6   0
Pudel1  99   3   1   1   4  29   1   1   1   1 BWL   1  57   0   0   1   0
Pudel1  99   3   1   1   4  29   1   1   1   1 BWL   1  58   0   0   2   0
Pudel1  99   3   1   1   4  29   1   1   1   1 BWL   1  59   0   0   4   0
Pudel1  99   3   1   1   4  29   1   1   1   1 BWL   1  60   0   0   3   0
Pudel1  99   3   1   1   4  29   1   1   1   1 BWL   1  61   0   0   5   0
Pudel1  99   3   1   1   4  29   1   1   1   1 BWL   1  62   0   0   6   0
Pudel1  99   3   1   1   4  29   1   1   1   1 BWL   1  63   0   0   1   0
Pudel1  99   3   1   1   4  29   1   1   1   1 BWL   1  64   0   0   4   0
Pudel1  99   3   1   1   4  29   1   1   1   1 BWL   1  65   0   0   5   0
Pudel1  99   3   1   1   4  29   1   1   1   1 BWL   1  66   0   0   6   0
Pudel1  99   3   1   1   4  29   1   1   1   1 BWL   1  67   0   0   4   0
Pudel1  99   3   1   1   4  29   1   1   1   1 BWL   1  68   0   0   3   0
Pudel1  99   3   1   1   4  29   1   1   1   1 BWL   1  69   0   0   2   0
Pudel1  99   3   1   1   4  29   1   1   1   1 BWL   1  70   0   0   4   0
Pudel1  99   3   1   1   4  29   1   1   1   1 BWL   1  71   0   0   5   0
Pudel1  99   3   1   1   4  29   1   1   1   1 BWL   1  72   0   0   6   0
Pudel1  99   3   1   1   4  29   1   1   1   1 BWL   1  73   0   0   4   0
Pudel1  99   3   1   1   4  29   1   1   1   1 BWL   1  74   0   0   3   0
Pudel1  99   3   1   1   4  29   1   1   1   1 BWL   1  75   0   0   1   0
Pudel1  99   3   1   1   4  29   1   1   1   1 BWL   1  76   0   0   5   0
Pudel1  99   3   1   1   4  29   1   1   1   1 BWL   1  77   0   0   3   0
Pudel1  99   3   1   1   4  29   1   1   1   1 BWL   1  78   0   0   4   0
Pudel1  99   3   1   1   4  29   1   1   1   1 BWL   1  79   0   0   5   0
Pudel1  99   3   1   1   4  29   1   1   1   1 BWL   1  80   0   0   2   0
Pudel1  99   3   1   1   4  29   1   1   1   1 BWL   1  81   0   0   6   0
Pudel1  99   3   1   1   4  29   1   1   1   1 BWL   1  82   0   0   3   0
Pudel1  99   3   1   1   4  29   1   1   1   1 BWL   1  83   0   0   2   0
Pudel1  99   3   1   1   4  29   1   1   1   1 BWL   1  84   0   0   6   0
Pudel1  99   3   1   1   4  29   1   1   1   1 BWL   1  85   0   0   3   0
Pudel1  99   3   1   1   4  29   1   1   1   1 BWL   1  86   0   0   5   0
Pudel1  99   3   1   1   4  29   1   1   1   1 BWL   1  87   0   0   1   0
Pudel1  99   3   1   1   4  29   1   1   1   1 BWL   1  88   0   0   4   0
Pudel1  99   3   1   1   4  29   1   1   1   1 BWL   1  89   0   0   6   0
Pudel1  99   3   1   1   4  29   1   1   1   1 BWL   1  90   0   0   1   0
Pudel1  99   3   1   1   4  29   1   1   1   1 BWL   1  91   0   0   2   0
Pudel1  99   3   1   1   4  29   1   1   1   1 BWL   1  92   0   0   3   0
Pudel1  99   3   1   1   4  29   1   1   1   1 BWL   1  93   0   0   5   0
Pudel1  99   3   1   1   4  29   1   1   1   1 BWL   1  94   0   0   2   0
Pudel1  99   3   1   1   4  29   1   1   1   1 BWL   1  95   0   0   1   0
Pudel1  99   3   1   1   4  29   1   1   1   1 BWL   1  96   0   0   3   0
Pudel1  99   3   1   1   4  29   1   1   1   1 BWL   1  97   0   0   4   0
Pudel1  99   3   1   1   4  29   1   1   1   1 BWL   1  98   0   0   2   0
Pudel1  99   3   1   1   4  29   1   1   1   1 BWL   1  99   0   0   3   0
Pudel1  99   3   1   1   4  29   1   1   1   1 BWL   1 100   0   0   5   0
Pudel1  99   3   1   1   4  29   1   1   1   1 BWL   1 101   0   0   4   0
Pudel1  99   3   1   1   4  29   1   1   1   1 BWL   1 102   0   0   2   0
Pudel1  99   3   1   1   4  29   1   1   1   1 BWL   1 103   0   0   1   0
Pudel1  99   3   1   1   4  29   1   1   1   1 BWL   1 104   0   0   5   0
Pudel1  99   3   1   1   4  29   1   1   1   1 BWL   1 105   0   0   6   0
Pudel1  99   3   1   1   4  29   1   1   1   1 BWL   1 106   0   0   4   0
Pudel1  99   3   1   1   4  29   1   1   1   1 BWL   1 107   0   0   1   0
Pudel1  99   3   1   1   4  29   1   1   1   1 BWL   1 108   0   0   6   0
Pudel1  99   3   1   1   4  29   1   1   1   1 BWL   1 109   0   0   3   0
Pudel1  99   3   1   1   4  29   1   1   1   1 BWL   1 110   0   0   4   0
Pudel1  99   3   1   1   4  29   1   1   1   1 BWL   1 111   0   0   2   0
Pudel1  99   3   1   1   4  29   1   1   1   1 BWL   1 112   0   0   6   0
Pudel1  99   3   1   1   4  29   1   1   1   1 BWL   1 113   0   0   5   0
Pudel1  99   3   1   1   4  29   1   1   1   1 BWL   1 114   0   0   4   0
Pudel1  99   3   1   1   4  29   1   1   1   1 BWL   1 115   0   0   2   0
Pudel1  99   3   1   1   4  29   1   1   1   1 BWL   1 116   0   0   6   0
Pudel1  99   3   1   1   4  29   1   1   1   1 BWL   1 117   0   0   1   0
Pudel1  99   3   1   1   4  29   1   1   1   1 BWL   1 118   0   0   4   0
Pudel1  99   3   1   1   4  29   1   1   1   1 BWL   1 119   0   0   2   0
Pudel1  99   3   1   1   4  29   1   1   1   1 BWL   1 120   0   0   5   0
Pudel1  99   3   1   1   4  29   1   1   1   1 BWL   1 121   0   0   3   0
Pudel1  99   3   1   1   4  29   1   1   1   1 BWL   1 122   0   0   6   0
Pudel1  99   3   1   1   4  29   1   1   1   1 BWL   1 123   0   0   2   0
Pudel1  99   3   1   1   4  29   1   1   1   1 BWL   1 124   0   0   3   0
Pudel1  99   3   1   1   4  29   1   1   1   1 BWL   1 125   0   0   4   0
Pudel1  99   3   1   1   4  29   1   1   1   1 BWL   1 126   0   0   2   0
Pudel1  99   3   1   1   4  29   1   1   1   1 BWL   1 127   0   0   6   0
Pudel1  99   3   1   1   4  29   1   1   1   1 BWL   1 128   0   0   1   0
Pudel1  99   3   1   1   4  29   1   1   1   1 BWL   1 129   0   0   4   0
Pudel1  99   3   1   1   4  29   1   1   1   1 BWL   1 130   0   0   6   0
Pudel1  99   3   1   1   4  29   1   1   1   1 BWL   1 131   0   0   1   0
Pudel1  99   3   1   1   4  29   1   1   1   1 BWL   1 132   0   0   3   0
Pudel1  99   3   1   1   4  29   1   1   1   1 BWL   1 133   0   0   4   0
Pudel1  99   3   1   1   4  29   1   1   1   1 BWL   1 134   0   0   1   0
Pudel1  99   3   1   1   4  29   1   1   1   1 BWL   1 135   0   0   5   0
Pudel1  99   3   1   1   4  29   1   1   1   1 BWL   1 136   0   0   3   0
Pudel1  99   3   1   1   4  29   1   1   1   1 BWL   1 137   0   0   6   0
Pudel1  99   3   1   1   4  29   1   1   1   1 BWL   1 138   0   0   2   0
Pudel1  99   3   1   1   4  29   1   1   1   1 BWL   1 139   0   0   1   0
Pudel1  99   3   1   1   4  29   1   1   1   1 BWL   1 140   0   0   3   0
Pudel1  99   3   1   1   4  29   1   1   1   1 BWL   1 141   0   0   4   0
Pudel1  99   3   1   1   4  29   1   1   1   1 BWL   1 142   0   0   1   0
Pudel1  99   3   1   1   4  29   1   1   1   1 BWL   1 143   0   0   5   0
Pudel1  99   3   1   1   4  29   1   1   1   1 BWL   1 144   0   0   2   0
Pudel1  99   3   1   1   4  29   1   1   1   1 BWL   2   1   0   0   5   0
Pudel1  99   3   1   1   4  29   1   1   1   1 BWL   2   2   0   0   3   0
Pudel1  99   3   1   1   4  29   1   1   1   1 BWL   2   3   0   0   1   0
Pudel1  99   3   1   1   4  29   1   1   1   1 BWL   2   4   0   0   5   0
Pudel1  99   3   1   1   4  29   1   1   1   1 BWL   2   5   0   0   3   0
Pudel1  99   3   1   1   4  29   1   1   1   1 BWL   2   6   0   0   1   0
Pudel1  99   3   1   1   4  29   1   1   1   1 BWL   2   7   0   0   4   0
Pudel1  99   3   1   1   4  29   1   1   1   1 BWL   2   8   0   0   5   0
Pudel1  99   3   1   1   4  29   1   1   1   1 BWL   2   9   0   0   6   0
Pudel1  99   3   1   1   4  29   1   1   1   1 BWL   2  10   0   0   3   0
Pudel1  99   3   1   1   4  29   1   1   1   1 BWL   2  11   0   0   1   0
Pudel1  99   3   1   1   4  29   1   1   1   1 BWL   2  12   0   0   5   0
Pudel1  99   3   1   1   4  29   1   1   1   1 BWL   2  13   0   0   3   0
Pudel1  99   3   1   1   4  29   1   1   1   1 BWL   2  14   0   0   1   0
Pudel1  99   3   1   1   4  29   1   1   1   1 BWL   2  15   0   0   5   0
Pudel1  99   3   1   1   4  29   1   1   1   1 BWL   2  16   0   0   3   0
Pudel1  99   3   1   1   4  29   1   1   1   1 BWL   2  17   0   0   2   0
Pudel1  99   3   1   1   4  29   1   1   1   1 BWL   2  18   0   0   4   0
Pudel1  99   3   1   1   4  29   1   1   1   1 BWL   2  19   0   0   6   0
Pudel1  99   3   1   1   4  29   1   1   1   1 BWL   2  20   0   0   2   0
Pudel1  99   3   1   1   4  29   1   1   1   1 BWL   2  21   0   0   3   0
Pudel1  99   3   1   1   4  29   1   1   1   1 BWL   2  22   0   0   5   0
Pudel1  99   3   1   1   4  29   1   1   1   1 BWL   2  23   0   0   1   0
Pudel1  99   3   1   1   4  29   1   1   1   1 BWL   2  24   0   0   6   0
Pudel1  99   3   1   1   4  29   1   1   1   1 BWL   2  25   0   0   4   0
Pudel1  99   3   1   1   4  29   1   1   1   1 BWL   2  26   0   0   1   0
Pudel1  99   3   1   1   4  29   1   1   1   1 BWL   2  27   0   0   6   0
Pudel1  99   3   1   1   4  29   1   1   1   1 BWL   2  28   0   0   3   0
Pudel1  99   3   1   1   4  29   1   1   1   1 BWL   2  29   0   0   4   0
Pudel1  99   3   1   1   4  29   1   1   1   1 BWL   2  30   0   0   5   0
Pudel1  99   3   1   1   4  29   1   1   1   1 BWL   2  31   0   0   2   0
Pudel1  99   3   1   1   4  29   1   1   1   1 BWL   2  32   0   0   6   0
Pudel1  99   3   1   1   4  29   1   1   1   1 BWL   2  33   0   0   1   0
Pudel1  99   3   1   1   4  29   1   1   1   1 BWL   2  34   0   0   3   0
Pudel1  99   3   1   1   4  29   1   1   1   1 BWL   2  35   0   0   6   0
Pudel1  99   3   1   1   4  29   1   1   1   1 BWL   2  36   0   0   5   0
Pudel1  99   3   1   1   4  29   1   1   1   1 BWL   2  37   0   0   2   0
Pudel1  99   3   1   1   4  29   1   1   1   1 BWL   2  38   0   0   3   0
Pudel1  99   3   1   1   4  29   1   1   1   1 BWL   2  39   0   0   1   0
Pudel1  99   3   1   1   4  29   1   1   1   1 BWL   2  40   0   0   2   0
Pudel1  99   3   1   1   4  29   1   1   1   1 BWL   2  41   0   0   4   0
Pudel1  99   3   1   1   4  29   1   1   1   1 BWL   2  42   0   0   6   0
Pudel1  99   3   1   1   4  29   1   1   1   1 BWL   2  43   0   0   1   0
Pudel1  99   3   1   1   4  29   1   1   1   1 BWL   2  44   0   0   4   0
Pudel1  99   3   1   1   4  29   1   1   1   1 BWL   2  45   0   0   3   0
Pudel1  99   3   1   1   4  29   1   1   1   1 BWL   2  46   0   0   5   0
Pudel1  99   3   1   1   4  29   1   1   1   1 BWL   2  47   0   0   6   0
Pudel1  99   3   1   1   4  29   1   1   1   1 BWL   2  48   0   0   4   0
Pudel1  99   3   1   1   4  29   1   1   1   1 BWL   2  49   0   0   2   0
Pudel1  99   3   1   1   4  29   1   1   1   1 BWL   2  50   0   0   1   0
Pudel1  99   3   1   1   4  29   1   1   1   1 BWL   2  51   0   0   6   0
Pudel1  99   3   1   1   4  29   1   1   1   1 BWL   2  52   0   0   3   0
Pudel1  99   3   1   1   4  29   1   1   1   1 BWL   2  53   0   0   4   0
Pudel1  99   3   1   1   4  29   1   1   1   1 BWL   2  54   0   0   1   0
Pudel1  99   3   1   1   4  29   1   1   1   1 BWL   2  55   0   0   3   0
Pudel1  99   3   1   1   4  29   1   1   1   1 BWL   2  56   0   0   4   0
Pudel1  99   3   1   1   4  29   1   1   1   1 BWL   2  57   0   0   2   0
Pudel1  99   3   1   1   4  29   1   1   1   1 BWL   2  58   0   0   3   0
Pudel1  99   3   1   1   4  29   1   1   1   1 BWL   2  59   0   0   6   0
Pudel1  99   3   1   1   4  29   1   1   1   1 BWL   2  60   0   0   2   0
Pudel1  99   3   1   1   4  29   1   1   1   1 BWL   2  61   0   0   1   0
Pudel1  99   3   1   1   4  29   1   1   1   1 BWL   2  62   0   0   6   0
Pudel1  99   3   1   1   4  29   1   1   1   1 BWL   2  63   0   0   4   0
Pudel1  99   3   1   1   4  29   1   1   1   1 BWL   2  64   0   0   1   0
Pudel1  99   3   1   1   4  29   1   1   1   1 BWL   2  65   0   0   3   0
Pudel1  99   3   1   1   4  29   1   1   1   1 BWL   2  66   0   0   2   0
Pudel1  99   3   1   1   4  29   1   1   1   1 BWL   2  67   0   0   4   0
Pudel1  99   3   1   1   4  29   1   1   1   1 BWL   2  68   0   0   3   0
Pudel1  99   3   1   1   4  29   1   1   1   1 BWL   2  69   0   0   6   0
Pudel1  99   3   1   1   4  29   1   1   1   1 BWL   2  70   0   0   1   0
Pudel1  99   3   1   1   4  29   1   1   1   1 BWL   2  71   0   0   3   0
Pudel1  99   3   1   1   4  29   1   1   1   1 BWL   2  72   0   0   5   0
Pudel1  99   3   1   1   4  29   1   1   1   1 BWL   2  73   0   0   4   0
Pudel1  99   3   1   1   4  29   1   1   1   1 BWL   2  74   0   0   2   0
Pudel1  99   3   1   1   4  29   1   1   1   1 BWL   2  75   0   0   3   0
Pudel1  99   3   1   1   4  29   1   1   1   1 BWL   2  76   0   0   5   0
Pudel1  99   3   1   1   4  29   1   1   1   1 BWL   2  77   0   0   4   0
Pudel1  99   3   1   1   4  29   1   1   1   1 BWL   2  78   0   0   3   0
Pudel1  99   3   1   1   4  29   1   1   1   1 BWL   2  79   0   0   1   0
Pudel1  99   3   1   1   4  29   1   1   1   1 BWL   2  80   0   0   6   0
Pudel1  99   3   1   1   4  29   1   1   1   1 BWL   2  81   0   0   4   0
Pudel1  99   3   1   1   4  29   1   1   1   1 BWL   2  82   0   0   1   0
Pudel1  99   3   1   1   4  29   1   1   1   1 BWL   2  83   0   0   6   0
Pudel1  99   3   1   1   4  29   1   1   1   1 BWL   2  84   0   0   5   0
Pudel1  99   3   1   1   4  29   1   1   1   1 BWL   2  85   0   0   3   0
Pudel1  99   3   1   1   4  29   1   1   1   1 BWL   2  86   0   0   2   0
Pudel1  99   3   1   1   4  29   1   1   1   1 BWL   2  87   0   0   1   0
Pudel1  99   3   1   1   4  29   1   1   1   1 BWL   2  88   0   0   5   0
Pudel1  99   3   1   1   4  29   1   1   1   1 BWL   2  89   0   0   3   0
Pudel1  99   3   1   1   4  29   1   1   1   1 BWL   2  90   0   0   2   0
Pudel1  99   3   1   1   4  29   1   1   1   1 BWL   2  91   0   0   5   0
Pudel1  99   3   1   1   4  29   1   1   1   1 BWL   2  92   0   0   3   0
Pudel1  99   3   1   1   4  29   1   1   1   1 BWL   2  93   0   0   4   0
Pudel1  99   3   1   1   4  29   1   1   1   1 BWL   2  94   0   0   2   0
Pudel1  99   3   1   1   4  29   1   1   1   1 BWL   2  95   0   0   1   0
Pudel1  99   3   1   1   4  29   1   1   1   1 BWL   2  96   0   0   4   0
Pudel1  99   3   1   1   4  29   1   1   1   1 BWL   2  97   0   0   6   0
Pudel1  99   3   1   1   4  29   1   1   1   1 BWL   2  98   0   0   5   0
Pudel1  99   3   1   1   4  29   1   1   1   1 BWL   2  99   0   0   2   0
Pudel1  99   3   1   1   4  29   1   1   1   1 BWL   2 100   0   0   4   0
Pudel1  99   3   1   1   4  29   1   1   1   1 BWL   2 101   0   0   5   0
Pudel1  99   3   1   1   4  29   1   1   1   1 BWL   2 102   0   0   2   0
Pudel1  99   3   1   1   4  29   1   1   1   1 BWL   2 103   0   0   6   0
Pudel1  99   3   1   1   4  29   1   1   1   1 BWL   2 104   0   0   4   0
Pudel1  99   3   1   1   4  29   1   1   1   1 BWL   2 105   0   0   3   0
Pudel1  99   3   1   1   4  29   1   1   1   1 BWL   2 106   0   0   1   0
Pudel1  99   3   1   1   4  29   1   1   1   1 BWL   2 107   0   0   6   0
Pudel1  99   3   1   1   4  29   1   1   1   1 BWL   2 108   0   0   3   0
Pudel1  99   3   1   1   4  29   1   1   1   1 BWL   2 109   0   0   2   0
Pudel1  99   3   1   1   4  29   1   1   1   1 BWL   2 110   0   0   5   0
Pudel1  99   3   1   1   4  29   1   1   1   1 BWL   2 111   0   0   1   0
Pudel1  99   3   1   1   4  29   1   1   1   1 BWL   2 112   0   0   6   0
Pudel1  99   3   1   1   4  29   1   1   1   1 BWL   2 113   0   0   3   0
Pudel1  99   3   1   1   4  29   1   1   1   1 BWL   2 114   0   0   2   0
Pudel1  99   3   1   1   4  29   1   1   1   1 BWL   2 115   0   0   1   0
Pudel1  99   3   1   1   4  29   1   1   1   1 BWL   2 116   0   0   4   0
Pudel1  99   3   1   1   4  29   1   1   1   1 BWL   2 117   0   0   3   0
Pudel1  99   3   1   1   4  29   1   1   1   1 BWL   2 118   0   0   5   0
Pudel1  99   3   1   1   4  29   1   1   1   1 BWL   2 119   0   0   6   0
Pudel1  99   3   1   1   4  29   1   1   1   1 BWL   2 120   0   0   4   0
Pudel1  99   3   1   1   4  29   1   1   1   1 BWL   2 121   0   0   3   0
Pudel1  99   3   1   1   4  29   1   1   1   1 BWL   2 122   0   0   5   0
Pudel1  99   3   1   1   4  29   1   1   1   1 BWL   2 123   0   0   6   0
Pudel1  99   3   1   1   4  29   1   1   1   1 BWL   2 124   0   0   2   0
Pudel1  99   3   1   1   4  29   1   1   1   1 BWL   2 125   0   0   4   0
Pudel1  99   3   1   1   4  29   1   1   1   1 BWL   2 126   0   0   3   0
Pudel1  99   3   1   1   4  29   1   1   1   1 BWL   2 127   0   0   5   0
Pudel1  99   3   1   1   4  29   1   1   1   1 BWL   2 128   0   0   6   0
Pudel1  99   3   1   1   4  29   1   1   1   1 BWL   2 129   0   0   4   0
Pudel1  99   3   1   1   4  29   1   1   1   1 BWL   2 130   0   0   3   0
Pudel1  99   3   1   1   4  29   1   1   1   1 BWL   2 131   0   0   2   0
Pudel1  99   3   1   1   4  29   1   1   1   1 BWL   2 132   0   0   5   0
Pudel1  99   3   1   1   4  29   1   1   1   1 BWL   2 133   0   0   3   0
Pudel1  99   3   1   1   4  29   1   1   1   1 BWL   2 134   0   0   6   0
Pudel1  99   3   1   1   4  29   1   1   1   1 BWL   2 135   0   0   5   0
Pudel1  99   3   1   1   4  29   1   1   1   1 BWL   2 136   0   0   4   0
Pudel1  99   3   1   1   4  29   1   1   1   1 BWL   2 137   0   0   6   0
Pudel1  99   3   1   1   4  29   1   1   1   1 BWL   2 138   0   0   2   0
Pudel1  99   3   1   1   4  29   1   1   1   1 BWL   2 139   0   0   1   0
Pudel1  99   3   1   1   4  29   1   1   1   1 BWL   2 140   0   0   5   0
Pudel1  99   3   1   1   4  29   1   1   1   1 BWL   2 141   0   0   3   0
Pudel1  99   3   1   1   4  29   1   1   1   1 BWL   2 142   0   0   4   0
Pudel1  99   3   1   1   4  29   1   1   1   1 BWL   2 143   0   0   6   0
Pudel1  99   3   1   1   4  29   1   1   1   1 BWL   2 144   0   0   1   0
Pudel1  99   3   1   1   4  29   1   1   1   1 BWL   3   1   0   0   2   0
Pudel1  99   3   1   1   4  29   1   1   1   1 BWL   3   2   0   0   3   0
Pudel1  99   3   1   1   4  29   1   1   1   1 BWL   3   3   0   0   1   0
Pudel1  99   3   1   1   4  29   1   1   1   1 BWL   3   4   0   0   6   0
Pudel1  99   3   1   1   4  29   1   1   1   1 BWL   3   5   0   0   5   0
Pudel1  99   3   1   1   4  29   1   1   1   1 BWL   3   6   0   0   1   0
Pudel1  99   3   1   1   4  29   1   1   1   1 BWL   3   7   0   0   2   0
Pudel1  99   3   1   1   4  29   1   1   1   1 BWL   3   8   0   0   6   0
Pudel1  99   3   1   1   4  29   1   1   1   1 BWL   3   9   0   0   5   0
Pudel1  99   3   1   1   4  29   1   1   1   1 BWL   3  10   0   0   3   0
Pudel1  99   3   1   1   4  29   1   1   1   1 BWL   3  11   0   0   1   0
Pudel1  99   3   1   1   4  29   1   1   1   1 BWL   3  12   0   0   5   0
Pudel1  99   3   1   1   4  29   1   1   1   1 BWL   3  13   0   0   3   0
Pudel1  99   3   1   1   4  29   1   1   1   1 BWL   3  14   0   0   6   0
Pudel1  99   3   1   1   4  29   1   1   1   1 BWL   3  15   0   0   4   0
Pudel1  99   3   1   1   4  29   1   1   1   1 BWL   3  16   0   0   3   0
Pudel1  99   3   1   1   4  29   1   1   1   1 BWL   3  17   0   0   1   0
Pudel1  99   3   1   1   4  29   1   1   1   1 BWL   3  18   0   0   4   0
Pudel1  99   3   1   1   4  29   1   1   1   1 BWL   3  19   0   0   6   0
Pudel1  99   3   1   1   4  29   1   1   1   1 BWL   3  20   0   0   1   0
Pudel1  99   3   1   1   4  29   1   1   1   1 BWL   3  21   0   0   5   0
Pudel1  99   3   1   1   4  29   1   1   1   1 BWL   3  22   0   0   4   0
Pudel1  99   3   1   1   4  29   1   1   1   1 BWL   3  23   0   0   3   0
Pudel1  99   3   1   1   4  29   1   1   1   1 BWL   3  24   0   0   6   0
Pudel1  99   3   1   1   4  29   1   1   1   1 BWL   3  25   0   0   1   0
Pudel1  99   3   1   1   4  29   1   1   1   1 BWL   3  26   0   0   3   0
Pudel1  99   3   1   1   4  29   1   1   1   1 BWL   3  27   0   0   5   0
Pudel1  99   3   1   1   4  29   1   1   1   1 BWL   3  28   0   0   4   0
Pudel1  99   3   1   1   4  29   1   1   1   1 BWL   3  29   0   0   2   0
Pudel1  99   3   1   1   4  29   1   1   1   1 BWL   3  30   0   0   6   0
Pudel1  99   3   1   1   4  29   1   1   1   1 BWL   3  31   0   0   3   0
Pudel1  99   3   1   1   4  29   1   1   1   1 BWL   3  32   0   0   2   0
Pudel1  99   3   1   1   4  29   1   1   1   1 BWL   3  33   0   0   4   0
Pudel1  99   3   1   1   4  29   1   1   1   1 BWL   3  34   0   0   5   0
Pudel1  99   3   1   1   4  29   1   1   1   1 BWL   3  35   0   0   3   0
Pudel1  99   3   1   1   4  29   1   1   1   1 BWL   3  36   0   0   4   0
Pudel1  99   3   1   1   4  29   1   1   1   1 BWL   3  37   0   0   5   0
Pudel1  99   3   1   1   4  29   1   1   1   1 BWL   3  38   0   0   3   0
Pudel1  99   3   1   1   4  29   1   1   1   1 BWL   3  39   0   0   1   0
Pudel1  99   3   1   1   4  29   1   1   1   1 BWL   3  40   0   0   6   0
Pudel1  99   3   1   1   4  29   1   1   1   1 BWL   3  41   0   0   3   0
Pudel1  99   3   1   1   4  29   1   1   1   1 BWL   3  42   0   0   1   0
Pudel1  99   3   1   1   4  29   1   1   1   1 BWL   3  43   0   0   5   0
Pudel1  99   3   1   1   4  29   1   1   1   1 BWL   3  44   0   0   2   0
Pudel1  99   3   1   1   4  29   1   1   1   1 BWL   3  45   0   0   4   0
Pudel1  99   3   1   1   4  29   1   1   1   1 BWL   3  46   0   0   3   0
Pudel1  99   3   1   1   4  29   1   1   1   1 BWL   3  47   0   0   2   0
Pudel1  99   3   1   1   4  29   1   1   1   1 BWL   3  48   0   0   1   0
Pudel1  99   3   1   1   4  29   1   1   1   1 BWL   3  49   0   0   4   0
Pudel1  99   3   1   1   4  29   1   1   1   1 BWL   3  50   0   0   6   0
Pudel1  99   3   1   1   4  29   1   1   1   1 BWL   3  51   0   0   5   0
Pudel1  99   3   1   1   4  29   1   1   1   1 BWL   3  52   0   0   3   0
Pudel1  99   3   1   1   4  29   1   1   1   1 BWL   3  53   0   0   4   0
Pudel1  99   3   1   1   4  29   1   1   1   1 BWL   3  54   0   0   2   0
Pudel1  99   3   1   1   4  29   1   1   1   1 BWL   3  55   0   0   5   0
Pudel1  99   3   1   1   4  29   1   1   1   1 BWL   3  56   0   0   4   0
Pudel1  99   3   1   1   4  29   1   1   1   1 BWL   3  57   0   0   1   0
Pudel1  99   3   1   1   4  29   1   1   1   1 BWL   3  58   0   0   5   0
Pudel1  99   3   1   1   4  29   1   1   1   1 BWL   3  59   0   0   3   0
Pudel1  99   3   1   1   4  29   1   1   1   1 BWL   3  60   0   0   1   0
Pudel1  99   3   1   1   4  29   1   1   1   1 BWL   3  61   0   0   2   0
Pudel1  99   3   1   1   4  29   1   1   1   1 BWL   3  62   0   0   5   0
Pudel1  99   3   1   1   4  29   1   1   1   1 BWL   3  63   0   0   1   0
Pudel1  99   3   1   1   4  29   1   1   1   1 BWL   3  64   0   0   3   0
Pudel1  99   3   1   1   4  29   1   1   1   1 BWL   3  65   0   0   6   0
Pudel1  99   3   1   1   4  29   1   1   1   1 BWL   3  66   0   0   4   0
Pudel1  99   3   1   1   4  29   1   1   1   1 BWL   3  67   0   0   1   0
Pudel1  99   3   1   1   4  29   1   1   1   1 BWL   3  68   0   0   5   0
Pudel1  99   3   1   1   4  29   1   1   1   1 BWL   3  69   0   0   4   0
Pudel1  99   3   1   1   4  29   1   1   1   1 BWL   3  70   0   0   3   0
Pudel1  99   3   1   1   4  29   1   1   1   1 BWL   3  71   0   0   1   0
Pudel1  99   3   1   1   4  29   1   1   1   1 BWL   3  72   0   0   2   0
Pudel1  99   3   1   1   4  29   1   1   1   1 BWL   3  73   0   0   4   0
Pudel1  99   3   1   1   4  29   1   1   1   1 BWL   3  74   0   0   3   0
Pudel1  99   3   1   1   4  29   1   1   1   1 BWL   3  75   0   0   1   0
Pudel1  99   3   1   1   4  29   1   1   1   1 BWL   3  76   0   0   2   0
Pudel1  99   3   1   1   4  29   1   1   1   1 BWL   3  77   0   0   5   0
Pudel1  99   3   1   1   4  29   1   1   1   1 BWL   3  78   0   0   4   0
Pudel1  99   3   1   1   4  29   1   1   1   1 BWL   3  79   0   0   3   0
Pudel1  99   3   1   1   4  29   1   1   1   1 BWL   3  80   0   0   2   0
Pudel1  99   3   1   1   4  29   1   1   1   1 BWL   3  81   0   0   1   0
Pudel1  99   3   1   1   4  29   1   1   1   1 BWL   3  82   0   0   4   0
Pudel1  99   3   1   1   4  29   1   1   1   1 BWL   3  83   0   0   3   0
Pudel1  99   3   1   1   4  29   1   1   1   1 BWL   3  84   0   0   1   0
Pudel1  99   3   1   1   4  29   1   1   1   1 BWL   3  85   0   0   2   0
Pudel1  99   3   1   1   4  29   1   1   1   1 BWL   3  86   0   0   5   0
Pudel1  99   3   1   1   4  29   1   1   1   1 BWL   3  87   0   0   3   0
Pudel1  99   3   1   1   4  29   1   1   1   1 BWL   3  88   0   0   4   0
Pudel1  99   3   1   1   4  29   1   1   1   1 BWL   3  89   0   0   5   0
Pudel1  99   3   1   1   4  29   1   1   1   1 BWL   3  90   0   0   2   0
Pudel1  99   3   1   1   4  29   1   1   1   1 BWL   3  91   0   0   4   0
Pudel1  99   3   1   1   4  29   1   1   1   1 BWL   3  92   0   0   5   0
Pudel1  99   3   1   1   4  29   1   1   1   1 BWL   3  93   0   0   2   0
Pudel1  99   3   1   1   4  29   1   1   1   1 BWL   3  94   0   0   4   0
Pudel1  99   3   1   1   4  29   1   1   1   1 BWL   3  95   0   0   6   0
Pudel1  99   3   1   1   4  29   1   1   1   1 BWL   3  96   0   0   1   0
Pudel1  99   3   1   1   4  29   1   1   1   1 BWL   3  97   0   0   4   0
Pudel1  99   3   1   1   4  29   1   1   1   1 BWL   3  98   0   0   6   0
Pudel1  99   3   1   1   4  29   1   1   1   1 BWL   3  99   0   0   5   0
Pudel1  99   3   1   1   4  29   1   1   1   1 BWL   3 100   0   0   2   0
Pudel1  99   3   1   1   4  29   1   1   1   1 BWL   3 101   0   0   1   0
Pudel1  99   3   1   1   4  29   1   1   1   1 BWL   3 102   0   0   3   0
Pudel1  99   3   1   1   4  29   1   1   1   1 BWL   3 103   0   0   6   0
Pudel1  99   3   1   1   4  29   1   1   1   1 BWL   3 104   0   0   2   0
Pudel1  99   3   1   1   4  29   1   1   1   1 BWL   3 105   0   0   3   0
Pudel1  99   3   1   1   4  29   1   1   1   1 BWL   3 106   0   0   6   0
Pudel1  99   3   1   1   4  29   1   1   1   1 BWL   3 107   0   0   5   0
Pudel1  99   3   1   1   4  29   1   1   1   1 BWL   3 108   0   0   4   0
Pudel1  99   3   1   1   4  29   1   1   1   1 BWL   3 109   0   0   2   0
Pudel1  99   3   1   1   4  29   1   1   1   1 BWL   3 110   0   0   6   0
Pudel1  99   3   1   1   4  29   1   1   1   1 BWL   3 111   0   0   1   0
Pudel1  99   3   1   1   4  29   1   1   1   1 BWL   3 112   0   0   5   0
Pudel1  99   3   1   1   4  29   1   1   1   1 BWL   3 113   0   0   3   0
Pudel1  99   3   1   1   4  29   1   1   1   1 BWL   3 114   0   0   2   0
Pudel1  99   3   1   1   4  29   1   1   1   1 BWL   3 115   0   0   4   0
Pudel1  99   3   1   1   4  29   1   1   1   1 BWL   3 116   0   0   1   0
Pudel1  99   3   1   1   4  29   1   1   1   1 BWL   3 117   0   0   2   0
Pudel1  99   3   1   1   4  29   1   1   1   1 BWL   3 118   0   0   3   0
Pudel1  99   3   1   1   4  29   1   1   1   1 BWL   3 119   0   0   1   0
Pudel1  99   3   1   1   4  29   1   1   1   1 BWL   3 120   0   0   4   0
Pudel1  99   3   1   1   4  29   1   1   1   1 BWL   3 121   0   0   3   0
Pudel1  99   3   1   1   4  29   1   1   1   1 BWL   3 122   0   0   1   0
Pudel1  99   3   1   1   4  29   1   1   1   1 BWL   3 123   0   0   2   0
Pudel1  99   3   1   1   4  29   1   1   1   1 BWL   3 124   0   0   3   0
Pudel1  99   3   1   1   4  29   1   1   1   1 BWL   3 125   0   0   1   0
Pudel1  99   3   1   1   4  29   1   1   1   1 BWL   3 126   0   0   5   0
Pudel1  99   3   1   1   4  29   1   1   1   1 BWL   3 127   0   0   6   0
Pudel1  99   3   1   1   4  29   1   1   1   1 BWL   3 128   0   0   4   0
Pudel1  99   3   1   1   4  29   1   1   1   1 BWL   3 129   0   0   3   0
Pudel1  99   3   1   1   4  29   1   1   1   1 BWL   3 130   0   0   5   0
Pudel1  99   3   1   1   4  29   1   1   1   1 BWL   3 131   0   0   1   0
Pudel1  99   3   1   1   4  29   1   1   1   1 BWL   3 132   0   0   2   0
Pudel1  99   3   1   1   4  29   1   1   1   1 BWL   3 133   0   0   6   0
Pudel1  99   3   1   1   4  29   1   1   1   1 BWL   3 134   0   0   1   0
Pudel1  99   3   1   1   4  29   1   1   1   1 BWL   3 135   0   0   4   0
Pudel1  99   3   1   1   4  29   1   1   1   1 BWL   3 136   0   0   5   0
Pudel1  99   3   1   1   4  29   1   1   1   1 BWL   3 137   0   0   6   0
Pudel1  99   3   1   1   4  29   1   1   1   1 BWL   3 138   0   0   2   0
Pudel1  99   3   1   1   4  29   1   1   1   1 BWL   3 139   0   0   1   0
Pudel1  99   3   1   1   4  29   1   1   1   1 BWL   3 140   0   0   4   0
Pudel1  99   3   1   1   4  29   1   1   1   1 BWL   3 141   0   0   3   0
Pudel1  99   3   1   1   4  29   1   1   1   1 BWL   3 142   0   0   5   0
Pudel1  99   3   1   1   4  29   1   1   1   1 BWL   3 143   0   0   4   0
Pudel1  99   3   1   1   4  29   1   1   1   1 BWL   3 144   0   0   3   0
Pudel1  99   3   1   1   4  29   1   1   1   1 BWL   4   1   0   0   1   0
Pudel1  99   3   1   1   4  29   1   1   1   1 BWL   4   2   0   0   4   0
Pudel1  99   3   1   1   4  29   1   1   1   1 BWL   4   3   0   0   3   0
Pudel1  99   3   1   1   4  29   1   1   1   1 BWL   4   4   0   0   5   0
Pudel1  99   3   1   1   4  29   1   1   1   1 BWL   4   5   0   0   6   0
Pudel1  99   3   1   1   4  29   1   1   1   1 BWL   4   6   0   0   3   0
Pudel1  99   3   1   1   4  29   1   1   1   1 BWL   4   7   0   0   2   0
Pudel1  99   3   1   1   4  29   1   1   1   1 BWL   4   8   0   0   5   0
Pudel1  99   3   1   1   4  29   1   1   1   1 BWL   4   9   0   0   1   0
Pudel1  99   3   1   1   4  29   1   1   1   1 BWL   4  10   0   0   4   0
Pudel1  99   3   1   1   4  29   1   1   1   1 BWL   4  11   0   0   5   0
Pudel1  99   3   1   1   4  29   1   1   1   1 BWL   4  12   0   0   3   0
Pudel1  99   3   1   1   4  29   1   1   1   1 BWL   4  13   0   0   1   0
Pudel1  99   3   1   1   4  29   1   1   1   1 BWL   4  14   0   0   5   0
Pudel1  99   3   1   1   4  29   1   1   1   1 BWL   4  15   0   0   3   0
Pudel1  99   3   1   1   4  29   1   1   1   1 BWL   4  16   0   0   2   0
Pudel1  99   3   1   1   4  29   1   1   1   1 BWL   4  17   0   0   4   0
Pudel1  99   3   1   1   4  29   1   1   1   1 BWL   4  18   0   0   5   0
Pudel1  99   3   1   1   4  29   1   1   1   1 BWL   4  19   0   0   3   0
Pudel1  99   3   1   1   4  29   1   1   1   1 BWL   4  20   0   0   1   0
Pudel1  99   3   1   1   4  29   1   1   1   1 BWL   4  21   0   0   4   0
Pudel1  99   3   1   1   4  29   1   1   1   1 BWL   4  22   0   0   5   0
Pudel1  99   3   1   1   4  29   1   1   1   1 BWL   4  23   0   0   1   0
Pudel1  99   3   1   1   4  29   1   1   1   1 BWL   4  24   0   0   6   0
Pudel1  99   3   1   1   4  29   1   1   1   1 BWL   4  25   0   0   2   0
Pudel1  99   3   1   1   4  29   1   1   1   1 BWL   4  26   0   0   4   0
Pudel1  99   3   1   1   4  29   1   1   1   1 BWL   4  27   0   0   3   0
Pudel1  99   3   1   1   4  29   1   1   1   1 BWL   4  28   0   0   5   0
Pudel1  99   3   1   1   4  29   1   1   1   1 BWL   4  29   0   0   2   0
Pudel1  99   3   1   1   4  29   1   1   1   1 BWL   4  30   0   0   3   0
Pudel1  99   3   1   1   4  29   1   1   1   1 BWL   4  31   0   0   5   0
Pudel1  99   3   1   1   4  29   1   1   1   1 BWL   4  32   0   0   1   0
Pudel1  99   3   1   1   4  29   1   1   1   1 BWL   4  33   0   0   3   0
Pudel1  99   3   1   1   4  29   1   1   1   1 BWL   4  34   0   0   2   0
Pudel1  99   3   1   1   4  29   1   1   1   1 BWL   4  35   0   0   4   0
Pudel1  99   3   1   1   4  29   1   1   1   1 BWL   4  36   0   0   6   0
Pudel1  99   3   1   1   4  29   1   1   1   1 BWL   4  37   0   0   1   0
Pudel1  99   3   1   1   4  29   1   1   1   1 BWL   4  38   0   0   3   0
Pudel1  99   3   1   1   4  29   1   1   1   1 BWL   4  39   0   0   5   0
Pudel1  99   3   1   1   4  29   1   1   1   1 BWL   4  40   0   0   2   0
Pudel1  99   3   1   1   4  29   1   1   1   1 BWL   4  41   0   0   4   0
Pudel1  99   3   1   1   4  29   1   1   1   1 BWL   4  42   0   0   6   0
Pudel1  99   3   1   1   4  29   1   1   1   1 BWL   4  43   0   0   5   0
Pudel1  99   3   1   1   4  29   1   1   1   1 BWL   4  44   0   0   3   0
Pudel1  99   3   1   1   4  29   1   1   1   1 BWL   4  45   0   0   1   0
Pudel1  99   3   1   1   4  29   1   1   1   1 BWL   4  46   0   0   2   0
Pudel1  99   3   1   1   4  29   1   1   1   1 BWL   4  47   0   0   4   0
Pudel1  99   3   1   1   4  29   1   1   1   1 BWL   4  48   0   0   3   0
Pudel1  99   3   1   1   4  29   1   1   1   1 BWL   4  49   0   0   5   0
Pudel1  99   3   1   1   4  29   1   1   1   1 BWL   4  50   0   0   4   0
Pudel1  99   3   1   1   4  29   1   1   1   1 BWL   4  51   0   0   2   0
Pudel1  99   3   1   1   4  29   1   1   1   1 BWL   4  52   0   0   1   0
Pudel1  99   3   1   1   4  29   1   1   1   1 BWL   4  53   0   0   5   0
Pudel1  99   3   1   1   4  29   1   1   1   1 BWL   4  54   0   0   2   0
Pudel1  99   3   1   1   4  29   1   1   1   1 BWL   4  55   0   0   3   0
Pudel1  99   3   1   1   4  29   1   1   1   1 BWL   4  56   0   0   1   0
Pudel1  99   3   1   1   4  29   1   1   1   1 BWL   4  57   0   0   6   0
Pudel1  99   3   1   1   4  29   1   1   1   1 BWL   4  58   0   0   5   0
Pudel1  99   3   1   1   4  29   1   1   1   1 BWL   4  59   0   0   2   0
Pudel1  99   3   1   1   4  29   1   1   1   1 BWL   4  60   0   0   3   0
Pudel1  99   3   1   1   4  29   1   1   1   1 BWL   4  61   0   0   4   0
Pudel1  99   3   1   1   4  29   1   1   1   1 BWL   4  62   0   0   1   0
Pudel1  99   3   1   1   4  29   1   1   1   1 BWL   4  63   0   0   2   0
Pudel1  99   3   1   1   4  29   1   1   1   1 BWL   4  64   0   0   6   0
Pudel1  99   3   1   1   4  29   1   1   1   1 BWL   4  65   0   0   1   0
Pudel1  99   3   1   1   4  29   1   1   1   1 BWL   4  66   0   0   4   0
Pudel1  99   3   1   1   4  29   1   1   1   1 BWL   4  67   0   0   6   0
Pudel1  99   3   1   1   4  29   1   1   1   1 BWL   4  68   0   0   3   0
Pudel1  99   3   1   1   4  29   1   1   1   1 BWL   4  69   0   0   4   0
Pudel1  99   3   1   1   4  29   1   1   1   1 BWL   4  70   0   0   6   0
Pudel1  99   3   1   1   4  29   1   1   1   1 BWL   4  71   0   0   2   0
Pudel1  99   3   1   1   4  29   1   1   1   1 BWL   4  72   0   0   5   0
Pudel1  99   3   1   1   4  29   1   1   1   1 BWL   4  73   0   0   3   0
Pudel1  99   3   1   1   4  29   1   1   1   1 BWL   4  74   0   0   4   0
Pudel1  99   3   1   1   4  29   1   1   1   1 BWL   4  75   0   0   1   0
Pudel1  99   3   1   1   4  29   1   1   1   1 BWL   4  76   0   0   3   0
Pudel1  99   3   1   1   4  29   1   1   1   1 BWL   4  77   0   0   6   0
Pudel1  99   3   1   1   4  29   1   1   1   1 BWL   4  78   0   0   5   0
Pudel1  99   3   1   1   4  29   1   1   1   1 BWL   4  79   0   0   1   0
Pudel1  99   3   1   1   4  29   1   1   1   1 BWL   4  80   0   0   6   0
Pudel1  99   3   1   1   4  29   1   1   1   1 BWL   4  81   0   0   3   0
Pudel1  99   3   1   1   4  29   1   1   1   1 BWL   4  82   0   0   5   0
Pudel1  99   3   1   1   4  29   1   1   1   1 BWL   4  83   0   0   6   0
Pudel1  99   3   1   1   4  29   1   1   1   1 BWL   4  84   0   0   3   0
Pudel1  99   3   1   1   4  29   1   1   1   1 BWL   4  85   0   0   5   0
Pudel1  99   3   1   1   4  29   1   1   1   1 BWL   4  86   0   0   4   0
Pudel1  99   3   1   1   4  29   1   1   1   1 BWL   4  87   0   0   6   0
Pudel1  99   3   1   1   4  29   1   1   1   1 BWL   4  88   0   0   5   0
Pudel1  99   3   1   1   4  29   1   1   1   1 BWL   4  89   0   0   3   0
Pudel1  99   3   1   1   4  29   1   1   1   1 BWL   4  90   0   0   4   0
Pudel1  99   3   1   1   4  29   1   1   1   1 BWL   4  91   0   0   6   0
Pudel1  99   3   1   1   4  29   1   1   1   1 BWL   4  92   0   0   5   0
Pudel1  99   3   1   1   4  29   1   1   1   1 BWL   4  93   0   0   3   0
Pudel1  99   3   1   1   4  29   1   1   1   1 BWL   4  94   0   0   6   0
Pudel1  99   3   1   1   4  29   1   1   1   1 BWL   4  95   0   0   1   0
Pudel1  99   3   1   1   4  29   1   1   1   1 BWL   4  96   0   0   3   0
Pudel1  99   3   1   1   4  29   1   1   1   1 BWL   4  97   0   0   6   0
Pudel1  99   3   1   1   4  29   1   1   1   1 BWL   4  98   0   0   2   0
Pudel1  99   3   1   1   4  29   1   1   1   1 BWL   4  99   0   0   4   0
Pudel1  99   3   1   1   4  29   1   1   1   1 BWL   4 100   0   0   1   0
Pudel1  99   3   1   1   4  29   1   1   1   1 BWL   4 101   0   0   6   0
Pudel1  99   3   1   1   4  29   1   1   1   1 BWL   4 102   0   0   2   0
Pudel1  99   3   1   1   4  29   1   1   1   1 BWL   4 103   0   0   4   0
Pudel1  99   3   1   1   4  29   1   1   1   1 BWL   4 104   0   0   5   0
Pudel1  99   3   1   1   4  29   1   1   1   1 BWL   4 105   0   0   2   0
Pudel1  99   3   1   1   4  29   1   1   1   1 BWL   4 106   0   0   6   0
Pudel1  99   3   1   1   4  29   1   1   1   1 BWL   4 107   0   0   1   0
Pudel1  99   3   1   1   4  29   1   1   1   1 BWL   4 108   0   0   5   0
Pudel1  99   3   1   1   4  29   1   1   1   1 BWL   4 109   0   0   6   0
Pudel1  99   3   1   1   4  29   1   1   1   1 BWL   4 110   0   0   1   0
Pudel1  99   3   1   1   4  29   1   1   1   1 BWL   4 111   0   0   3   0
Pudel1  99   3   1   1   4  29   1   1   1   1 BWL   4 112   0   0   5   0
Pudel1  99   3   1   1   4  29   1   1   1   1 BWL   4 113   0   0   2   0
Pudel1  99   3   1   1   4  29   1   1   1   1 BWL   4 114   0   0   6   0
Pudel1  99   3   1   1   4  29   1   1   1   1 BWL   4 115   0   0   4   0
Pudel1  99   3   1   1   4  29   1   1   1   1 BWL   4 116   0   0   3   0
Pudel1  99   3   1   1   4  29   1   1   1   1 BWL   4 117   0   0   6   0
Pudel1  99   3   1   1   4  29   1   1   1   1 BWL   4 118   0   0   4   0
Pudel1  99   3   1   1   4  29   1   1   1   1 BWL   4 119   0   0   3   0
Pudel1  99   3   1   1   4  29   1   1   1   1 BWL   4 120   0   0   2   0
Pudel1  99   3   1   1   4  29   1   1   1   1 BWL   4 121   0   0   6   0
Pudel1  99   3   1   1   4  29   1   1   1   1 BWL   4 122   0   0   5   0
Pudel1  99   3   1   1   4  29   1   1   1   1 BWL   4 123   0   0   3   0
Pudel1  99   3   1   1   4  29   1   1   1   1 BWL   4 124   0   0   4   0
Pudel1  99   3   1   1   4  29   1   1   1   1 BWL   4 125   0   0   2   0
Pudel1  99   3   1   1   4  29   1   1   1   1 BWL   4 126   0   0   1   0
Pudel1  99   3   1   1   4  29   1   1   1   1 BWL   4 127   0   0   5   0
Pudel1  99   3   1   1   4  29   1   1   1   1 BWL   4 128   0   0   4   0
Pudel1  99   3   1   1   4  29   1   1   1   1 BWL   4 129   0   0   1   0
Pudel1  99   3   1   1   4  29   1   1   1   1 BWL   4 130   0   0   2   0
Pudel1  99   3   1   1   4  29   1   1   1   1 BWL   4 131   0   0   6   0
Pudel1  99   3   1   1   4  29   1   1   1   1 BWL   4 132   0   0   4   0
Pudel1  99   3   1   1   4  29   1   1   1   1 BWL   4 133   0   0   5   0
Pudel1  99   3   1   1   4  29   1   1   1   1 BWL   4 134   0   0   1   0
Pudel1  99   3   1   1   4  29   1   1   1   1 BWL   4 135   0   0   4   0
Pudel1  99   3   1   1   4  29   1   1   1   1 BWL   4 136   0   0   2   0
Pudel1  99   3   1   1   4  29   1   1   1   1 BWL   4 137   0   0   3   0
Pudel1  99   3   1   1   4  29   1   1   1   1 BWL   4 138   0   0   6   0
Pudel1  99   3   1   1   4  29   1   1   1   1 BWL   4 139   0   0   1   0
Pudel1  99   3   1   1   4  29   1   1   1   1 BWL   4 140   0   0   5   0
Pudel1  99   3   1   1   4  29   1   1   1   1 BWL   4 141   0   0   2   0
Pudel1  99   3   1   1   4  29   1   1   1   1 BWL   4 142   0   0   6   0
Pudel1  99   3   1   1   4  29   1   1   1   1 BWL   4 143   0   0   5   0
Pudel1  99   3   1   1   4  29   1   1   1   1 BWL   4 144   0   0   3   0
Pudel1  99   3   1   1   4  29   1   1   1   1 BWL   5   1   0   0   3   0
Pudel1  99   3   1   1   4  29   1   1   1   1 BWL   5   2   0   0   1   0
Pudel1  99   3   1   1   4  29   1   1   1   1 BWL   5   3   0   0   4   0
Pudel1  99   3   1   1   4  29   1   1   1   1 BWL   5   4   0   0   2   0
Pudel1  99   3   1   1   4  29   1   1   1   1 BWL   5   5   0   0   5   0
Pudel1  99   3   1   1   4  29   1   1   1   1 BWL   5   6   0   0   1   0
Pudel1  99   3   1   1   4  29   1   1   1   1 BWL   5   7   0   0   2   0
Pudel1  99   3   1   1   4  29   1   1   1   1 BWL   5   8   0   0   3   0
Pudel1  99   3   1   1   4  29   1   1   1   1 BWL   5   9   0   0   5   0
Pudel1  99   3   1   1   4  29   1   1   1   1 BWL   5  10   0   0   4   0
Pudel1  99   3   1   1   4  29   1   1   1   1 BWL   5  11   0   0   1   0
Pudel1  99   3   1   1   4  29   1   1   1   1 BWL   5  12   0   0   5   0
Pudel1  99   3   1   1   4  29   1   1   1   1 BWL   5  13   0   0   4   0
Pudel1  99   3   1   1   4  29   1   1   1   1 BWL   5  14   0   0   1   0
Pudel1  99   3   1   1   4  29   1   1   1   1 BWL   5  15   0   0   6   0
Pudel1  99   3   1   1   4  29   1   1   1   1 BWL   5  16   0   0   2   0
Pudel1  99   3   1   1   4  29   1   1   1   1 BWL   5  17   0   0   3   0
Pudel1  99   3   1   1   4  29   1   1   1   1 BWL   5  18   0   0   4   0
Pudel1  99   3   1   1   4  29   1   1   1   1 BWL   5  19   0   0   5   0
Pudel1  99   3   1   1   4  29   1   1   1   1 BWL   5  20   0   0   2   0
Pudel1  99   3   1   1   4  29   1   1   1   1 BWL   5  21   0   0   1   0
Pudel1  99   3   1   1   4  29   1   1   1   1 BWL   5  22   0   0   6   0
Pudel1  99   3   1   1   4  29   1   1   1   1 BWL   5  23   0   0   3   0
Pudel1  99   3   1   1   4  29   1   1   1   1 BWL   5  24   0   0   4   0
Pudel1  99   3   1   1   4  29   1   1   1   1 BWL   5  25   0   0   5   0
Pudel1  99   3   1   1   4  29   1   1   1   1 BWL   5  26   0   0   2   0
Pudel1  99   3   1   1   4  29   1   1   1   1 BWL   5  27   0   0   4   0
Pudel1  99   3   1   1   4  29   1   1   1   1 BWL   5  28   0   0   5   0
Pudel1  99   3   1   1   4  29   1   1   1   1 BWL   5  29   0   0   2   0
Pudel1  99   3   1   1   4  29   1   1   1   1 BWL   5  30   0   0   3   0
Pudel1  99   3   1   1   4  29   1   1   1   1 BWL   5  31   0   0   4   0
Pudel1  99   3   1   1   4  29   1   1   1   1 BWL   5  32   0   0   2   0
Pudel1  99   3   1   1   4  29   1   1   1   1 BWL   5  33   0   0   1   0
Pudel1  99   3   1   1   4  29   1   1   1   1 BWL   5  34   0   0   4   0
Pudel1  99   3   1   1   4  29   1   1   1   1 BWL   5  35   0   0   2   0
Pudel1  99   3   1   1   4  29   1   1   1   1 BWL   5  36   0   0   3   0
Pudel1  99   3   1   1   4  29   1   1   1   1 BWL   5  37   0   0   5   0
Pudel1  99   3   1   1   4  29   1   1   1   1 BWL   5  38   0   0   4   0
Pudel1  99   3   1   1   4  29   1   1   1   1 BWL   5  39   0   0   1   0
Pudel1  99   3   1   1   4  29   1   1   1   1 BWL   5  40   0   0   3   0
Pudel1  99   3   1   1   4  29   1   1   1   1 BWL   5  41   0   0   4   0
Pudel1  99   3   1   1   4  29   1   1   1   1 BWL   5  42   0   0   1   0
Pudel1  99   3   1   1   4  29   1   1   1   1 BWL   5  43   0   0   3   0
Pudel1  99   3   1   1   4  29   1   1   1   1 BWL   5  44   0   0   5   0
Pudel1  99   3   1   1   4  29   1   1   1   1 BWL   5  45   0   0   2   0
Pudel1  99   3   1   1   4  29   1   1   1   1 BWL   5  46   0   0   6   0
Pudel1  99   3   1   1   4  29   1   1   1   1 BWL   5  47   0   0   1   0
Pudel1  99   3   1   1   4  29   1   1   1   1 BWL   5  48   0   0   5   0
Pudel1  99   3   1   1   4  29   1   1   1   1 BWL   5  49   0   0   4   0
Pudel1  99   3   1   1   4  29   1   1   1   1 BWL   5  50   0   0   1   0
Pudel1  99   3   1   1   4  29   1   1   1   1 BWL   5  51   0   0   5   0
Pudel1  99   3   1   1   4  29   1   1   1   1 BWL   5  52   0   0   2   0
Pudel1  99   3   1   1   4  29   1   1   1   1 BWL   5  53   0   0   4   0
Pudel1  99   3   1   1   4  29   1   1   1   1 BWL   5  54   0   0   6   0
Pudel1  99   3   1   1   4  29   1   1   1   1 BWL   5  55   0   0   3   0
Pudel1  99   3   1   1   4  29   1   1   1   1 BWL   5  56   0   0   2   0
Pudel1  99   3   1   1   4  29   1   1   1   1 BWL   5  57   0   0   4   0
Pudel1  99   3   1   1   4  29   1   1   1   1 BWL   5  58   0   0   1   0
Pudel1  99   3   1   1   4  29   1   1   1   1 BWL   5  59   0   0   2   0
Pudel1  99   3   1   1   4  29   1   1   1   1 BWL   5  60   0   0   3   0
Pudel1  99   3   1   1   4  29   1   1   1   1 BWL   5  61   0   0   5   0
Pudel1  99   3   1   1   4  29   1   1   1   1 BWL   5  62   0   0   2   0
Pudel1  99   3   1   1   4  29   1   1   1   1 BWL   5  63   0   0   4   0
Pudel1  99   3   1   1   4  29   1   1   1   1 BWL   5  64   0   0   1   0
Pudel1  99   3   1   1   4  29   1   1   1   1 BWL   5  65   0   0   2   0
Pudel1  99   3   1   1   4  29   1   1   1   1 BWL   5  66   0   0   5   0
Pudel1  99   3   1   1   4  29   1   1   1   1 BWL   5  67   0   0   4   0
Pudel1  99   3   1   1   4  29   1   1   1   1 BWL   5  68   0   0   6   0
Pudel1  99   3   1   1   4  29   1   1   1   1 BWL   5  69   0   0   1   0
Pudel1  99   3   1   1   4  29   1   1   1   1 BWL   5  70   0   0   3   0
Pudel1  99   3   1   1   4  29   1   1   1   1 BWL   5  71   0   0   4   0
Pudel1  99   3   1   1   4  29   1   1   1   1 BWL   5  72   0   0   5   0
Pudel1  99   3   1   1   4  29   1   1   1   1 BWL   5  73   0   0   2   0
Pudel1  99   3   1   1   4  29   1   1   1   1 BWL   5  74   0   0   3   0
Pudel1  99   3   1   1   4  29   1   1   1   1 BWL   5  75   0   0   6   0
Pudel1  99   3   1   1   4  29   1   1   1   1 BWL   5  76   0   0   1   0
Pudel1  99   3   1   1   4  29   1   1   1   1 BWL   5  77   0   0   5   0
Pudel1  99   3   1   1   4  29   1   1   1   1 BWL   5  78   0   0   2   0
Pudel1  99   3   1   1   4  29   1   1   1   1 BWL   5  79   0   0   3   0
Pudel1  99   3   1   1   4  29   1   1   1   1 BWL   5  80   0   0   4   0
Pudel1  99   3   1   1   4  29   1   1   1   1 BWL   5  81   0   0   5   0
Pudel1  99   3   1   1   4  29   1   1   1   1 BWL   5  82   0   0   2   0
Pudel1  99   3   1   1   4  29   1   1   1   1 BWL   5  83   0   0   4   0
Pudel1  99   3   1   1   4  29   1   1   1   1 BWL   5  84   0   0   6   0
Pudel1  99   3   1   1   4  29   1   1   1   1 BWL   5  85   0   0   1   0
Pudel1  99   3   1   1   4  29   1   1   1   1 BWL   5  86   0   0   5   0
Pudel1  99   3   1   1   4  29   1   1   1   1 BWL   5  87   0   0   6   0
Pudel1  99   3   1   1   4  29   1   1   1   1 BWL   5  88   0   0   3   0
Pudel1  99   3   1   1   4  29   1   1   1   1 BWL   5  89   0   0   2   0
Pudel1  99   3   1   1   4  29   1   1   1   1 BWL   5  90   0   0   4   0
Pudel1  99   3   1   1   4  29   1   1   1   1 BWL   5  91   0   0   5   0
Pudel1  99   3   1   1   4  29   1   1   1   1 BWL   5  92   0   0   1   0
Pudel1  99   3   1   1   4  29   1   1   1   1 BWL   5  93   0   0   6   0
Pudel1  99   3   1   1   4  29   1   1   1   1 BWL   5  94   0   0   5   0
Pudel1  99   3   1   1   4  29   1   1   1   1 BWL   5  95   0   0   2   0
Pudel1  99   3   1   1   4  29   1   1   1   1 BWL   5  96   0   0   6   0
Pudel1  99   3   1   1   4  29   1   1   1   1 BWL   5  97   0   0   5   0
Pudel1  99   3   1   1   4  29   1   1   1   1 BWL   5  98   0   0   1   0
Pudel1  99   3   1   1   4  29   1   1   1   1 BWL   5  99   0   0   4   0
Pudel1  99   3   1   1   4  29   1   1   1   1 BWL   5 100   0   0   3   0
Pudel1  99   3   1   1   4  29   1   1   1   1 BWL   5 101   0   0   5   0
Pudel1  99   3   1   1   4  29   1   1   1   1 BWL   5 102   0   0   6   0
Pudel1  99   3   1   1   4  29   1   1   1   1 BWL   5 103   0   0   3   0
Pudel1  99   3   1   1   4  29   1   1   1   1 BWL   5 104   0   0   4   0
Pudel1  99   3   1   1   4  29   1   1   1   1 BWL   5 105   0   0   5   0
Pudel1  99   3   1   1   4  29   1   1   1   1 BWL   5 106   0   0   1   0
Pudel1  99   3   1   1   4  29   1   1   1   1 BWL   5 107   0   0   3   0
Pudel1  99   3   1   1   4  29   1   1   1   1 BWL   5 108   0   0   4   0
Pudel1  99   3   1   1   4  29   1   1   1   1 BWL   5 109   0   0   2   0
Pudel1  99   3   1   1   4  29   1   1   1   1 BWL   5 110   0   0   1   0
Pudel1  99   3   1   1   4  29   1   1   1   1 BWL   5 111   0   0   5   0
Pudel1  99   3   1   1   4  29   1   1   1   1 BWL   5 112   0   0   3   0
Pudel1  99   3   1   1   4  29   1   1   1   1 BWL   5 113   0   0   6   0
Pudel1  99   3   1   1   4  29   1   1   1   1 BWL   5 114   0   0   5   0
Pudel1  99   3   1   1   4  29   1   1   1   1 BWL   5 115   0   0   1   0
Pudel1  99   3   1   1   4  29   1   1   1   1 BWL   5 116   0   0   3   0
Pudel1  99   3   1   1   4  29   1   1   1   1 BWL   5 117   0   0   6   0
Pudel1  99   3   1   1   4  29   1   1   1   1 BWL   5 118   0   0   4   0
Pudel1  99   3   1   1   4  29   1   1   1   1 BWL   5 119   0   0   1   0
Pudel1  99   3   1   1   4  29   1   1   1   1 BWL   5 120   0   0   2   0
Pudel1  99   3   1   1   4  29   1   1   1   1 BWL   5 121   0   0   5   0
Pudel1  99   3   1   1   4  29   1   1   1   1 BWL   5 122   0   0   4   0
Pudel1  99   3   1   1   4  29   1   1   1   1 BWL   5 123   0   0   6   0
Pudel1  99   3   1   1   4  29   1   1   1   1 BWL   5 124   0   0   2   0
Pudel1  99   3   1   1   4  29   1   1   1   1 BWL   5 125   0   0   4   0
Pudel1  99   3   1   1   4  29   1   1   1   1 BWL   5 126   0   0   5   0
Pudel1  99   3   1   1   4  29   1   1   1   1 BWL   5 127   0   0   3   0
Pudel1  99   3   1   1   4  29   1   1   1   1 BWL   5 128   0   0   2   0
Pudel1  99   3   1   1   4  29   1   1   1   1 BWL   5 129   0   0   4   0
Pudel1  99   3   1   1   4  29   1   1   1   1 BWL   5 130   0   0   5   0
Pudel1  99   3   1   1   4  29   1   1   1   1 BWL   5 131   0   0   2   0
Pudel1  99   3   1   1   4  29   1   1   1   1 BWL   5 132   0   0   1   0
Pudel1  99   3   1   1   4  29   1   1   1   1 BWL   5 133   0   0   3   0
Pudel1  99   3   1   1   4  29   1   1   1   1 BWL   5 134   0   0   5   0
Pudel1  99   3   1   1   4  29   1   1   1   1 BWL   5 135   0   0   1   0
Pudel1  99   3   1   1   4  29   1   1   1   1 BWL   5 136   0   0   4   0
Pudel1  99   3   1   1   4  29   1   1   1   1 BWL   5 137   0   0   3   0
Pudel1  99   3   1   1   4  29   1   1   1   1 BWL   5 138   0   0   1   0
Pudel1  99   3   1   1   4  29   1   1   1   1 BWL   5 139   0   0   5   0
Pudel1  99   3   1   1   4  29   1   1   1   1 BWL   5 140   0   0   4   0
Pudel1  99   3   1   1   4  29   1   1   1   1 BWL   5 141   0   0   3   0
Pudel1  99   3   1   1   4  29   1   1   1   1 BWL   5 142   0   0   5   0
Pudel1  99   3   1   1   4  29   1   1   1   1 BWL   5 143   0   0   4   0
Pudel1  99   3   1   1   4  29   1   1   1   1 BWL   5 144   0   0   3   0
Pudel1  99   3   1   1   4  29   1   1   1   1 BWL   6   1   0   0   1   0
Pudel1  99   3   1   1   4  29   1   1   1   1 BWL   6   2   0   0   4   0
Pudel1  99   3   1   1   4  29   1   1   1   1 BWL   6   3   0   0   5   0
Pudel1  99   3   1   1   4  29   1   1   1   1 BWL   6   4   0   0   3   0
Pudel1  99   3   1   1   4  29   1   1   1   1 BWL   6   5   0   0   1   0
Pudel1  99   3   1   1   4  29   1   1   1   1 BWL   6   6   0   0   5   0
Pudel1  99   3   1   1   4  29   1   1   1   1 BWL   6   7   0   0   6   0
Pudel1  99   3   1   1   4  29   1   1   1   1 BWL   6   8   0   0   3   0
Pudel1  99   3   1   1   4  29   1   1   1   1 BWL   6   9   0   0   4   0
Pudel1  99   3   1   1   4  29   1   1   1   1 BWL   6  10   0   0   6   0
Pudel1  99   3   1   1   4  29   1   1   1   1 BWL   6  11   0   0   5   0
Pudel1  99   3   1   1   4  29   1   1   1   1 BWL   6  12   0   0   3   0
Pudel1  99   3   1   1   4  29   1   1   1   1 BWL   6  13   0   0   4   0
Pudel1  99   3   1   1   4  29   1   1   1   1 BWL   6  14   0   0   1   0
Pudel1  99   3   1   1   4  29   1   1   1   1 BWL   6  15   0   0   5   0
Pudel1  99   3   1   1   4  29   1   1   1   1 BWL   6  16   0   0   2   0
Pudel1  99   3   1   1   4  29   1   1   1   1 BWL   6  17   0   0   6   0
Pudel1  99   3   1   1   4  29   1   1   1   1 BWL   6  18   0   0   3   0
Pudel1  99   3   1   1   4  29   1   1   1   1 BWL   6  19   0   0   5   0
Pudel1  99   3   1   1   4  29   1   1   1   1 BWL   6  20   0   0   4   0
Pudel1  99   3   1   1   4  29   1   1   1   1 BWL   6  21   0   0   6   0
Pudel1  99   3   1   1   4  29   1   1   1   1 BWL   6  22   0   0   1   0
Pudel1  99   3   1   1   4  29   1   1   1   1 BWL   6  23   0   0   3   0
Pudel1  99   3   1   1   4  29   1   1   1   1 BWL   6  24   0   0   6   0
Pudel1  99   3   1   1   4  29   1   1   1   1 BWL   6  25   0   0   5   0
Pudel1  99   3   1   1   4  29   1   1   1   1 BWL   6  26   0   0   2   0
Pudel1  99   3   1   1   4  29   1   1   1   1 BWL   6  27   0   0   6   0
Pudel1  99   3   1   1   4  29   1   1   1   1 BWL   6  28   0   0   4   0
Pudel1  99   3   1   1   4  29   1   1   1   1 BWL   6  29   0   0   1   0
Pudel1  99   3   1   1   4  29   1   1   1   1 BWL   6  30   0   0   2   0
Pudel1  99   3   1   1   4  29   1   1   1   1 BWL   6  31   0   0   4   0
Pudel1  99   3   1   1   4  29   1   1   1   1 BWL   6  32   0   0   1   0
Pudel1  99   3   1   1   4  29   1   1   1   1 BWL   6  33   0   0   2   0
Pudel1  99   3   1   1   4  29   1   1   1   1 BWL   6  34   0   0   5   0
Pudel1  99   3   1   1   4  29   1   1   1   1 BWL   6  35   0   0   1   0
Pudel1  99   3   1   1   4  29   1   1   1   1 BWL   6  36   0   0   4   0
Pudel1  99   3   1   1   4  29   1   1   1   1 BWL   6  37   0   0   2   0
Pudel1  99   3   1   1   4  29   1   1   1   1 BWL   6  38   0   0   5   0
Pudel1  99   3   1   1   4  29   1   1   1   1 BWL   6  39   0   0   3   0
Pudel1  99   3   1   1   4  29   1   1   1   1 BWL   6  40   0   0   2   0
Pudel1  99   3   1   1   4  29   1   1   1   1 BWL   6  41   0   0   4   0
Pudel1  99   3   1   1   4  29   1   1   1   1 BWL   6  42   0   0   6   0
Pudel1  99   3   1   1   4  29   1   1   1   1 BWL   6  43   0   0   1   0
Pudel1  99   3   1   1   4  29   1   1   1   1 BWL   6  44   0   0   2   0
Pudel1  99   3   1   1   4  29   1   1   1   1 BWL   6  45   0   0   4   0
Pudel1  99   3   1   1   4  29   1   1   1   1 BWL   6  46   0   0   5   0
Pudel1  99   3   1   1   4  29   1   1   1   1 BWL   6  47   0   0   1   0
Pudel1  99   3   1   1   4  29   1   1   1   1 BWL   6  48   0   0   4   0
Pudel1  99   3   1   1   4  29   1   1   1   1 BWL   6  49   0   0   6   0
Pudel1  99   3   1   1   4  29   1   1   1   1 BWL   6  50   0   0   2   0
Pudel1  99   3   1   1   4  29   1   1   1   1 BWL   6  51   0   0   4   0
Pudel1  99   3   1   1   4  29   1   1   1   1 BWL   6  52   0   0   1   0
Pudel1  99   3   1   1   4  29   1   1   1   1 BWL   6  53   0   0   3   0
Pudel1  99   3   1   1   4  29   1   1   1   1 BWL   6  54   0   0   6   0
Pudel1  99   3   1   1   4  29   1   1   1   1 BWL   6  55   0   0   4   0
Pudel1  99   3   1   1   4  29   1   1   1   1 BWL   6  56   0   0   2   0
Pudel1  99   3   1   1   4  29   1   1   1   1 BWL   6  57   0   0   3   0
Pudel1  99   3   1   1   4  29   1   1   1   1 BWL   6  58   0   0   1   0
Pudel1  99   3   1   1   4  29   1   1   1   1 BWL   6  59   0   0   6   0
Pudel1  99   3   1   1   4  29   1   1   1   1 BWL   6  60   0   0   5   0
Pudel1  99   3   1   1   4  29   1   1   1   1 BWL   6  61   0   0   1   0
Pudel1  99   3   1   1   4  29   1   1   1   1 BWL   6  62   0   0   4   0
Pudel1  99   3   1   1   4  29   1   1   1   1 BWL   6  63   0   0   3   0
Pudel1  99   3   1   1   4  29   1   1   1   1 BWL   6  64   0   0   5   0
Pudel1  99   3   1   1   4  29   1   1   1   1 BWL   6  65   0   0   4   0
Pudel1  99   3   1   1   4  29   1   1   1   1 BWL   6  66   0   0   3   0
Pudel1  99   3   1   1   4  29   1   1   1   1 BWL   6  67   0   0   2   0
Pudel1  99   3   1   1   4  29   1   1   1   1 BWL   6  68   0   0   5   0
Pudel1  99   3   1   1   4  29   1   1   1   1 BWL   6  69   0   0   6   0
Pudel1  99   3   1   1   4  29   1   1   1   1 BWL   6  70   0   0   3   0
Pudel1  99   3   1   1   4  29   1   1   1   1 BWL   6  71   0   0   2   0
Pudel1  99   3   1   1   4  29   1   1   1   1 BWL   6  72   0   0   4   0
Pudel1  99   3   1   1   4  29   1   1   1   1 BWL   6  73   0   0   5   0
Pudel1  99   3   1   1   4  29   1   1   1   1 BWL   6  74   0   0   3   0
Pudel1  99   3   1   1   4  29   1   1   1   1 BWL   6  75   0   0   6   0
Pudel1  99   3   1   1   4  29   1   1   1   1 BWL   6  76   0   0   1   0
Pudel1  99   3   1   1   4  29   1   1   1   1 BWL   6  77   0   0   3   0
Pudel1  99   3   1   1   4  29   1   1   1   1 BWL   6  78   0   0   5   0
Pudel1  99   3   1   1   4  29   1   1   1   1 BWL   6  79   0   0   6   0
Pudel1  99   3   1   1   4  29   1   1   1   1 BWL   6  80   0   0   2   0
Pudel1  99   3   1   1   4  29   1   1   1   1 BWL   6  81   0   0   4   0
Pudel1  99   3   1   1   4  29   1   1   1   1 BWL   6  82   0   0   1   0
Pudel1  99   3   1   1   4  29   1   1   1   1 BWL   6  83   0   0   6   0
Pudel1  99   3   1   1   4  29   1   1   1   1 BWL   6  84   0   0   2   0
Pudel1  99   3   1   1   4  29   1   1   1   1 BWL   6  85   0   0   1   0
Pudel1  99   3   1   1   4  29   1   1   1   1 BWL   6  86   0   0   5   0
Pudel1  99   3   1   1   4  29   1   1   1   1 BWL   6  87   0   0   3   0
Pudel1  99   3   1   1   4  29   1   1   1   1 BWL   6  88   0   0   2   0
Pudel1  99   3   1   1   4  29   1   1   1   1 BWL   6  89   0   0   1   0
Pudel1  99   3   1   1   4  29   1   1   1   1 BWL   6  90   0   0   6   0
Pudel1  99   3   1   1   4  29   1   1   1   1 BWL   6  91   0   0   5   0
Pudel1  99   3   1   1   4  29   1   1   1   1 BWL   6  92   0   0   3   0
Pudel1  99   3   1   1   4  29   1   1   1   1 BWL   6  93   0   0   4   0
Pudel1  99   3   1   1   4  29   1   1   1   1 BWL   6  94   0   0   5   0
Pudel1  99   3   1   1   4  29   1   1   1   1 BWL   6  95   0   0   6   0
Pudel1  99   3   1   1   4  29   1   1   1   1 BWL   6  96   0   0   3   0
Pudel1  99   3   1   1   4  29   1   1   1   1 BWL   6  97   0   0   2   0
Pudel1  99   3   1   1   4  29   1   1   1   1 BWL   6  98   0   0   5   0
Pudel1  99   3   1   1   4  29   1   1   1   1 BWL   6  99   0   0   3   0
Pudel1  99   3   1   1   4  29   1   1   1   1 BWL   6 100   0   0   6   0
Pudel1  99   3   1   1   4  29   1   1   1   1 BWL   6 101   0   0   2   0
Pudel1  99   3   1   1   4  29   1   1   1   1 BWL   6 102   0   0   3   0
Pudel1  99   3   1   1   4  29   1   1   1   1 BWL   6 103   0   0   6   0
Pudel1  99   3   1   1   4  29   1   1   1   1 BWL   6 104   0   0   5   0
Pudel1  99   3   1   1   4  29   1   1   1   1 BWL   6 105   0   0   3   0
Pudel1  99   3   1   1   4  29   1   1   1   1 BWL   6 106   0   0   1   0
Pudel1  99   3   1   1   4  29   1   1   1   1 BWL   6 107   0   0   6   0
Pudel1  99   3   1   1   4  29   1   1   1   1 BWL   6 108   0   0   3   0
Pudel1  99   3   1   1   4  29   1   1   1   1 BWL   6 109   0   0   5   0
Pudel1  99   3   1   1   4  29   1   1   1   1 BWL   6 110   0   0   4   0
Pudel1  99   3   1   1   4  29   1   1   1   1 BWL   6 111   0   0   2   0
Pudel1  99   3   1   1   4  29   1   1   1   1 BWL   6 112   0   0   5   0
Pudel1  99   3   1   1   4  29   1   1   1   1 BWL   6 113   0   0   4   0
Pudel1  99   3   1   1   4  29   1   1   1   1 BWL   6 114   0   0   2   0
Pudel1  99   3   1   1   4  29   1   1   1   1 BWL   6 115   0   0   3   0
Pudel1  99   3   1   1   4  29   1   1   1   1 BWL   6 116   0   0   5   0
Pudel1  99   3   1   1   4  29   1   1   1   1 BWL   6 117   0   0   1   0
Pudel1  99   3   1   1   4  29   1   1   1   1 BWL   6 118   0   0   6   0
Pudel1  99   3   1   1   4  29   1   1   1   1 BWL   6 119   0   0   2   0
Pudel1  99   3   1   1   4  29   1   1   1   1 BWL   6 120   0   0   5   0
Pudel1  99   3   1   1   4  29   1   1   1   1 BWL   6 121   0   0   3   0
Pudel1  99   3   1   1   4  29   1   1   1   1 BWL   6 122   0   0   2   0
Pudel1  99   3   1   1   4  29   1   1   1   1 BWL   6 123   0   0   1   0
Pudel1  99   3   1   1   4  29   1   1   1   1 BWL   6 124   0   0   5   0
Pudel1  99   3   1   1   4  29   1   1   1   1 BWL   6 125   0   0   6   0
Pudel1  99   3   1   1   4  29   1   1   1   1 BWL   6 126   0   0   2   0
Pudel1  99   3   1   1   4  29   1   1   1   1 BWL   6 127   0   0   1   0
Pudel1  99   3   1   1   4  29   1   1   1   1 BWL   6 128   0   0   3   0
Pudel1  99   3   1   1   4  29   1   1   1   1 BWL   6 129   0   0   4   0
Pudel1  99   3   1   1   4  29   1   1   1   1 BWL   6 130   0   0   6   0
Pudel1  99   3   1   1   4  29   1   1   1   1 BWL   6 131   0   0   3   0
Pudel1  99   3   1   1   4  29   1   1   1   1 BWL   6 132   0   0   2   0
Pudel1  99   3   1   1   4  29   1   1   1   1 BWL   6 133   0   0   6   0
Pudel1  99   3   1   1   4  29   1   1   1   1 BWL   6 134   0   0   4   0
Pudel1  99   3   1   1   4  29   1   1   1   1 BWL   6 135   0   0   1   0
Pudel1  99   3   1   1   4  29   1   1   1   1 BWL   6 136   0   0   5   0
Pudel1  99   3   1   1   4  29   1   1   1   1 BWL   6 137   0   0   4   0
Pudel1  99   3   1   1   4  29   1   1   1   1 BWL   6 138   0   0   1   0
Pudel1  99   3   1   1   4  29   1   1   1   1 BWL   6 139   0   0   5   0
Pudel1  99   3   1   1   4  29   1   1   1   1 BWL   6 140   0   0   3   0
Pudel1  99   3   1   1   4  29   1   1   1   1 BWL   6 141   0   0   1   0
Pudel1  99   3   1   1   4  29   1   1   1   1 BWL   6 142   0   0   2   0
Pudel1  99   3   1   1   4  29   1   1   1   1 BWL   6 143   0   0   5   0
Pudel1  99   3   1   1   4  29   1   1   1   1 BWL   6 144   0   0   4   0
Pudel1  99   3   1   1   4  29   1   1   1   1 BWL   7   1   1   5 4041   0   1   2   5   4   3   2   4
Pudel1  99   3   1   1   4  29   1   1   1   1 BWL   7   2   1   6 2623   0   3   1   2   5   4   3   3
Pudel1  99   3   1   1   4  29   1   1   1   1 BWL   7   3   1   1 1082   0   3   1   2   5   4   3   4
Pudel1  99   3   1   1   4  29   1   1   1   1 BWL   7   4   1   6 4733   0   2   5   4   3   2   1   3
Pudel1  99   3   1   1   4  29   1   1   1   1 BWL   7   5   1   5 613   0   5   4   3   2   1   4   3
Pudel1  99   3   1   1   4  29   1   1   1   1 BWL   7   6   1   4 592   0   3   2   1   4   3   1   4
Pudel1  99   3   1   1   4  29   1   1   1   1 BWL   7   7   1   2 2563   0   4   3   2   1   4   3   4
Pudel1  99   3   1   1   4  29   1   1   1   1 BWL   7   8   1   3 1253   0   3   2   1   4   3   1   4
Pudel1  99   3   1   1   4  29   1   1   1   1 BWL   7   9   1   6 1253   0   5   4   3   2   1   4   4
Pudel1  99   3   1   1   4  29   1   1   1   1 BWL   7  10   1   5 5273   0   3   1   2   5   4   3   4
Pudel1  99   3   1   1   4  29   1   1   1   1 BWL   7  11   1   1 1123   0   1   2   5   4   3   2   3
Pudel1  99   3   1   1   4  29   1   1   1   1 BWL   7  12   1   2 922   0   3   2   1   4   3   1   4
Pudel1  99   3   1   1   4  29   1   1   1   1 BWL   7  13   1   3 623   0   1   2   5   4   3   2   4
Pudel1  99   3   1   1   4  29   1   1   1   1 BWL   7  14   1   5 1512   0   4   3   2   1   4   3   3
Pudel1  99   3   1   1   4  29   1   1   1   1 BWL   7  15   1   1 913   0   2   1   4   3   1   2   4
Pudel1  99   3   1   1   4  29   1   1   1   1 BWL   7  16   1   3 1663   0   3   2   1   4   3   1   3
Pudel1  99   3   1   1   4  29   1   1   1   1 BWL   7  17   1   5 3504   0   4   3   1   2   5   4   3
Pudel1  99   3   1   1   4  29   1   1   1   1 BWL   7  18   1   6 793   0   4   3   2   1   4   3   3
Pudel1  99   3   1   1   4  29   1   1   1   1 BWL   7  19   1   1 3933   0   5   4   3   2   1   4   5
Pudel1  99   3   1   1   4  29   1   1   1   1 BWL   7  20   1   5 2033   0   2   5   4   3   2   1   4
Pudel1  99   3   1   1   4  29   1   1   1   1 BWL   7  21   1   4 792   0   4   3   1   2   5   4   4
Pudel1  99   3   1   1   4  29   1   1   1   1 BWL   7  22   1   2 1522   0   1   2   5   4   3   2   4
Pudel1  99   3   1   1   4  29   1   1   1   1 BWL   7  23   1   3 513   0   3   1   2   5   4   3   3
Pudel1  99   3   1   1   4  29   1   1   1   1 BWL   7  24   1   1 1682   0   1   2   5   4   3   2   3
Pudel1  99   3   1   1   4  29   1   1   1   1 BWL   7  25   1   6 1552   0   5   4   3   2   1   4   3
Pudel1  99   3   1   1   4  29   1   1   1   1 BWL   7  26   1   5 623   0   4   3   1   2   5   4   3
Pudel1  99   3   1   1   4  29   1   1   1   1 BWL   7  27   1   2 1313   0   3   1   2   5   4   3   5
Pudel1  99   3   1   1   4  29   1   1   1   1 BWL   7  28   1   1 473   0   5   4   3   2   1   4   5
Pudel1  99   3   1   1   4  29   1   1   1   1 BWL   7  29   1   3 2332   0   2   5   4   3   2   1   5
Pudel1  99   3   1   1   4  29   1   1   1   1 BWL   7  30   1   4 723   0   4   3   2   1   4   3   4
Pudel1  99   3   1   1   4  29   1   1   1   1 BWL   7  31   1   6 1052   0   4   3   2   1   4   3   5
Pudel1  99   3   1   1   4  29   1   1   1   1 BWL   7  32   1   1 513   0   3   1   2   5   4   3   5
Pudel1  99   3   1   1   4  29   1   1   1   1 BWL   7  33   1   2 2002   0   3   1   2   5   4   3   5
Pudel1  99   3   1   1   4  29   1   1   1   1 BWL   7  34   1   3 612   0   3   2   1   4   3   1   5
Pudel1  99   3   1   1   4  29   1   1   1   1 BWL   7  35   1   6 823   0   5   4   3   2   1   4   5
Pudel1  99   3   1   1   4  29   1   1   1   1 BWL   7  36   1   5 502   0   4   3   2   1   4   3   3
Pudel1  99   3   1   1   4  29   1   1   1   1 BWL   7  37   1   4 4572   0   1   2   5   4   3   2   4
Pudel1  99   3   1   1   4  29   1   1   1   1 BWL   7  38   1   2 1693   0   4   3   1   2   5   4   5
Pudel1  99   3   1   1   4  29   1   1   1   1 BWL   7  39   1   3 593   0   2   1   4   3   1   2   3
Pudel1  99   3   1   1   4  29   1   1   1   1 BWL   7  40   1   6 1553   0   2   1   4   3   1   2   4
Pudel1  99   3   1   1   4  29   1   1   1   1 BWL   7  41   1   5 512   0   4   3   1   2   5   4   4
Pudel1  99   3   1   1   4  29   1   1   1   1 BWL   7  42   1   5 2913   0   3   1   2   5   4   3   4
Pudel1  99   3   1   1   4  29   1   1   1   1 BWL   7  43   1   2 1851   0   2   1   4   3   1   2   3
Pudel1  99   3   1   1   4  29   1   1   1   1 BWL   7  44   1   1 613   0   5   4   3   2   1   4   5
Pudel1  99   3   1   1   4  29   1   1   1   1 BWL   7  45   1   4 3623   0   2   5   4   3   2   1   5
Pudel1  99   3   1   1   4  29   1   1   1   1 BWL   7  46   1   5 492   0   3   1   2   5   4   3   3
Pudel1  99   3   1   1   4  29   1   1   1   1 BWL   7  47   1   6 502   0   2   5   4   3   2   1   3
Pudel1  99   3   1   1   4  29   1   1   1   1 BWL   7  48   1   2 1062   0   3   2   1   4   3   1   5
Pudel1  99   3   1   1   4  29   1   1   1   1 BWL   7  49   1   1 712   0   3   2   1   4   3   1   5
Pudel1  99   3   1   1   4  29   1   1   1   1 BWL   7  50   1   3 2442   0   3   2   1   4   3   1   3
Pudel1  99   3   1   1   4  29   1   1   1   1 BWL   7  51   1   1 593   0   4   3   1   2   5   4   4
Pudel1  99   3   1   1   4  29   1   1   1   1 BWL   7  52   1   6 552   0   4   3   1   2   5   4   5
Pudel1  99   3   1   1   4  29   1   1   1   1 BWL   7  53   1   1 722   0   3   1   2   5   4   3   4
Pudel1  99   3   1   1   4  29   1   1   1   1 BWL   7  54   1   6 1773   0   4   3   2   1   4   3   4
Pudel1  99   3   1   1   4  29   1   1   1   1 BWL   7  55   1   5 1073   0   5   4   3   2   1   4   4
Pudel1  99   3   1   1   4  29   1   1   1   1 BWL   7  56   1   4 763   0   1   2   5   4   3   2   3
Pudel1  99   3   1   1   4  29   1   1   1   1 BWL   7  57   1   1 1423   0   5   4   3   2   1   4   5
Pudel1  99   3   1   1   4  29   1   1   1   1 BWL   7  58   1   6 424   0   1   2   5   4   3   2   5
Pudel1  99   3   1   1   4  29   1   1   1   1 BWL   7  59   1   5 382   0   2   1   4   3   1   2   5
Pudel1  99   3   1   1   4  29   1   1   1   1 BWL   7  60   1   3 2013   0   3   2   1   4   3   1   3
Pudel1  99   3   1   1   4  29   1   1   1   1 BWL   7  61   1   2 762   0   2   5   4   3   2   1   5
Pudel1  99   3   1   1   4  29   1   1   1   1 BWL   7  62   1   5 1022   0   2   5   4   3   2   1   3
Pudel1  99   3   1   1   4  29   1   1   1   1 BWL   7  63   1   4 1162   0   1   2   5   4   3   2   5
Pudel1  99   3   1   1   4  29   1   1   1   1 BWL   7  64   1   3 393   0   2   1   4   3   1   2   3
Pudel1  99   3   1   1   4  29   1   1   1   1 BWL   7  65   1   1 762   0   2   5   4   3   2   1   4
Pudel1  99   3   1   1   4  29   1   1   1   1 BWL   7  66   1   6 1403   0   3   1   2   5   4   3   5
Pudel1  99   3   1   1   4  29   1   1   1   1 BWL   7  67   1   5 573   0   4   3   2   1   4   3   3
Pudel1  99   3   1   1   4  29   1   1   1   1 BWL   7  68   1   1 632   0   4   3   1   2   5   4   4
Pudel1  99   3   1   1   4  29   1   1   1   1 BWL   7  69   1   2 1332   0   2   5   4   3   2   1   3
Pudel1  99   3   1   1   4  29   1   1   1   1 BWL   7  70   1   3 402   0   2   1   4   3   1   2   5
Pudel1  99   3   1   1   4  29   1   1   1   1 BWL   7  71   1   6 1252   0   4   3   2   1   4   3   5
Pudel1  99   3   1   1   4  29   1   1   1   1 BWL   7  72   1   5 483   0   4   3   1   2   5   4   3
Pudel1  99   3   1   1   4  29   1   1   1   1 BWL   7  73   1   4 634   0   3   1   2   5   4   3   5
Pudel1  99   3   1   1   4  29   1   1   1   1 BWL   7  74   1   1 3213   0   5   4   3   2   1   4   4
Pudel1  99   3   1   1   4  29   1   1   1   1 BWL   7  75   1   3 1172   0   4   3   2   1   4   3   5
Pudel1  99   3   1   1   4  29   1   1   1   1 BWL   7  76   1   2 503   0   3   2   1   4   3   1   3
Pudel1  99   3   1   1   4  29   1   1   1   1 BWL   7  77   1   1 402   0   2   1   4   3   1   2   3
Pudel1  99   3   1   1   4  29   1   1   1   1 BWL   7  78   1   4 1413   0   3   2   1   4   3   1   4
Pudel1  99   3   1   1   4  29   1   1   1   1 BWL   7  79   1   2 723   0   4   3   2   1   4   3   5
Pudel1  99   3   1   1   4  29   1   1   1   1 BWL   7  80   1   4 2313   0   2   5   4   3   2   1   3
Pudel1  99   3   1   1   4  29   1   1   1   1 BWL   7  81   1   3 523   0   2   1   4   3   1   2   4
Pudel1  99   3   1   1   4  29   1   1   1   1 BWL   7  82   1   6 1052   0   4   3   1   2   5   4   4
Pudel1  99   3   1   1   4  29   1   1   1   1 BWL   7  83   1   1 493   0   4   3   2   1   4   3   5
Pudel1  99   3   1   1   4  29   1   1   1   1 BWL   7  84   1   5 962   0   4   3   1   2   5   4   3
Pudel1  99   3   1   1   4  29   1   1   1   1 BWL   7  85   1   4 663   0   2   5   4   3   2   1   4
Pudel1  99   3   1   1   4  29   1   1   1   1 BWL   7  86   1   3 612   0   4   3   2   1   4   3   4
Pudel1  99   3   1   1   4  29   1   1   1   1 BWL   7  87   1   1 1523   0   2   5   4   3   2   1   4
Pudel1  99   3   1   1   4  29   1   1   1   1 BWL   7  88   1   2 502   0   1   2   5   4   3   2   4
Pudel1  99   3   1   1   4  29   1   1   1   1 BWL   7  89   1   6 1204   0   3   2   1   4   3   1   5
Pudel1  99   3   1   1   4  29   1   1   1   1 BWL   7  90   1   5 403   0   2   1   4   3   1   2   4
Pudel1  99   3   1   1   4  29   1   1   1   1 BWL   7  91   1   4 602   0   2   1   4   3   1   2   5
Pudel1  99   3   1   1   4  29   1   1   1   1 BWL   7  92   1   3 2803   0   3   1   2   5   4   3   3
Pudel1  99   3   1   1   4  29   1   1   1   1 BWL   7  93   1   2 453   0   1   2   5   4   3   2   5
Pudel1  99   3   1   1   4  29   1   1   1   1 BWL   7  94   1   1 473   0   1   2   5   4   3   2   3
Pudel1  99   3   1   1   4  29   1   1   1   1 BWL   7  95   1   4 1452   0   3   2   1   4   3   1   3
Pudel1  99   3   1   1   4  29   1   1   1   1 BWL   7  96   1   5 493   0   3   1   2   5   4   3   4
Pudel1  99   3   1   1   4  29   1   1   1   1 BWL   7  97   1   1 1172   0   2   5   4   3   2   1   5
Pudel1  99   3   1   1   4  29   1   1   1   1 BWL   7  98   1   2 463   0   3   1   2   5   4   3   3
Pudel1  99   3   1   1   4  29   1   1   1   1 BWL   7  99   1   6 2612   0   5   4   3   2   1   4   3
Pudel1  99   3   1   1   4  29   1   1   1   1 BWL   7 100   1   5 583   0   2   1   4   3   1   2   4
Pudel1  99   3   1   1   4  29   1   1   1   1 BWL   7 101   1   6 982   0   4   3   2   1   4   3   3
Pudel1  99   3   1   1   4  29   1   1   1   1 BWL   7 102   1   4 693   0   2   1   4   3   1   2   5
Pudel1  99   3   1   1   4  29   1   1   1   1 BWL   7 103   1   2 1532   0   4   3   1   2   5   4   5
Pudel1  99   3   1   1   4  29   1   1   1   1 BWL   7 104   1   1 583   0   5   4   3   2   1   4   4
Pudel1  99   3   1   1   4  29   1   1   1   1 BWL   7 105   1   3 1323   0   4   3   1   2   5   4   5
Pudel1  99   3   1   1   4  29   1   1   1   1 BWL   7 106   1   4 493   0   3   2   1   4   3   1   4
Pudel1  99   3   1   1   4  29   1   1   1   1 BWL   7 107   1   3 693   0   2   5   4   3   2   1   5
Pudel1  99   3   1   1   4  29   1   1   1   1 BWL   7 108   1   2 403   0   4   3   2   1   4   3   4
Pudel1  99   3   1   1   4  29   1   1   1   1 BWL   7 109   1   1 922   0   1   2   5   4   3   2   5
Pudel1  99   3   1   1   4  29   1   1   1   1 BWL   7 110   1   6 413   0   5   4   3   2   1   4   4
Pudel1  99   3   1   1   4  29   1   1   1   1 BWL   7 111   1   5 3442   0   5   4   3   2   1   4   3
Pudel1  99   3   1   1   4  29   1   1   1   1 BWL   7 112   1   4 522   0   4   3   1   2   5   4   5
Pudel1  99   3   1   1   4  29   1   1   1   1 BWL   7 113   1   1 4212   0   2   1   4   3   1   2   3
Pudel1  99   3   1   1   4  29   1   1   1   1 BWL   7 114   1   2 363   0   4   3   1   2   5   4   3
Pudel1  99   3   1   1   4  29   1   1   1   1 BWL   7 115   1   5 1552   0   1   2   5   4   3   2   3
Pudel1  99   3   1   1   4  29   1   1   1   1 BWL   7 116   1   6 543   0   2   1   4   3   1   2   5
Pudel1  99   3   1   1   4  29   1   1   1   1 BWL   7 117   1   3 1173   0   5   4   3   2   1   4   3
Pudel1  99   3   1   1   4  29   1   1   1   1 BWL   7 118   1   4 423   0   3   2   1   4   3   1   5
Pudel1  99   3   1   1   4  29   1   1   1   1 BWL   7 119   1   1 1253   0   2   5   4   3   2   1   4
Pudel1  99   3   1   1   4  29   1   1   1   1 BWL   7 120   1   3 463   0   1   2   5   4   3   2   5
Pudel1  99   3   1   1   4  29   1   1   1   1 BWL   8   1   1   6 1211   0   1   2   5   4   3   2   4
Pudel1  99   3   1   1   4  29   1   1   1   1 BWL   8   2   1   5 343   0   3   1   2   5   4   3   3
Pudel1  99   3   1   1   4  29   1   1   1   1 BWL   8   3   1   1 422   0   3   1   2   5   4   3   4
Pudel1  99   3   1   1   4  29   1   1   1   1 BWL   8   4   1   2 562   0   2   5   4   3   2   1   3
Pudel1  99   3   1   1   4  29   1   1   1   1 BWL   8   5   1   3 332   0   5   4   3   2   1   4   3
Pudel1  99   3   1   1   4  29   1   1   1   1 BWL   8   6   1   5 673   0   3   2   1   4   3   1   4
Pudel1  99   3   1   1   4  29   1   1   1   1 BWL   8   7   1   6 383   0   4   3   2   1   4   3   4
Pudel1  99   3   1   1   4  29   1   1   1   1 BWL   8   8   1   5 1153   0   3   2   1   4   3   1   4
Pudel1  99   3   1   1   4  29   1   1   1   1 BWL   8   9   1   1 392   0   5   4   3   2   1   4   4
Pudel1  99   3   1   1   4  29   1   1   1   1 BWL   8  10   1   5 582   0   3   1   2   5   4   3   4
Pudel1  99   3   1   1   4  29   1   1   1   1 BWL   8  11   1   4 632   0   1   2   5   4   3   2   3
Pudel1  99   3   1   1   4  29   1   1   1   1 BWL   8  12   1   3 372   0   3   2   1   4   3   1   4
Pudel1  99   3   1   1   4  29   1   1   1   1 BWL   8  13   1   6 743   0   1   2   5   4   3   2   4
Pudel1  99   3   1   1   4  29   1   1   1   1 BWL   8  14   1   5 332   0   4   3   2   1   4   3   3
Pudel1  99   3   1   1   4  29   1   1   1   1 BWL   8  15   1   1 422   0   2   1   4   3   1   2   4
Pudel1  99   3   1   1   4  29   1   1   1   1 BWL   8  16   1   2 342   0   3   2   1   4   3   1   3
Pudel1  99   3   1   1   4  29   1   1   1   1 BWL   8  17   1   1 2252   0   4   3   1   2   5   4   3
Pudel1  99   3   1   1   4  29   1   1   1   1 BWL   8  18   1   6 293   0   4   3   2   1   4   3   3
Pudel1  99   3   1   1   4  29   1   1   1   1 BWL   8  19   1   3 662   0   5   4   3   2   1   4   5
Pudel1  99   3   1   1   4  29   1   1   1   1 BWL   8  20   1   5 342   0   2   5   4   3   2   1   4
Pudel1  99   3   1   1   4  29   1   1   1   1 BWL   8  21   1   4 422   0   4   3   1   2   5   4   4
Pudel1  99   3   1   1   4  29   1   1   1   1 BWL   8  22   1   5 1143   0   1   2   5   4   3   2   4
Pudel1  99   3   1   1   4  29   1   1   1   1 BWL   8  23   1   6 543   0   3   1   2   5   4   3   3
Pudel1  99   3   1   1   4  29   1   1   1   1 BWL   8  24   1   1 532   0   1   2   5   4   3   2   3
Pudel1  99   3   1   1   4  29   1   1   1   1 BWL   8  25   1   2 292   0   5   4   3   2   1   4   3
Pudel1  99   3   1   1   4  29   1   1   1   1 BWL   8  26   1   6 743   0   4   3   1   2   5   4   3
Pudel1  99   3   1   1   4  29   1   1   1   1 BWL   8  27   1   5 333   0   3   1   2   5   4   3   5
Pudel1  99   3   1   1   4  29   1   1   1   1 BWL   8  28   1   4 262   0   5   4   3   2   1   4   5
Pudel1  99   3   1   1   4  29   1   1   1   1 BWL   8  29   1   4 1252   0   2   5   4   3   2   1   5
Pudel1  99   3   1   1   4  29   1   1   1   1 BWL   8  30   1   3 881   0   4   3   2   1   4   3   4
Pudel1  99   3   1   1   4  29   1   1   1   1 BWL   8  31   1   2 342   0   4   3   2   1   4   3   5
Pudel1  99   3   1   1   4  29   1   1   1   1 BWL   8  32   1   6 1382   0   3   1   2   5   4   3   5
Pudel1  99   3   1   1   4  29   1   1   1   1 BWL   8  33   1   5 542   0   3   1   2   5   4   3   5
Pudel1  99   3   1   1   4  29   1   1   1   1 BWL   8  34   1   1 842   0   3   2   1   4   3   1   5
Pudel1  99   3   1   1   4  29   1   1   1   1 BWL   8  35   1   2 292   0   5   4   3   2   1   4   5
Pudel1  99   3   1   1   4  29   1   1   1   1 BWL   8  36   1   3 842   0   4   3   2   1   4   3   3
Pudel1  99   3   1   1   4  29   1   1   1   1 BWL   8  37   1   4 273   0   1   2   5   4   3   2   4
Pudel1  99   3   1   1   4  29   1   1   1   1 BWL   8  38   1   3 762   0   4   3   1   2   5   4   5
Pudel1  99   3   1   1   4  29   1   1   1   1 BWL   8  39   1   1 333   0   2   1   4   3   1   2   3
Pudel1  99   3   1   1   4  29   1   1   1   1 BWL   8  40   1   5 1413   0   2   1   4   3   1   2   4
Pudel1  99   3   1   1   4  29   1   1   1   1 BWL   8  41   1   6 323   0   4   3   1   2   5   4   4
Pudel1  99   3   1   1   4  29   1   1   1   1 BWL   8  42   1   5 482   0   3   1   2   5   4   3   4
Pudel1  99   3   1   1   4  29   1   1   1   1 BWL   8  43   1   4 312   0   2   1   4   3   1   2   3
Pudel1  99   3   1   1   4  29   1   1   1   1 BWL   8  44   1   3 332   0   5   4   3   2   1   4   5
Pudel1  99   3   1   1   4  29   1   1   1   1 BWL   8  45   1   1 1052   0   2   5   4   3   2   1   5
Pudel1  99   3   1   1   4  29   1   1   1   1 BWL   8  46   1   5 443   0   3   1   2   5   4   3   3
Pudel1  99   3   1   1   4  29   1   1   1   1 BWL   8  47   1   6 362   0   2   5   4   3   2   1   3
Pudel1  99   3   1   1   4  29   1   1   1   1 BWL   8  48   1   5 612   0   3   2   1   4   3   1   5
Pudel1  99   3   1   1   4  29   1   1   1   1 BWL   8  49   1   3 972   0   3   2   1   4   3   1   5
Pudel1  99   3   1   1   4  29   1   1   1   1 BWL   8  50   1   2 362   0   3   2   1   4   3   1   3
Pudel1  99   3   1   1   4  29   1   1   1   1 BWL   8  51   1   1 723   0   4   3   1   2   5   4   4
Pudel1  99   3   1   1   4  29   1   1   1   1 BWL   8  52   1   2 2042   0   4   3   1   2   5   4   5
Pudel1  99   3   1   1   4  29   1   1   1   1 BWL   8  53   1   6 982   0   3   1   2   5   4   3   4
Pudel1  99   3   1   1   4  29   1   1   1   1 BWL   8  54   1   5 343   0   4   3   2   1   4   3   4
Pudel1  99   3   1   1   4  29   1   1   1   1 BWL   8  55   1   1 1452   0   5   4   3   2   1   4   4
Pudel1  99   3   1   1   4  29   1   1   1   1 BWL   8  56   1   6 463   0   1   2   5   4   3   2   3
Pudel1  99   3   1   1   4  29   1   1   1   1 BWL   8  57   1   2 752   0   5   4   3   2   1   4   5
Pudel1  99   3   1   1   4  29   1   1   1   1 BWL   8  58   1   5 333   0   1   2   5   4   3   2   5
Pudel1  99   3   1   1   4  29   1   1   1   1 BWL   8  59   1   3 1222   0   2   1   4   3   1   2   5
Pudel1  99   3   1   1   4  29   1   1   1   1 BWL   8  60   1   6 383   0   3   2   1   4   3   1   3
Pudel1  99   3   1   1   4  29   1   1   1   1 BWL   8  61   1   4 862   0   2   5   4   3   2   1   5
Pudel1  99   3   1   1   4  29   1   1   1   1 BWL   8  62   1   1 723   0   2   5   4   3   2   1   3
Pudel1  99   3   1   1   4  29   1   1   1   1 BWL   8  63   1   2 953   0   1   2   5   4   3   2   5
Pudel1  99   3   1   1   4  29   1   1   1   1 BWL   8  64   1   5 334   0   2   1   4   3   1   2   3
Pudel1  99   3   1   1   4  29   1   1   1   1 BWL   8  65   1   4 422   0   2   5   4   3   2   1   4
Pudel1  99   3   1   1   4  29   1   1   1   1 BWL   8  66   1   3 302   0   3   1   2   5   4   3   5
Pudel1  99   3   1   1   4  29   1   1   1   1 BWL   8  67   1   1 372   0   4   3   2   1   4   3   3
Pudel1  99   3   1   1   4  29   1   1   1   1 BWL   8  68   1   2 392   0   4   3   1   2   5   4   4
Pudel1  99   3   1   1   4  29   1   1   1   1 BWL   8  69   1   6 382   0   2   5   4   3   2   1   3
Pudel1  99   3   1   1   4  29   1   1   1   1 BWL   8  70   1   5 563   0   2   1   4   3   1   2   5
Pudel1  99   3   1   1   4  29   1   1   1   1 BWL   8  71   1   4 273   0   4   3   2   1   4   3   5
Pudel1  99   3   1   1   4  29   1   1   1   1 BWL   8  72   1   2 872   0   4   3   1   2   5   4   3
Pudel1  99   3   1   1   4  29   1   1   1   1 BWL   8  73   1   1 463   0   3   1   2   5   4   3   5
Pudel1  99   3   1   1   4  29   1   1   1   1 BWL   8  74   1   5 2143   0   5   4   3   2   1   4   4
Pudel1  99   3   1   1   4  29   1   1   1   1 BWL   8  75   1   6 362   0   4   3   2   1   4   3   5
Pudel1  99   3   1   1   4  29   1   1   1   1 BWL   8  76   1   5 402   0   3   2   1   4   3   1   3
Pudel1  99   3   1   1   4  29   1   1   1   1 BWL   8  77   1   2 452   0   2   1   4   3   1   2   3
Pudel1  99   3   1   1   4  29   1   1   1   1 BWL   8  78   1   3 403   0   3   2   1   4   3   1   4
Pudel1  99   3   1   1   4  29   1   1   1   1 BWL   8  79   1   4 582   0   4   3   2   1   4   3   5
Pudel1  99   3   1   1   4  29   1   1   1   1 BWL   8  80   1   5 592   0   2   5   4   3   2   1   3
Pudel1  99   3   1   1   4  29   1   1   1   1 BWL   8  81   1   6 312   0   2   1   4   3   1   2   4
Pudel1  99   3   1   1   4  29   1   1   1   1 BWL   8  82   1   1 843   0   4   3   1   2   5   4   4
Pudel1  99   3   1   1   4  29   1   1   1   1 BWL   8  83   1   2 303   0   4   3   2   1   4   3   5
Pudel1  99   3   1   1   4  29   1   1   1   1 BWL   8  84   1   1 1162   0   4   3   1   2   5   4   3
Pudel1  99   3   1   1   4  29   1   1   1   1 BWL   8  85   1   6 913   0   2   5   4   3   2   1   4
Pudel1  99   3   1   1   4  29   1   1   1   1 BWL   8  86   1   1 723   0   4   3   2   1   4   3   4
Pudel1  99   3   1   1   4  29   1   1   1   1 BWL   8  87   1   6 522   0   2   5   4   3   2   1   4
Pudel1  99   3   1   1   4  29   1   1   1   1 BWL   8  88   1   5 392   0   1   2   5   4   3   2   4
Pudel1  99   3   1   1   4  29   1   1   1   1 BWL   8  89   1   3 742   0   3   2   1   4   3   1   5
Pudel1  99   3   1   1   4  29   1   1   1   1 BWL   8  90   1   5 712   0   2   1   4   3   1   2   4
Pudel1  99   3   1   1   4  29   1   1   1   1 BWL   8  91   1   4 893   0   2   1   4   3   1   2   5
Pudel1  99   3   1   1   4  29   1   1   1   1 BWL   8  92   1   3 433   0   3   1   2   5   4   3   3
Pudel1  99   3   1   1   4  29   1   1   1   1 BWL   8  93   1   1 683   0   1   2   5   4   3   2   5
Pudel1  99   3   1   1   4  29   1   1   1   1 BWL   8  94   1   5 1182   0   1   2   5   4   3   2   3
Pudel1  99   3   1   1   4  29   1   1   1   1 BWL   8  95   1   4 373   0   3   2   1   4   3   1   3
Pudel1  99   3   1   1   4  29   1   1   1   1 BWL   8  96   1   3 492   0   3   1   2   5   4   3   4
Pudel1  99   3   1   1   4  29   1   1   1   1 BWL   8  97   1   6 462   0   2   5   4   3   2   1   5
Pudel1  99   3   1   1   4  29   1   1   1   1 BWL   8  98   1   1 882   0   3   1   2   5   4   3   3
Pudel1  99   3   1   1   4  29   1   1   1   1 BWL   8  99   1   2 303   0   5   4   3   2   1   4   3
Pudel1  99   3   1   1   4  29   1   1   1   1 BWL   8 100   1   3 452   0   2   1   4   3   1   2   4
Pudel1  99   3   1   1   4  29   1   1   1   1 BWL   8 101   1   5 762   0   4   3   2   1   4   3   3
Pudel1  99   3   1   1   4  29   1   1   1   1 BWL   8 102   1   6 423   0   2   1   4   3   1   2   5
Pudel1  99   3   1   1   4  29   1   1   1   1 BWL   8 103   1   5 722   0   4   3   1   2   5   4   5
Pudel1  99   3   1   1   4  29   1   1   1   1 BWL   8 104   1   4 313   0   5   4   3   2   1   4   4
Pudel1  99   3   1   1   4  29   1   1   1   1 BWL   8 105   1   1 542   0   4   3   1   2   5   4   5
Pudel1  99   3   1   1   4  29   1   1   1   1 BWL   8 106   1   2 643   0   3   2   1   4   3   1   4
Pudel1  99   3   1   1   4  29   1   1   1   1 BWL   8 107   1   3 362   0   2   5   4   3   2   1   5
Pudel1  99   3   1   1   4  29   1   1   1   1 BWL   8 108   1   6 782   0   4   3   2   1   4   3   4
Pudel1  99   3   1   1   4  29   1   1   1   1 BWL   8 109   1   5 522   0   1   2   5   4   3   2   5
Pudel1  99   3   1   1   4  29   1   1   1   1 BWL   8 110   1   1 562   0   5   4   3   2   1   4   4
Pudel1  99   3   1   1   4  29   1   1   1   1 BWL   8 111   1   2 372   0   5   4   3   2   1   4   3
Pudel1  99   3   1   1   4  29   1   1   1   1 BWL   8 112   1   3 272   0   4   3   1   2   5   4   5
Pudel1  99   3   1   1   4  29   1   1   1   1 BWL   8 113   1   6 472   0   2   1   4   3   1   2   3
Pudel1  99   3   1   1   4  29   1   1   1   1 BWL   8 114   1   5 652   0   4   3   1   2   5   4   3
Pudel1  99   3   1   1   4  29   1   1   1   1 BWL   8 115   1   4 522   0   1   2   5   4   3   2   3
Pudel1  99   3   1   1   4  29   1   1   1   1 BWL   8 116   1   1 562   0   2   1   4   3   1   2   5
Pudel1  99   3   1   1   4  29   1   1   1   1 BWL   8 117   1   2 363   0   5   4   3   2   1   4   3
Pudel1  99   3   1   1   4  29   1   1   1   1 BWL   8 118   1   3 292   0   3   2   1   4   3   1   5
Pudel1  99   3   1   1   4  29   1   1   1   1 BWL   8 119   1   6 1712   0   2   5   4   3   2   1   4
Pudel1  99   3   1   1   4  29   1   1   1   1 BWL   8 120   1   1 1282   0   1   2   5   4   3   2   5
